0 0.6813725490196079 0.7757352941176471 0.022875816993464054 0.022058823529411763
0 0.6968954248366013 0.7849264705882353 0.01797385620915033 0.020833333333333332
0 0.7140522875816994 0.7830882352941176 0.022875816993464054 0.0196078431372549
0 0.7222222222222222 0.8033088235294118 0.016339869281045753 0.020833333333333332
0 0.7344771241830066 0.8204656862745098 0.021241830065359478 0.015931372549019607
0 0.744281045751634 0.7947303921568627 0.021241830065359478 0.020833333333333332
0 0.7279411764705882 0.772671568627451 0.01797385620915033 0.015931372549019607
0 0.7426470588235294 0.7659313725490196 0.024509803921568627 0.02696078431372549
0 0.7083333333333334 0.7640931372549019 0.01797385620915033 0.020833333333333332
0 0.6911764705882353 0.7591911764705882 0.0196078431372549 0.025735294117647058
0 0.7066993464052288 0.8033088235294118 0.01797385620915033 0.020833333333333332
