0 0.5996732026143791 0.2028186274509804 0.026143790849673203 0.023284313725490197
0 0.673202614379085 0.8535539215686274 0.0196078431372549 0.03308823529411765
0 0.6421568627450981 0.9816176470588235 0.042483660130718956 0.03676470588235294
0 0.9354575163398693 0.6145833333333334 0.024509803921568627 0.03799019607843137
0 0.9068627450980392 0.6072303921568627 0.0196078431372549 0.028186274509803922
0 0.9109477124183006 0.6268382352941176 0.014705882352941176 0.013480392156862746
0 0.9117647058823529 0.7965686274509803 0.029411764705882353 0.012254901960784314
0 0.9297385620915033 0.7732843137254902 0.029411764705882353 0.024509803921568627
0 0.9338235294117647 0.8314950980392157 0.024509803921568627 0.020833333333333332
0 0.9084967320261438 0.8449754901960784 0.042483660130718956 0.030637254901960783
0 0.9330065359477124 0.9197303921568627 0.029411764705882353 0.030637254901960783
0 0.9575163398692811 0.9411764705882353 0.032679738562091505 0.02696078431372549
0 0.6911764705882353 0.6666666666666666 0.0196078431372549 0.02696078431372549
0 0.6805555555555556 0.6905637254901961 0.01797385620915033 0.025735294117647058
0 0.630718954248366 0.6495098039215687 0.03594771241830066 0.024509803921568627
0 0.6511437908496732 0.6899509803921569 0.02777777777777778 0.03676470588235294
0 0.6315359477124183 0.7150735294117647 0.03758169934640523 0.03553921568627451
0 0.6258169934640523 0.7524509803921569 0.032679738562091505 0.024509803921568627
0 0.6748366013071896 0.7218137254901961 0.022875816993464054 0.014705882352941176
0 0.6650326797385621 0.7365196078431372 0.013071895424836602 0.01715686274509804
0 0.678921568627451 0.7395833333333334 0.01797385620915033 0.023284313725490197
0 0.6683006535947713 0.7579656862745098 0.026143790849673203 0.020833333333333332
0 0.9738562091503268 0.7530637254901961 0.049019607843137254 0.025735294117647058
0 0.9199346405228759 0.4111519607843137 0.026143790849673203 0.023284313725490197
0 0.6274509803921569 0.6678921568627451 0.032679738562091505 0.014705882352941176
0 0.6527777777777778 0.6660539215686274 0.01797385620915033 0.013480392156862746
0 0.9330065359477124 0.6556372549019608 0.032679738562091505 0.01715686274509804
0 0.9395424836601307 0.664828431372549 0.026143790849673203 0.015931372549019607
