0 0.8071895424836601 0.5557598039215687 0.029411764705882353 0.03308823529411765
0 0.8145424836601307 0.6948529411764706 0.021241830065359478 0.022058823529411763
0 0.8014705882352942 0.7077205882352942 0.024509803921568627 0.01838235294117647
0 0.8145424836601307 0.7555147058823529 0.03758169934640523 0.03799019607843137
0 0.6454248366013072 0.32598039215686275 0.0196078431372549 0.014705882352941176
0 0.8178104575163399 0.29840686274509803 0.014705882352941176 0.00857843137254902
0 0.8194444444444444 0.3112745098039216 0.01797385620915033 0.014705882352941176
0 0.803921568627451 0.3137254901960784 0.016339869281045753 0.01715686274509804
0 0.7916666666666667 0.3051470588235294 0.01797385620915033 0.022058823529411763
0 0.8006535947712419 0.33026960784313725 0.029411764705882353 0.01838235294117647
0 0.7728758169934641 0.3290441176470588 0.03594771241830066 0.03553921568627451
0 0.7810457516339869 0.3596813725490196 0.013071895424836602 0.01838235294117647
