0 0.7679738562091504 0.571078431372549 0.06209150326797386 0.041666666666666664
0 0.8202614379084967 0.8737745098039216 0.026143790849673203 0.031862745098039214
0 0.7949346405228759 0.8841911764705882 0.03431372549019608 0.028186274509803922
0 0.7573529411764706 0.8903186274509803 0.04084967320261438 0.023284313725490197
0 0.7630718954248367 0.9129901960784313 0.03594771241830066 0.024509803921568627
0 0.375 0.9111519607843137 0.04084967320261438 0.030637254901960783
0 0.3790849673202614 0.9424019607843137 0.032679738562091505 0.031862745098039214
0 0.40604575163398693 0.9503676470588235 0.02777777777777778 0.030637254901960783
0 0.3496732026143791 0.9558823529411764 0.032679738562091505 0.031862745098039214
0 0.3276143790849673 0.9883578431372549 0.024509803921568627 0.023284313725490197
0 0.3480392156862745 0.9865196078431372 0.0196078431372549 0.02696078431372549
0 0.3709150326797386 0.9810049019607843 0.029411764705882353 0.030637254901960783
0 0.40522875816993464 0.9803921568627451 0.029411764705882353 0.031862745098039214
0 0.43137254901960786 0.9926470588235294 0.04575163398692811 0.012254901960784314
0 0.7450980392156863 0.33088235294117646 0.026143790849673203 0.024509803921568627
