0 0.8954248366013072 0.21629901960784315 0.0196078431372549 0.015931372549019607
0 0.9011437908496732 0.23345588235294118 0.014705882352941176 0.01838235294117647
0 0.8905228758169935 0.2469362745098039 0.0196078431372549 0.015931372549019607
0 0.9084967320261438 0.2555147058823529 0.029411764705882353 0.023284313725490197
0 0.8839869281045752 0.2689950980392157 0.013071895424836602 0.015931372549019607
0 0.8962418300653595 0.2775735294117647 0.01797385620915033 0.015931372549019607
0 0.9183006535947713 0.28125 0.029411764705882353 0.023284313725490197
0 0.8676470588235294 0.2855392156862745 0.029411764705882353 0.022058823529411763
0 0.8709150326797386 0.29901960784313725 0.013071895424836602 0.0196078431372549
0 0.8937908496732027 0.3075980392156863 0.0392156862745098 0.03676470588235294
0 0.8839869281045752 0.3370098039215686 0.026143790849673203 0.0196078431372549
0 0.9101307189542484 0.3363970588235294 0.026143790849673203 0.020833333333333332
0 0.8856209150326798 0.35661764705882354 0.03594771241830066 0.024509803921568627
0 0.9068627450980392 0.3756127450980392 0.026143790849673203 0.01838235294117647
0 0.7745098039215687 0.8615196078431372 0.022875816993464054 0.024509803921568627
