0 0.571078431372549 0.6390931372549019 0.02777777777777778 0.025735294117647058
0 0.7696078431372549 0.6813725490196079 0.022875816993464054 0.02696078431372549
0 0.792483660130719 0.6899509803921569 0.029411764705882353 0.02696078431372549
0 0.8186274509803921 0.7169117647058824 0.022875816993464054 0.03431372549019608
0 0.8145424836601307 0.7450980392156863 0.014705882352941176 0.022058823529411763
0 0.7949346405228759 0.7328431372549019 0.01797385620915033 0.014705882352941176
0 0.7949346405228759 0.7524509803921569 0.01797385620915033 0.0196078431372549
0 0.7941176470588236 0.7162990196078431 0.026143790849673203 0.020833333333333332
0 0.7745098039215687 0.7113970588235294 0.022875816993464054 0.020833333333333332
0 0.7712418300653595 0.7389705882352942 0.026143790849673203 0.022058823529411763
0 0.755718954248366 0.7009803921568627 0.024509803921568627 0.024509803921568627
0 0.7532679738562091 0.7254901960784313 0.016339869281045753 0.022058823529411763
0 0.7361111111111112 0.7162990196078431 0.024509803921568627 0.025735294117647058
0 0.7312091503267975 0.7634803921568627 0.03431372549019608 0.03676470588235294
0 0.7565359477124183 0.7524509803921569 0.026143790849673203 0.024509803921568627
0 0.7687908496732027 0.7843137254901961 0.04738562091503268 0.044117647058823525
0 0.7998366013071896 0.7941176470588235 0.024509803921568627 0.024509803921568627
0 0.7990196078431373 0.8235294117647058 0.032679738562091505 0.03431372549019608
0 0.8366013071895425 0.7843137254901961 0.032679738562091505 0.03431372549019608
0 0.6454248366013072 0.8480392156862745 0.03594771241830066 0.01715686274509804
