0 0.5784313725490197 0.31004901960784315 0.029411764705882353 0.041666666666666664
0 0.5890522875816994 0.34375 0.02777777777777778 0.030637254901960783
0 0.6004901960784313 0.36090686274509803 0.024509803921568627 0.028186274509803922
0 0.809640522875817 0.579656862745098 0.02777777777777778 0.03431372549019608
0 0.7859477124183006 0.6096813725490196 0.026143790849673203 0.030637254901960783
0 0.5490196078431373 0.7230392156862745 0.049019607843137254 0.044117647058823525
0 0.5147058823529412 0.8118872549019608 0.0392156862745098 0.03799019607843137
0 0.5400326797385621 0.8302696078431372 0.02777777777777778 0.028186274509803922
0 0.5163398692810458 0.8419117647058824 0.026143790849673203 0.0196078431372549
0 0.5032679738562091 0.8511029411764706 0.022875816993464054 0.023284313725490197
0 0.5408496732026143 0.8578431372549019 0.016339869281045753 0.01715686274509804
0 0.5163398692810458 0.8707107843137255 0.026143790849673203 0.028186274509803922
0 0.5285947712418301 0.9001225490196079 0.03431372549019608 0.03553921568627451
0 0.7818627450980392 0.6329656862745098 0.03104575163398693 0.030637254901960783
0 0.8643790849673203 0.414828431372549 0.0196078431372549 0.011029411764705881
0 0.8553921568627452 0.4387254901960784 0.024509803921568627 0.014705882352941176
0 0.9509803921568628 0.34375 0.022875816993464054 0.015931372549019607
