0 0.5285947712418301 0.10661764705882353 0.021241830065359478 0.014705882352941176
0 0.49754901960784315 0.12377450980392157 0.01797385620915033 0.022058823529411763
0 0.5367647058823529 0.12990196078431374 0.05392156862745098 0.02696078431372549
0 0.5212418300653595 0.15196078431372548 0.0196078431372549 0.022058823529411763
0 0.5351307189542484 0.1488970588235294 0.01797385620915033 0.015931372549019607
0 0.5555555555555556 0.16237745098039216 0.016339869281045753 0.023284313725490197
0 0.5106209150326797 0.17463235294117646 0.03104575163398693 0.01838235294117647
0 0.5359477124183006 0.17034313725490197 0.00980392156862745 0.0196078431372549
0 0.5196078431372549 0.1881127450980392 0.0196078431372549 0.015931372549019607
0 0.6372549019607844 0.5759803921568627 0.022875816993464054 0.024509803921568627
0 0.5898692810457516 0.5753676470588235 0.026143790849673203 0.015931372549019607
0 0.2818627450980392 0.7549019607843137 0.04738562091503268 0.03676470588235294
0 0.4746732026143791 0.977328431372549 0.02777777777777778 0.023284313725490197
0 0.49183006535947715 0.9528186274509803 0.016339869281045753 0.01838235294117647
0 0.49836601307189543 0.9705882352941176 0.029411764705882353 0.012254901960784314
0 0.5147058823529412 0.5410539215686274 0.022875816993464054 0.013480392156862746
0 0.2908496732026144 0.6305147058823529 0.022875816993464054 0.020833333333333332
0 0.27369281045751637 0.7340686274509803 0.01797385620915033 0.01715686274509804
