0 0.34558823529411764 0.2849264705882353 0.04084967320261438 0.025735294117647058
0 0.30718954248366015 0.3694852941176471 0.03594771241830066 0.023284313725490197
0 0.5849673202614379 0.07536764705882353 0.029411764705882353 0.025735294117647058
0 0.17892156862745098 0.025122549019607844 0.03104575163398693 0.020833333333333332
0 0.9428104575163399 0.7837009803921569 0.032679738562091505 0.030637254901960783
0 0.9452614379084968 0.8633578431372549 0.04411764705882353 0.028186274509803922
0 0.6372549019607844 0.892156862745098 0.016339869281045753 0.01715686274509804
0 0.6560457516339869 0.8933823529411764 0.014705882352941176 0.01715686274509804
0 0.6446078431372549 0.9129901960784313 0.021241830065359478 0.01715686274509804
0 0.10049019607843138 0.985906862745098 0.024509803921568627 0.015931372549019607
