0 0.7483660130718954 0.03676470588235294 0.022875816993464054 0.024509803921568627
0 0.8366013071895425 0.06004901960784314 0.022875816993464054 0.029411764705882353
0 0.8227124183006537 0.08517156862745098 0.02777777777777778 0.028186274509803922
0 0.8586601307189543 0.0778186274509804 0.03104575163398693 0.030637254901960783
0 0.8537581699346406 0.10723039215686274 0.03431372549019608 0.03553921568627451
0 0.8137254901960784 0.11764705882352941 0.032679738562091505 0.03431372549019608
0 0.8472222222222222 0.13419117647058823 0.04084967320261438 0.025735294117647058
0 0.8259803921568628 0.15870098039215685 0.02777777777777778 0.030637254901960783
0 0.8676470588235294 0.15441176470588236 0.029411764705882353 0.03676470588235294
0 0.8668300653594772 0.18995098039215685 0.021241830065359478 0.02696078431372549
0 0.8464052287581699 0.15808823529411764 0.016339869281045753 0.024509803921568627
0 0.8406862745098039 0.18504901960784315 0.024509803921568627 0.031862745098039214
0 0.8284313725490197 0.20526960784313725 0.026143790849673203 0.028186274509803922
0 0.8553921568627452 0.2150735294117647 0.03104575163398693 0.025735294117647058
0 0.852124183006536 0.2549019607843137 0.05392156862745098 0.044117647058823525
0 0.8137254901960784 0.3069852941176471 0.029411764705882353 0.025735294117647058
0 0.8374183006535948 0.3425245098039216 0.03758169934640523 0.028186274509803922
0 0.8741830065359477 0.3737745098039216 0.03594771241830066 0.03676470588235294
0 0.8627450980392157 0.40012254901960786 0.032679738562091505 0.03799019607843137
0 0.8447712418300654 0.41973039215686275 0.022875816993464054 0.030637254901960783
0 0.8611111111111112 0.4325980392156863 0.026143790849673203 0.029411764705882353
0 0.8504901960784313 0.4540441176470588 0.024509803921568627 0.023284313725490197
