0 0.5375816993464052 0.10049019607843138 0.04575163398692811 0.02696078431372549
0 0.5915032679738562 0.10416666666666667 0.022875816993464054 0.022058823529411763
0 0.6429738562091504 0.1917892156862745 0.04084967320261438 0.03308823529411765
0 0.6772875816993464 0.2113970588235294 0.03758169934640523 0.0428921568627451
0 0.9215686274509804 0.12683823529411764 0.03594771241830066 0.04044117647058824
0 0.9223856209150327 0.1605392156862745 0.021241830065359478 0.024509803921568627
0 0.8774509803921569 0.02144607843137255 0.032679738562091505 0.04044117647058824
0 0.9035947712418301 0.023284313725490197 0.029411764705882353 0.041666666666666664
0 0.9411764705882353 0.0196078431372549 0.022875816993464054 0.031862745098039214
0 0.6576797385620915 0.43137254901960786 0.024509803921568627 0.024509803921568627
0 0.9183006535947713 0.7953431372549019 0.029411764705882353 0.0392156862745098
0 0.8357843137254902 0.8792892156862745 0.057189542483660136 0.05514705882352941
0 0.9338235294117647 0.9693627450980392 0.02777777777777778 0.029411764705882353
0 0.9624183006535948 0.9662990196078431 0.022875816993464054 0.028186274509803922
0 0.9003267973856209 0.5147058823529411 0.03594771241830066 0.03431372549019608
0 0.803921568627451 0.6060049019607843 0.05228758169934641 0.05514705882352941
0 0.6478758169934641 0.006740196078431373 0.03104575163398693 0.011029411764705881
