0 0.5604575163398693 0.044730392156862746 0.0392156862745098 0.0428921568627451
0 0.5334967320261438 0.0741421568627451 0.01797385620915033 0.01838235294117647
0 0.513888888888889 0.09129901960784313 0.021241830065359478 0.023284313725490197
0 0.5318627450980392 0.09252450980392157 0.01797385620915033 0.023284313725490197
0 0.9035947712418301 0.10232843137254902 0.0196078431372549 0.01838235294117647
0 0.9240196078431373 0.09926470588235294 0.01797385620915033 0.022058823529411763
0 0.9084967320261438 0.5686274509803921 0.029411764705882353 0.031862745098039214
0 0.9395424836601307 0.5863970588235294 0.0196078431372549 0.023284313725490197
0 0.5547385620915033 0.6072303921568627 0.021241830065359478 0.025735294117647058
0 0.704248366013072 0.8008578431372549 0.026143790849673203 0.03799019607843137
0 0.6699346405228759 0.9607843137254902 0.016339869281045753 0.024509803921568627
0 0.9754901960784313 0.9791666666666666 0.022875816993464054 0.022058823529411763
0 0.36683006535947715 0.9877450980392156 0.02777777777777778 0.01715686274509804
0 0.7761437908496732 0.7640931372549019 0.026143790849673203 0.023284313725490197
