0 0.852124183006536 0.8272058823529411 0.03758169934640523 0.03676470588235294
0 0.9158496732026145 0.5036764705882353 0.03104575163398693 0.029411764705882353
0 0.8962418300653595 0.3486519607843137 0.014705882352941176 0.013480392156862746
0 0.9354575163398693 0.3560049019607843 0.01797385620915033 0.015931372549019607
0 0.934640522875817 0.33762254901960786 0.013071895424836602 0.013480392156862746
0 0.9150326797385622 0.3425245098039216 0.022875816993464054 0.023284313725490197
0 0.9035947712418301 0.37254901960784315 0.022875816993464054 0.03676470588235294
0 0.9264705882352942 0.3829656862745098 0.026143790849673203 0.03799019607843137
0 0.8954248366013072 0.38909313725490197 0.013071895424836602 0.015931372549019607
0 0.9109477124183006 0.41237745098039214 0.014705882352941176 0.025735294117647058
0 0.9223856209150327 0.31924019607843135 0.01797385620915033 0.015931372549019607
