0 0.36683006535947715 0.1488970588235294 0.04738562091503268 0.03799019607843137
0 0.42401960784313725 0.06433823529411764 0.03431372549019608 0.020833333333333332
0 0.37990196078431376 0.07536764705882353 0.03104575163398693 0.023284313725490197
0 0.3112745098039216 0.05330882352941176 0.03431372549019608 0.020833333333333332
0 0.35947712418300654 0.04595588235294117 0.0196078431372549 0.01838235294117647
0 0.3382352941176471 0.03370098039215686 0.016339869281045753 0.025735294117647058
0 0.3186274509803922 0.025122549019607844 0.0196078431372549 0.020833333333333332
0 0.32189542483660133 0.006740196078431373 0.026143790849673203 0.011029411764705881
0 0.34558823529411764 0.013480392156862746 0.01797385620915033 0.022058823529411763
0 0.3839869281045752 0.024509803921568627 0.03594771241830066 0.044117647058823525
0 0.411764705882353 0.01715686274509804 0.022875816993464054 0.029411764705882353
0 0.4428104575163399 0.020833333333333332 0.029411764705882353 0.029411764705882353
0 0.43709150326797386 0.00428921568627451 0.03104575163398693 0.006127450980392157
