0 0.7352941176470589 0.46568627450980393 0.016339869281045753 0.014705882352941176
0 0.7295751633986929 0.4767156862745098 0.011437908496732027 0.012254901960784314
0 0.7001633986928105 0.47487745098039214 0.014705882352941176 0.01838235294117647
0 0.7099673202614379 0.49203431372549017 0.01797385620915033 0.015931372549019607
0 0.6887254901960784 0.4889705882352941 0.011437908496732027 0.012254901960784314
0 0.6968954248366013 0.5049019607843137 0.014705882352941176 0.014705882352941176
0 0.7369281045751634 0.5018382352941176 0.022875816993464054 0.04044117647058824
0 0.9779411764705883 0.7297794117647058 0.021241830065359478 0.025735294117647058
0 0.6911764705882353 0.8357843137254902 0.022875816993464054 0.024509803921568627
0 0.7075163398692811 0.8492647058823529 0.0196078431372549 0.01715686274509804
0 0.6666666666666667 0.8492647058823529 0.022875816993464054 0.0196078431372549
0 0.6781045751633987 0.8707107843137255 0.022875816993464054 0.023284313725490197
0 0.6952614379084967 0.8627450980392157 0.02777777777777778 0.01715686274509804
0 0.7034313725490197 0.8780637254901961 0.02777777777777778 0.013480392156862746
0 0.6805555555555556 0.8939950980392156 0.03431372549019608 0.028186274509803922
0 0.7165032679738562 0.9044117647058824 0.024509803921568627 0.022058823529411763
0 0.7017973856209151 0.9166666666666666 0.021241830065359478 0.022058823529411763
0 0.678921568627451 0.9160539215686274 0.03104575163398693 0.01838235294117647
0 0.690359477124183 0.9283088235294118 0.024509803921568627 0.013480392156862746
0 0.6830065359477124 0.9417892156862745 0.0196078431372549 0.01838235294117647
0 0.6993464052287582 0.9534313725490196 0.022875816993464054 0.0196078431372549
0 0.6830065359477124 0.9669117647058824 0.032679738562091505 0.014705882352941176
0 0.6683006535947713 0.9816176470588235 0.032679738562091505 0.0196078431372549
0 0.7140522875816994 0.4564950980392157 0.016339869281045753 0.01838235294117647
0 0.7197712418300654 0.46691176470588236 0.014705882352941176 0.01715686274509804
0 0.7214052287581699 0.5208333333333334 0.021241830065359478 0.014705882352941176
0 0.7075163398692811 0.5337009803921569 0.013071895424836602 0.01838235294117647
