0 0.16666666666666669 0.27941176470588236 0.026143790849673203 0.03431372549019608
0 0.15114379084967322 0.3008578431372549 0.02777777777777778 0.04534313725490196
0 0.16993464052287582 0.3137254901960784 0.0196078431372549 0.02696078431372549
0 0.18872549019607843 0.3241421568627451 0.024509803921568627 0.030637254901960783
0 0.14624183006535948 0.36887254901960786 0.03104575163398693 0.0392156862745098
0 0.16993464052287582 0.3700980392156863 0.026143790849673203 0.024509803921568627
0 0.14297385620915032 0.3952205882352941 0.03104575163398693 0.015931372549019607
0 0.12826797385620917 0.42463235294117646 0.04411764705882353 0.03553921568627451
0 0.1593137254901961 0.48713235294117646 0.01797385620915033 0.028186274509803922
0 0.1772875816993464 0.4834558823529412 0.03104575163398693 0.023284313725490197
0 0.1503267973856209 0.3370098039215686 0.016339869281045753 0.024509803921568627
