0 0.18300653594771243 0.4932598039215686 0.03594771241830066 0.01838235294117647
0 0.10702614379084968 0.056372549019607844 0.021241830065359478 0.024509803921568627
0 0.11029411764705882 0.10600490196078431 0.014705882352941176 0.015931372549019607
0 0.11437908496732027 0.14767156862745098 0.0196078431372549 0.013480392156862746
0 0.07107843137254902 0.08455882352941177 0.014705882352941176 0.01715686274509804
0 0.07352941176470588 0.10294117647058823 0.0196078431372549 0.0196078431372549
0 0.06372549019607843 0.11213235294117647 0.0196078431372549 0.013480392156862746
0 0.07924836601307189 0.13419117647058823 0.021241830065359478 0.015931372549019607
0 0.06535947712418301 0.15870098039215685 0.0196078431372549 0.020833333333333332
0 0.0784313725490196 0.17095588235294118 0.026143790849673203 0.020833333333333332
0 0.0923202614379085 0.1556372549019608 0.03758169934640523 0.031862745098039214
0 0.6919934640522876 0.42892156862745096 0.03104575163398693 0.014705882352941176
0 0.21241830065359477 0.9883578431372549 0.03594771241830066 0.020833333333333332
