0 0.8194444444444444 0.20220588235294118 0.02777777777777778 0.0392156862745098
0 0.7973856209150327 0.20649509803921567 0.026143790849673203 0.025735294117647058
0 0.7883986928104575 0.22549019607843138 0.014705882352941176 0.014705882352941176
0 0.8055555555555556 0.23039215686274508 0.0196078431372549 0.0196078431372549
0 0.8267973856209151 0.24142156862745098 0.029411764705882353 0.0392156862745098
0 0.7826797385620915 0.24142156862745098 0.032679738562091505 0.022058823529411763
0 0.7875816993464052 0.26715686274509803 0.026143790849673203 0.02696078431372549
0 0.8104575163398693 0.27267156862745096 0.029411764705882353 0.030637254901960783
0 0.7802287581699346 0.2977941176470588 0.02777777777777778 0.031862745098039214
0 0.8088235294117647 0.3075980392156863 0.032679738562091505 0.03431372549019608
0 0.7589869281045751 0.30637254901960786 0.014705882352941176 0.0196078431372549
0 0.7549019607843137 0.32598039215686275 0.029411764705882353 0.024509803921568627
0 0.7794117647058824 0.32598039215686275 0.0196078431372549 0.024509803921568627
0 0.8300653594771242 0.3363970588235294 0.013071895424836602 0.020833333333333332
0 0.8006535947712419 0.3596813725490196 0.022875816993464054 0.01838235294117647
0 0.8129084967320261 0.3756127450980392 0.024509803921568627 0.020833333333333332
0 0.7941176470588236 0.383578431372549 0.032679738562091505 0.03676470588235294
0 0.7957516339869282 0.3333333333333333 0.0196078431372549 0.01715686274509804
0 0.8120915032679739 0.33762254901960786 0.016339869281045753 0.020833333333333332
