0 0.49836601307189543 0.15134803921568626 0.0196078431372549 0.023284313725490197
0 0.5514705882352942 0.18137254901960784 0.03758169934640523 0.031862745098039214
0 0.6748366013071896 0.1446078431372549 0.0196078431372549 0.02696078431372549
0 0.5759803921568628 0.2604166666666667 0.01797385620915033 0.01838235294117647
0 0.948529411764706 0.3382352941176471 0.02777777777777778 0.03431372549019608
0 0.6617647058823529 0.5680147058823529 0.026143790849673203 0.025735294117647058
0 0.6666666666666667 0.5919117647058824 0.022875816993464054 0.022058823529411763
0 0.6593137254901961 0.6795343137254902 0.014705882352941176 0.01838235294117647
0 0.6331699346405228 0.7009803921568627 0.03758169934640523 0.024509803921568627
0 0.667483660130719 0.7346813725490196 0.02777777777777778 0.028186274509803922
0 0.9477124183006537 0.8602941176470588 0.03594771241830066 0.03431372549019608
0 0.44607843137254904 0.8658088235294118 0.0392156862745098 0.025735294117647058
0 0.4861111111111111 0.9338235294117647 0.024509803921568627 0.0196078431372549
0 0.6086601307189543 0.9852941176470588 0.024509803921568627 0.024509803921568627
