0 0.5923202614379085 0.8394607843137255 0.021241830065359478 0.0196078431372549
0 0.5849673202614379 0.8596813725490196 0.0196078431372549 0.023284313725490197
0 0.6062091503267975 0.8553921568627451 0.022875816993464054 0.012254901960784314
0 0.5972222222222222 0.8682598039215687 0.01797385620915033 0.015931372549019607
0 0.6119281045751634 0.8786764705882353 0.01797385620915033 0.01715686274509804
0 0.6217320261437909 0.8627450980392157 0.014705882352941176 0.022058823529411763
0 0.6258169934640523 0.9056372549019608 0.016339869281045753 0.0196078431372549
0 0.5964052287581699 0.892156862745098 0.0196078431372549 0.02696078431372549
0 0.5874183006535948 0.914828431372549 0.014705882352941176 0.01838235294117647
0 0.6053921568627452 0.9136029411764706 0.02777777777777778 0.025735294117647058
0 0.6176470588235294 0.9393382352941176 0.029411764705882353 0.03553921568627451
0 0.5980392156862745 0.9405637254901961 0.026143790849673203 0.03308823529411765
0 0.6176470588235294 0.9944852941176471 0.05228758169934641 0.011029411764705881
0 0.6266339869281046 0.8897058823529411 0.021241830065359478 0.0196078431372549
0 0.5849673202614379 0.897671568627451 0.016339869281045753 0.01838235294117647
0 0.6151960784313726 0.9705882352941176 0.014705882352941176 0.0196078431372549
0 0.6299019607843137 0.9675245098039216 0.021241830065359478 0.030637254901960783
0 0.5947712418300654 0.9748774509803921 0.029411764705882353 0.030637254901960783
0 0.5833333333333334 0.9950980392156863 0.013071895424836602 0.00980392156862745
