0 0.6258169934640523 0.4099264705882353 0.022875816993464054 0.025735294117647058
0 0.6045751633986929 0.4264705882352941 0.0196078431372549 0.0196078431372549
0 0.619281045751634 0.43504901960784315 0.016339869281045753 0.014705882352941176
0 0.5849673202614379 0.4466911764705882 0.022875816993464054 0.025735294117647058
0 0.5972222222222222 0.4577205882352941 0.021241830065359478 0.023284313725490197
0 0.7222222222222222 0.39705882352941174 0.029411764705882353 0.03431372549019608
0 0.7508169934640523 0.3897058823529412 0.014705882352941176 0.024509803921568627
0 0.7818627450980392 0.39276960784313725 0.021241830065359478 0.030637254901960783
0 0.7581699346405228 0.41360294117647056 0.013071895424836602 0.023284313725490197
0 0.7736928104575164 0.42034313725490197 0.01797385620915033 0.0196078431372549
0 0.7908496732026145 0.4424019607843137 0.016339869281045753 0.024509803921568627
0 0.7704248366013072 0.44485294117647056 0.03104575163398693 0.02696078431372549
0 0.7508169934640523 0.45036764705882354 0.014705882352941176 0.023284313725490197
0 0.7156862745098039 0.4889705882352941 0.0196078431372549 0.022058823529411763
0 0.7450980392156863 0.4767156862745098 0.016339869281045753 0.0196078431372549
0 0.7679738562091504 0.47855392156862747 0.026143790849673203 0.030637254901960783
0 0.7883986928104575 0.49816176470588236 0.03104575163398693 0.03799019607843137
0 0.7647058823529412 0.49754901960784315 0.0196078431372549 0.012254901960784314
0 0.763888888888889 0.5104166666666666 0.021241830065359478 0.015931372549019607
0 0.738562091503268 0.5006127450980392 0.026143790849673203 0.025735294117647058
0 0.7181372549019608 0.508578431372549 0.014705882352941176 0.01715686274509804
0 0.7973856209150327 0.5275735294117647 0.016339869281045753 0.01838235294117647
0 0.7736928104575164 0.5379901960784313 0.03758169934640523 0.04656862745098039
0 0.7418300653594772 0.5337009803921569 0.016339869281045753 0.020833333333333332
0 0.744281045751634 0.5502450980392157 0.01797385620915033 0.01715686274509804
0 0.7916666666666667 0.5582107843137255 0.02777777777777778 0.028186274509803922
0 0.7565359477124183 0.579656862745098 0.029411764705882353 0.03676470588235294
0 0.7900326797385621 0.5888480392156863 0.024509803921568627 0.030637254901960783
0 0.7941176470588236 0.6158088235294118 0.016339869281045753 0.01838235294117647
0 0.7875816993464052 0.6305147058823529 0.0196078431372549 0.013480392156862746
0 0.7704248366013072 0.6158088235294118 0.03104575163398693 0.04044117647058824
0 0.7352941176470589 0.6207107843137255 0.0196078431372549 0.01838235294117647
0 0.7287581699346406 0.6397058823529411 0.022875816993464054 0.022058823529411763
0 0.7573529411764706 0.6501225490196079 0.03431372549019608 0.03308823529411765
0 0.7851307189542484 0.6537990196078431 0.03104575163398693 0.03308823529411765
0 0.7295751633986929 0.6629901960784313 0.01797385620915033 0.0196078431372549
0 0.738562091503268 0.6844362745098039 0.026143790849673203 0.020833333333333332
0 0.7565359477124183 0.6783088235294118 0.0392156862745098 0.030637254901960783
0 0.7883986928104575 0.678921568627451 0.021241830065359478 0.02696078431372549
0 0.7696078431372549 0.39338235294117646 0.0196078431372549 0.024509803921568627
0 0.7279411764705882 0.4736519607843137 0.01797385620915033 0.023284313725490197
0 0.7761437908496732 0.5949754901960784 0.026143790849673203 0.03308823529411765
