0 0.6723856209150327 0.24142156862745098 0.04738562091503268 0.05392156862745098
0 0.3897058823529412 0.6102941176470588 0.02777777777777778 0.029411764705882353
0 0.4223856209150327 0.6556372549019608 0.01797385620915033 0.022058823529411763
0 0.4084967320261438 0.6703431372549019 0.0196078431372549 0.02696078431372549
0 0.43300653594771243 0.6813725490196079 0.022875816993464054 0.012254901960784314
0 0.41911764705882354 0.6954656862745098 0.021241830065359478 0.020833333333333332
0 0.4027777777777778 0.7089460784313726 0.021241830065359478 0.023284313725490197
0 0.375 0.7487745098039216 0.021241830065359478 0.02696078431372549
0 0.04820261437908497 0.3020833333333333 0.01797385620915033 0.020833333333333332
0 0.06944444444444445 0.30637254901960786 0.024509803921568627 0.014705882352941176
0 0.07679738562091504 0.32659313725490197 0.0196078431372549 0.020833333333333332
0 0.07189542483660132 0.3486519607843137 0.016339869281045753 0.01838235294117647
0 0.05555555555555556 0.3394607843137255 0.032679738562091505 0.051470588235294115
