0 0.6797385620915033 0.35784313725490197 0.026143790849673203 0.02696078431372549
0 0.6642156862745098 0.38848039215686275 0.024509803921568627 0.022058823529411763
0 0.6854575163398693 0.38480392156862747 0.01797385620915033 0.0196078431372549
0 0.7083333333333334 0.39767156862745096 0.011437908496732027 0.015931372549019607
0 0.6936274509803921 0.4013480392156863 0.011437908496732027 0.013480392156862746
0 0.7026143790849674 0.4172794117647059 0.0196078431372549 0.01838235294117647
0 0.6772875816993464 0.4111519607843137 0.01797385620915033 0.020833333333333332
0 0.6723856209150327 0.42830882352941174 0.021241830065359478 0.013480392156862746
0 0.7034313725490197 0.4338235294117647 0.021241830065359478 0.012254901960784314
0 0.6723856209150327 0.44730392156862747 0.01797385620915033 0.024509803921568627
0 0.6952614379084967 0.4491421568627451 0.024509803921568627 0.025735294117647058
0 0.6870915032679739 0.4895833333333333 0.02777777777777778 0.01838235294117647
0 0.6642156862745098 0.4889705882352941 0.024509803921568627 0.022058823529411763
0 0.6535947712418301 0.5036764705882353 0.0196078431372549 0.012254901960784314
0 0.6233660130718954 0.49754901960784315 0.01797385620915033 0.01715686274509804
0 0.6299019607843137 0.5159313725490196 0.03104575163398693 0.014705882352941176
0 0.6633986928104575 0.5140931372549019 0.03594771241830066 0.023284313725490197
0 0.6944444444444444 0.5159313725490196 0.032679738562091505 0.03676470588235294
0 0.6658496732026143 0.5355392156862745 0.021241830065359478 0.014705882352941176
0 0.6715686274509804 0.5600490196078431 0.029411764705882353 0.031862745098039214
0 0.7026143790849674 0.5557598039215687 0.0392156862745098 0.03799019607843137
0 0.9787581699346406 0.4791666666666667 0.022875816993464054 0.024509803921568627
0 0.948529411764706 0.47610294117647056 0.03104575163398693 0.03553921568627451
0 0.9501633986928105 0.5091911764705882 0.021241830065359478 0.020833333333333332
0 0.948529411764706 0.5337009803921569 0.014705882352941176 0.023284313725490197
0 0.9362745098039216 0.5441176470588235 0.016339869281045753 0.01715686274509804
0 0.9305555555555556 0.5625 0.014705882352941176 0.0196078431372549
0 0.9501633986928105 0.5606617647058824 0.014705882352941176 0.020833333333333332
0 0.977124183006536 0.7303921568627451 0.016339869281045753 0.0196078431372549
0 0.9763071895424837 0.75 0.011437908496732027 0.01715686274509804
0 0.9648692810457516 0.75 0.011437908496732027 0.01715686274509804
0 0.9509803921568628 0.7922794117647058 0.04575163398692811 0.03553921568627451
0 0.9509803921568628 0.8186274509803921 0.016339869281045753 0.014705882352941176
0 0.9468954248366014 0.8333333333333334 0.024509803921568627 0.014705882352941176
0 0.9869281045751634 0.7702205882352942 0.0196078431372549 0.020833333333333332
0 0.5155228758169935 0.9656862745098039 0.04084967320261438 0.029411764705882353
