0 0.0857843137254902 0.1642156862745098 0.03431372549019608 0.03676470588235294
0 0.04575163398692811 0.20220588235294118 0.0196078431372549 0.029411764705882353
0 0.04656862745098039 0.1170343137254902 0.021241830065359478 0.025735294117647058
0 0.0727124183006536 0.4632352941176471 0.014705882352941176 0.022058823529411763
0 0.08496732026143791 0.4877450980392157 0.013071895424836602 0.0196078431372549
0 0.08006535947712419 0.5563725490196079 0.029411764705882353 0.02696078431372549
0 0.04493464052287582 0.5073529411764706 0.01797385620915033 0.0196078431372549
0 0.035130718954248366 0.5337009803921569 0.03104575163398693 0.04534313725490196
0 0.03022875816993464 0.8376225490196079 0.014705882352941176 0.020833333333333332
0 0.02777777777777778 0.8621323529411764 0.022875816993464054 0.025735294117647058
0 0.040032679738562095 0.6672794117647058 0.02777777777777778 0.023284313725490197
