0 0.9395424836601307 0.01715686274509804 0.029411764705882353 0.031862745098039214
0 0.9452614379084968 0.3118872549019608 0.024509803921568627 0.023284313725490197
0 0.934640522875817 0.3272058823529412 0.0196078431372549 0.02696078431372549
0 0.9575163398692811 0.3333333333333333 0.0196078431372549 0.022058823529411763
0 0.9191176470588236 0.3425245098039216 0.01797385620915033 0.025735294117647058
0 0.9093137254901961 0.36703431372549017 0.024509803921568627 0.028186274509803922
0 0.9803921568627452 0.41605392156862747 0.032679738562091505 0.03308823529411765
0 0.923202614379085 0.39644607843137253 0.029411764705882353 0.015931372549019607
0 0.9444444444444444 0.40441176470588236 0.013071895424836602 0.014705882352941176
0 0.9264705882352942 0.4142156862745098 0.03594771241830066 0.02696078431372549
0 0.948529411764706 0.4307598039215686 0.02777777777777778 0.015931372549019607
0 0.9395424836601307 0.44056372549019607 0.013071895424836602 0.011029411764705881
0 0.9501633986928105 0.44485294117647056 0.01797385620915033 0.012254901960784314
0 0.9191176470588236 0.43995098039215685 0.03104575163398693 0.024509803921568627
0 0.9199346405228759 0.4613970588235294 0.022875816993464054 0.020833333333333332
0 0.9379084967320261 0.46691176470588236 0.0196078431372549 0.02696078431372549
0 0.9591503267973857 0.4693627450980392 0.022875816993464054 0.029411764705882353
0 0.9125816993464052 0.48713235294117646 0.01797385620915033 0.00857843137254902
0 0.9313725490196079 0.48651960784313725 0.0196078431372549 0.01715686274509804
0 0.9468954248366014 0.4944852941176471 0.024509803921568627 0.025735294117647058
0 0.9673202614379085 0.4944852941176471 0.026143790849673203 0.028186274509803922
0 0.6593137254901961 0.6966911764705882 0.01797385620915033 0.015931372549019607
0 0.6854575163398693 0.6936274509803921 0.014705882352941176 0.014705882352941176
0 0.7017973856209151 0.6825980392156863 0.01797385620915033 0.0196078431372549
0 0.7173202614379085 0.6868872549019608 0.013071895424836602 0.020833333333333332
0 0.7017973856209151 0.7071078431372549 0.021241830065359478 0.024509803921568627
0 0.6772875816993464 0.71875 0.03104575163398693 0.028186274509803922
0 0.7034313725490197 0.8492647058823529 0.021241830065359478 0.029411764705882353
0 0.9223856209150327 0.8057598039215687 0.021241830065359478 0.025735294117647058
0 0.9109477124183006 0.8278186274509803 0.024509803921568627 0.025735294117647058
0 0.9019607843137255 0.8443627450980392 0.0196078431372549 0.014705882352941176
0 0.9207516339869282 0.8449754901960784 0.01797385620915033 0.015931372549019607
0 0.9035947712418301 0.8578431372549019 0.0196078431372549 0.0196078431372549
0 0.9199346405228759 0.8602941176470588 0.0196078431372549 0.01715686274509804
0 0.934640522875817 0.8694852941176471 0.016339869281045753 0.01838235294117647
0 0.9746732026143791 0.8799019607843137 0.03104575163398693 0.024509803921568627
0 0.940359477124183 0.8872549019607843 0.014705882352941176 0.022058823529411763
0 0.9150326797385622 0.8890931372549019 0.03594771241830066 0.04044117647058824
0 0.934640522875817 0.9037990196078431 0.026143790849673203 0.015931372549019607
0 0.9133986928104575 0.9185049019607843 0.026143790849673203 0.023284313725490197
0 0.9019607843137255 0.9295343137254902 0.016339869281045753 0.01838235294117647
0 0.9297385620915033 0.9399509803921569 0.022875816993464054 0.022058823529411763
0 0.9027777777777778 0.9522058823529411 0.01797385620915033 0.024509803921568627
0 0.917483660130719 0.9515931372549019 0.014705882352941176 0.025735294117647058
