0 0.625 0.042279411764705885 0.024509803921568627 0.030637254901960783
0 0.6437908496732027 0.07230392156862744 0.016339869281045753 0.0196078431372549
0 0.6209150326797386 0.08823529411764705 0.013071895424836602 0.0196078431372549
0 0.6364379084967321 0.08762254901960784 0.014705882352941176 0.015931372549019607
0 0.6299019607843137 0.13602941176470587 0.01797385620915033 0.022058823529411763
0 0.6413398692810458 0.15012254901960784 0.02777777777777778 0.023284313725490197
0 0.6331699346405228 0.10784313725490197 0.01797385620915033 0.022058823529411763
0 0.9166666666666667 0.10294117647058823 0.0196078431372549 0.024509803921568627
0 0.9068627450980392 0.1954656862745098 0.016339869281045753 0.013480392156862746
0 0.9076797385620915 0.21200980392156862 0.021241830065359478 0.014705882352941176
0 0.9281045751633987 0.20833333333333334 0.026143790849673203 0.01715686274509804
0 0.6879084967320261 0.9503676470588235 0.026143790849673203 0.020833333333333332
0 0.6944444444444444 0.9803921568627451 0.03594771241830066 0.03431372549019608
