0 0.8880718954248367 0.3480392156862745 0.03104575163398693 0.041666666666666664
0 0.6339869281045751 0.16911764705882354 0.026143790849673203 0.03431372549019608
0 0.6176470588235294 0.20098039215686275 0.022875816993464054 0.03676470588235294
0 0.6446078431372549 0.19914215686274508 0.02777777777777778 0.03799019607843137
0 0.6021241830065359 0.21875 0.014705882352941176 0.01838235294117647
0 0.6429738562091504 0.23774509803921567 0.014705882352941176 0.01715686274509804
0 0.6511437908496732 0.22487745098039216 0.01797385620915033 0.011029411764705881
0 0.10702614379084968 0.9607843137254902 0.04084967320261438 0.031862745098039214
0 0.14133986928104575 0.9515931372549019 0.02777777777777778 0.028186274509803922
0 0.6119281045751634 0.4834558823529412 0.011437908496732027 0.020833333333333332
0 0.5923202614379085 0.4877450980392157 0.014705882352941176 0.00980392156862745
0 0.5874183006535948 0.5208333333333334 0.03431372549019608 0.0392156862745098
0 0.625 0.5465686274509803 0.03104575163398693 0.03676470588235294
0 0.6552287581699346 0.5520833333333334 0.016339869281045753 0.01838235294117647
0 0.6331699346405228 0.5778186274509803 0.021241830065359478 0.01838235294117647
0 0.6535947712418301 0.6329656862745098 0.013071895424836602 0.025735294117647058
0 0.6552287581699346 0.6629901960784313 0.029411764705882353 0.0196078431372549
0 0.5939542483660131 0.5637254901960784 0.04084967320261438 0.03431372549019608
0 0.5449346405228759 0.5716911764705882 0.01797385620915033 0.013480392156862746
0 0.6176470588235294 0.5949754901960784 0.029411764705882353 0.03308823529411765
0 0.5923202614379085 0.6066176470588235 0.02777777777777778 0.02696078431372549
0 0.5882352941176471 0.6225490196078431 0.0196078431372549 0.01715686274509804
0 0.5857843137254902 0.6433823529411765 0.01797385620915033 0.0196078431372549
0 0.6168300653594772 0.6329656862745098 0.024509803921568627 0.030637254901960783
0 0.5988562091503268 0.6611519607843137 0.03104575163398693 0.03308823529411765
0 0.5833333333333334 0.6911764705882353 0.016339869281045753 0.024509803921568627
0 0.6143790849673203 0.6924019607843137 0.022875816993464054 0.0196078431372549
0 0.6437908496732027 0.7144607843137255 0.03594771241830066 0.044117647058823525
0 0.6037581699346405 0.7132352941176471 0.024509803921568627 0.029411764705882353
0 0.5718954248366013 0.7230392156862745 0.016339869281045753 0.02696078431372549
0 0.6200980392156863 0.7408088235294118 0.024509803921568627 0.025735294117647058
0 0.5776143790849674 0.7506127450980392 0.021241830065359478 0.020833333333333332
0 0.571078431372549 0.7659313725490196 0.024509803921568627 0.014705882352941176
0 0.5849673202614379 0.78125 0.013071895424836602 0.015931372549019607
0 0.5784313725490197 0.7971813725490196 0.0196078431372549 0.023284313725490197
0 0.5898692810457516 0.8216911764705882 0.016339869281045753 0.01838235294117647
0 0.6037581699346405 0.7965686274509803 0.01797385620915033 0.022058823529411763
0 0.6086601307189543 0.7720588235294118 0.014705882352941176 0.02696078431372549
0 0.5964052287581699 0.7450980392156863 0.022875816993464054 0.029411764705882353
0 0.6372549019607844 0.7567401960784313 0.022875816993464054 0.025735294117647058
0 0.6527777777777778 0.7677696078431372 0.01797385620915033 0.015931372549019607
0 0.6372549019607844 0.7849264705882353 0.029411764705882353 0.023284313725490197
0 0.6274509803921569 0.8075980392156863 0.026143790849673203 0.0196078431372549
0 0.6200980392156863 0.8302696078431372 0.024509803921568627 0.020833333333333332
0 0.8937908496732027 0.8829656862745098 0.026143790849673203 0.030637254901960783
0 0.630718954248366 0.2506127450980392 0.013071895424836602 0.015931372549019607
0 0.6184640522875817 0.23651960784313725 0.021241830065359478 0.022058823529411763
0 0.5816993464052288 0.4993872549019608 0.013071895424836602 0.015931372549019607
0 0.5702614379084967 0.5992647058823529 0.013071895424836602 0.01715686274509804
0 0.5637254901960784 0.5821078431372549 0.016339869281045753 0.01715686274509804
0 0.5637254901960784 0.5496323529411765 0.016339869281045753 0.020833333333333332
0 0.6233660130718954 0.5067401960784313 0.021241830065359478 0.01838235294117647
0 0.6495098039215687 0.5698529411764706 0.02777777777777778 0.024509803921568627
0 0.6454248366013072 0.6746323529411765 0.016339869281045753 0.020833333333333332
0 0.6544117647058824 0.6942401960784313 0.021241830065359478 0.015931372549019607
0 0.6633986928104575 0.6525735294117647 0.016339869281045753 0.013480392156862746
0 0.6299019607843137 0.6519607843137255 0.024509803921568627 0.031862745098039214
0 0.6609477124183006 0.6096813725490196 0.011437908496732027 0.015931372549019607
0 0.6446078431372549 0.6139705882352942 0.01797385620915033 0.02696078431372549
0 0.6348039215686274 0.5998774509803921 0.014705882352941176 0.025735294117647058
0 0.6462418300653595 0.5912990196078431 0.011437908496732027 0.015931372549019607
0 0.6584967320261438 0.5919117647058824 0.016339869281045753 0.01715686274509804
