0 0.7410130718954249 0.006740196078431373 0.03758169934640523 0.011029411764705881
0 0.7663398692810458 0.14522058823529413 0.016339869281045753 0.020833333333333332
0 0.7810457516339869 0.1721813725490196 0.029411764705882353 0.028186274509803922
0 0.7900326797385621 0.19240196078431374 0.024509803921568627 0.0196078431372549
0 0.7598039215686275 0.1838235294117647 0.0196078431372549 0.0196078431372549
0 0.732843137254902 0.18504901960784315 0.03758169934640523 0.01715686274509804
0 0.7246732026143791 0.20036764705882354 0.014705882352941176 0.015931372549019607
0 0.7393790849673203 0.20894607843137256 0.02777777777777778 0.030637254901960783
0 0.7687908496732027 0.2107843137254902 0.03431372549019608 0.03431372549019608
0 0.7540849673202614 0.23161764705882354 0.03431372549019608 0.014705882352941176
0 0.7189542483660131 0.2346813725490196 0.029411764705882353 0.030637254901960783
0 0.7761437908496732 0.25183823529411764 0.042483660130718956 0.03308823529411765
0 0.7802287581699346 0.2824754901960784 0.03758169934640523 0.028186274509803922
0 0.7581699346405228 0.289828431372549 0.013071895424836602 0.013480392156862746
0 0.7450980392156863 0.2806372549019608 0.032679738562091505 0.022058823529411763
0 0.744281045751634 0.3002450980392157 0.03104575163398693 0.022058823529411763
0 0.6944444444444444 0.25245098039215685 0.032679738562091505 0.029411764705882353
0 0.7736928104575164 0.33088235294117646 0.03758169934640523 0.044117647058823525
0 0.7540849673202614 0.3474264705882353 0.03431372549019608 0.04534313725490196
0 0.6879084967320261 0.9160539215686274 0.0196078431372549 0.023284313725490197
0 0.7573529411764706 0.1642156862745098 0.01797385620915033 0.0196078431372549
0 0.6944444444444444 0.2689950980392157 0.026143790849673203 0.011029411764705881
0 0.7034313725490197 0.28370098039215685 0.03104575163398693 0.023284313725490197
0 0.7851307189542484 0.23161764705882354 0.014705882352941176 0.0196078431372549
0 0.7483660130718954 0.25 0.029411764705882353 0.02696078431372549
0 0.7524509803921569 0.2647058823529412 0.021241830065359478 0.00980392156862745
0 0.7197712418300654 0.26348039215686275 0.03104575163398693 0.029411764705882353
