0 0.14705882352941177 0.5729166666666666 0.022875816993464054 0.028186274509803922
0 0.12254901960784315 0.5765931372549019 0.0196078431372549 0.020833333333333332
0 0.1527777777777778 0.6096813725490196 0.021241830065359478 0.023284313725490197
0 0.06372549019607843 0.6274509803921569 0.0196078431372549 0.012254901960784314
0 0.1568627450980392 0.6329656862745098 0.016339869281045753 0.020833333333333332
0 0.14133986928104575 0.633578431372549 0.014705882352941176 0.022058823529411763
0 0.1503267973856209 0.6544117647058824 0.016339869281045753 0.0196078431372549
0 0.12990196078431374 0.6274509803921569 0.01797385620915033 0.022058823529411763
0 0.10947712418300654 0.6341911764705882 0.026143790849673203 0.01838235294117647
0 0.0923202614379085 0.6458333333333334 0.024509803921568627 0.014705882352941176
0 0.049836601307189546 0.6691176470588235 0.014705882352941176 0.012254901960784314
0 0.06372549019607843 0.6691176470588235 0.013071895424836602 0.0196078431372549
0 0.07679738562091504 0.6727941176470588 0.00980392156862745 0.014705882352941176
0 0.08741830065359478 0.6636029411764706 0.014705882352941176 0.023284313725490197
0 0.12009803921568628 0.6825980392156863 0.024509803921568627 0.014705882352941176
0 0.09313725490196079 0.6844362745098039 0.022875816993464054 0.023284313725490197
0 0.12091503267973856 0.6580882352941176 0.042483660130718956 0.03676470588235294
0 0.06944444444444445 0.6501225490196079 0.02777777777777778 0.028186274509803922
0 0.09967320261437909 0.7132352941176471 0.029411764705882353 0.03676470588235294
0 0.0923202614379085 0.7334558823529411 0.024509803921568627 0.013480392156862746
0 0.08823529411764706 0.7493872549019608 0.016339869281045753 0.020833333333333332
0 0.10375816993464053 0.7677696078431372 0.02777777777777778 0.03308823529411765
0 0.07026143790849673 0.7003676470588235 0.032679738562091505 0.0428921568627451
0 0.07026143790849673 0.7432598039215687 0.026143790849673203 0.03553921568627451
0 0.08006535947712419 0.7824754901960784 0.0196078431372549 0.03308823529411765
0 0.08006535947712419 0.8167892156862745 0.022875816993464054 0.025735294117647058
