0 0.3758169934640523 0.8339460784313726 0.026143790849673203 0.023284313725490197
0 0.7908496732026145 0.8492647058823529 0.0196078431372549 0.02696078431372549
0 0.809640522875817 0.8682598039215687 0.021241830065359478 0.023284313725490197
0 0.7949346405228759 0.8829656862745098 0.02777777777777778 0.03308823529411765
0 0.803921568627451 0.9142156862745098 0.029411764705882353 0.029411764705882353
0 0.6715686274509804 0.15196078431372548 0.032679738562091505 0.024509803921568627
0 0.9812091503267975 0.21997549019607843 0.03758169934640523 0.025735294117647058
0 0.7867647058823529 0.03799019607843137 0.01797385620915033 0.02696078431372549
0 0.8063725490196079 0.015318627450980392 0.021241830065359478 0.020833333333333332
0 0.9926470588235294 0.023284313725490197 0.014705882352941176 0.01715686274509804
0 0.9926470588235294 0.00857843137254902 0.008169934640522876 0.014705882352941176
0 0.7900326797385621 0.0704656862745098 0.02777777777777778 0.01838235294117647
