0 0.7677696078431372 0.26062091503267976 0.0428921568627451 0.03758169934640523
0 0.9185049019607843 0.3300653594771242 0.028186274509803922 0.0392156862745098
0 0.9846813725490196 0.48366013071895425 0.030637254901960783 0.049019607843137254
0 0.9767156862745098 0.5351307189542484 0.02696078431372549 0.03104575163398693
0 0.7389705882352942 0.47794117647058826 0.029411764705882353 0.05065359477124183
0 0.8051470588235294 0.6421568627450981 0.02696078431372549 0.03594771241830066
0 0.4834558823529412 0.06454248366013073 0.030637254901960783 0.03758169934640523
0 0.6574754901960784 0.6740196078431373 0.04044117647058824 0.03758169934640523
0 0.5747549019607843 0.5816993464052288 0.049019607843137254 0.05555555555555556
0 0.5998774509803921 0.6266339869281046 0.03553921568627451 0.03104575163398693
0 0.5655637254901961 0.6168300653594772 0.025735294117647058 0.02777777777777778
0 0.5876225490196079 0.6560457516339869 0.03799019607843137 0.04084967320261438
0 0.5533088235294118 0.6495098039215687 0.0428921568627451 0.04084967320261438
0 0.5202205882352942 0.6413398692810458 0.04044117647058824 0.04084967320261438
0 0.46629901960784315 0.5473856209150327 0.030637254901960783 0.029411764705882353
0 0.43933823529411764 0.5343137254901961 0.020833333333333332 0.03594771241830066
0 0.4424019607843137 0.5661764705882353 0.01715686274509804 0.03758169934640523
0 0.42401960784313725 0.5931372549019608 0.0392156862745098 0.032679738562091505
0 0.3988970588235294 0.6609477124183006 0.020833333333333332 0.03431372549019608
0 0.4185049019607843 0.6895424836601307 0.03308823529411765 0.04575163398692811
0 0.27512254901960786 0.6462418300653595 0.03553921568627451 0.03104575163398693
0 0.26409313725490197 0.6723856209150327 0.020833333333333332 0.02777777777777778
0 0.15196078431372548 0.5882352941176471 0.029411764705882353 0.022875816993464054
