0 0.39133986928104575 0.26286764705882354 0.03104575163398693 0.01838235294117647
0 0.3962418300653595 0.2892156862745098 0.03431372549019608 0.029411764705882353
0 0.6813725490196079 0.09313725490196079 0.022875816993464054 0.0196078431372549
0 0.690359477124183 0.1170343137254902 0.01797385620915033 0.01838235294117647
0 0.6887254901960784 0.08272058823529412 0.021241830065359478 0.023284313725490197
0 0.7148692810457516 0.08823529411764705 0.021241830065359478 0.01715686274509804
0 0.7320261437908497 0.09129901960784313 0.016339869281045753 0.025735294117647058
0 0.7467320261437909 0.09129901960784313 0.013071895424836602 0.023284313725490197
0 0.7107843137254902 0.11151960784313725 0.029411764705882353 0.03431372549019608
0 0.7393790849673203 0.11764705882352941 0.01797385620915033 0.022058823529411763
0 0.7287581699346406 0.13786764705882354 0.0196078431372549 0.01838235294117647
