0 0.008986928104575164 0.289828431372549 0.014705882352941176 0.030637254901960783
0 0.03758169934640523 0.3995098039215686 0.016339869281045753 0.022058823529411763
0 0.01797385620915033 0.42340686274509803 0.026143790849673203 0.03308823529411765
0 0.04575163398692811 0.4362745098039216 0.0196078431372549 0.022058823529411763
0 0.024509803921568627 0.4583333333333333 0.022875816993464054 0.024509803921568627
0 0.04330065359477124 0.45894607843137253 0.014705882352941176 0.015931372549019607
0 0.04411764705882353 0.48713235294117646 0.0196078431372549 0.03308823529411765
0 0.026143790849673203 0.5036764705882353 0.03594771241830066 0.041666666666666664
0 0.01715686274509804 0.5459558823529411 0.02777777777777778 0.04534313725490196
0 0.1911764705882353 0.678921568627451 0.05228758169934641 0.0392156862745098
0 0.04820261437908497 0.7077205882352942 0.03431372549019608 0.04044117647058824
0 0.08169934640522876 0.710171568627451 0.042483660130718956 0.03553921568627451
0 0.19607843137254902 0.789828431372549 0.032679738562091505 0.01838235294117647
0 0.057189542483660136 0.7389705882352942 0.029411764705882353 0.0196078431372549
0 0.08006535947712419 0.7365196078431372 0.0196078431372549 0.01715686274509804
0 0.029411764705882353 0.7555147058823529 0.013071895424836602 0.023284313725490197
0 0.06290849673202614 0.7628676470588235 0.03431372549019608 0.030637254901960783
0 0.0196078431372549 0.7886029411764706 0.029411764705882353 0.04044117647058824
0 0.049019607843137254 0.7922794117647058 0.029411764705882353 0.03308823529411765
0 0.07761437908496732 0.7922794117647058 0.03431372549019608 0.03799019607843137
0 0.11111111111111112 0.7965686274509803 0.0196078431372549 0.0196078431372549
0 0.07761437908496732 0.8272058823529411 0.03431372549019608 0.03431372549019608
0 0.06290849673202614 0.860906862745098 0.02777777777777778 0.04044117647058824
0 0.032679738562091505 0.852328431372549 0.016339869281045753 0.028186274509803922
0 0.09803921568627451 0.8363970588235294 0.016339869281045753 0.020833333333333332
0 0.08251633986928104 0.8462009803921569 0.01797385620915033 0.020833333333333332
0 0.03758169934640523 0.8088235294117647 0.032679738562091505 0.02696078431372549
0 0.008169934640522876 0.8204656862745098 0.013071895424836602 0.013480392156862746
0 0.026143790849673203 0.8253676470588235 0.032679738562091505 0.025735294117647058
0 0.014705882352941176 0.8412990196078431 0.026143790849673203 0.015931372549019607
