0 0.18300653594771243 0.09068627450980392 0.032679738562091505 0.029411764705882353
0 0.16094771241830066 0.09558823529411764 0.021241830065359478 0.024509803921568627
0 0.18790849673202614 0.11580882352941177 0.022875816993464054 0.023284313725490197
0 0.19362745098039216 0.1409313725490196 0.024509803921568627 0.02696078431372549
0 0.18137254901960784 0.16605392156862744 0.0196078431372549 0.023284313725490197
0 0.19607843137254902 0.17340686274509803 0.026143790849673203 0.025735294117647058
0 0.15849673202614378 0.1758578431372549 0.026143790849673203 0.030637254901960783
0 0.1707516339869281 0.2071078431372549 0.024509803921568627 0.024509803921568627
0 0.14133986928104575 0.15196078431372548 0.01797385620915033 0.022058823529411763
0 0.04575163398692811 0.39338235294117646 0.0196078431372549 0.024509803921568627
0 0.06372549019607843 0.41605392156862747 0.032679738562091505 0.023284313725490197
0 0.03594771241830066 0.45465686274509803 0.0196078431372549 0.024509803921568627
0 0.042483660130718956 0.4767156862745098 0.022875816993464054 0.014705882352941176
0 0.13725490196078433 0.3547794117647059 0.032679738562091505 0.023284313725490197
