0 0.08762254901960784 0.9869281045751634 0.03553921568627451 0.026143790849673203
0 0.31066176470588236 0.9714052287581699 0.03553921568627451 0.024509803921568627
0 0.17034313725490197 0.5669934640522876 0.024509803921568627 0.029411764705882353
0 0.15870098039215685 0.6102941176470589 0.01838235294117647 0.04084967320261438
0 0.1605392156862745 0.6421568627450981 0.014705882352941176 0.026143790849673203
0 0.17463235294117646 0.6576797385620915 0.023284313725490197 0.03104575163398693
0 0.18504901960784315 0.6764705882352942 0.022058823529411763 0.013071895424836602
0 0.19791666666666666 0.6609477124183006 0.01838235294117647 0.021241830065359478
0 0.2071078431372549 0.6772875816993464 0.022058823529411763 0.024509803921568627
0 0.1875 0.5955882352941176 0.01715686274509804 0.03104575163398693
0 0.18321078431372548 0.6233660130718954 0.028186274509803922 0.04738562091503268
0 0.21446078431372548 0.5629084967320261 0.022058823529411763 0.01797385620915033
0 0.22487745098039216 0.5939542483660131 0.03799019607843137 0.04084967320261438
0 0.21262254901960784 0.6209150326797386 0.03308823529411765 0.029411764705882353
0 0.21875 0.6503267973856209 0.03553921568627451 0.026143790849673203
0 0.23161764705882354 0.6707516339869282 0.02696078431372549 0.04411764705882353
0 0.2506127450980392 0.6813725490196079 0.01838235294117647 0.016339869281045753
0 0.25306372549019607 0.6666666666666667 0.015931372549019607 0.022875816993464054
0 0.24448529411764705 0.6299019607843137 0.01838235294117647 0.024509803921568627
0 0.25919117647058826 0.6454248366013072 0.015931372549019607 0.0196078431372549
0 0.2769607843137255 0.7026143790849674 0.0196078431372549 0.0196078431372549
0 0.27512254901960786 0.6740196078431373 0.01838235294117647 0.03104575163398693
0 0.29534313725490197 0.6495098039215687 0.03676470588235294 0.03431372549019608
0 0.2775735294117647 0.5996732026143791 0.030637254901960783 0.03594771241830066
0 0.28370098039215685 0.6217320261437909 0.013480392156862746 0.02777777777777778
0 0.31004901960784315 0.6119281045751634 0.041666666666666664 0.04738562091503268
0 0.33578431372549017 0.5980392156862745 0.014705882352941176 0.029411764705882353
0 0.3314950980392157 0.6258169934640523 0.025735294117647058 0.032679738562091505
0 0.3321078431372549 0.6446078431372549 0.024509803921568627 0.024509803921568627
0 0.3229166666666667 0.6813725490196079 0.023284313725490197 0.029411764705882353
0 0.35110294117647056 0.6666666666666667 0.023284313725490197 0.0196078431372549
0 0.3517156862745098 0.6862745098039216 0.024509803921568627 0.026143790849673203
0 0.34620098039215685 0.7050653594771242 0.030637254901960783 0.02777777777777778
0 0.4099264705882353 0.6470588235294118 0.01838235294117647 0.016339869281045753
0 0.4209558823529412 0.6282679738562091 0.015931372549019607 0.021241830065359478
0 0.4375 0.6380718954248367 0.02696078431372549 0.024509803921568627
0 0.4375 0.6642156862745098 0.024509803921568627 0.021241830065359478
0 0.45588235294117646 0.6723856209150327 0.0196078431372549 0.021241830065359478
0 0.4577205882352941 0.6527777777777778 0.020833333333333332 0.021241830065359478
0 0.47181372549019607 0.6691176470588236 0.014705882352941176 0.02777777777777778
0 0.4699754901960784 0.6348039215686274 0.01838235294117647 0.02777777777777778
0 0.4852941176470588 0.625 0.014705882352941176 0.03431372549019608
0 0.4846813725490196 0.6544117647058824 0.01838235294117647 0.01797385620915033
0 0.5024509803921569 0.5972222222222222 0.031862745098039214 0.02777777777777778
0 0.5134803921568627 0.6258169934640523 0.02696078431372549 0.03594771241830066
0 0.5349264705882353 0.6380718954248367 0.015931372549019607 0.03431372549019608
0 0.5496323529411765 0.6274509803921569 0.020833333333333332 0.022875816993464054
0 0.5471813725490196 0.6928104575163399 0.030637254901960783 0.05228758169934641
0 0.571078431372549 0.6519607843137255 0.01715686274509804 0.04575163398692811
0 0.5906862745098039 0.6650326797385621 0.024509803921568627 0.026143790849673203
0 0.5998774509803921 0.6805555555555556 0.015931372549019607 0.01797385620915033
0 0.610906862745098 0.6993464052287582 0.025735294117647058 0.026143790849673203
0 0.6372549019607843 0.6968954248366013 0.0196078431372549 0.01797385620915033
0 0.5870098039215687 0.630718954248366 0.01715686274509804 0.016339869281045753
0 0.5980392156862745 0.6209150326797386 0.014705882352941176 0.013071895424836602
0 0.6151960784313726 0.6102941176470589 0.029411764705882353 0.021241830065359478
0 0.5833333333333334 0.6021241830065359 0.022058823529411763 0.03758169934640523
0 0.6121323529411765 0.6421568627450981 0.030637254901960783 0.029411764705882353
0 0.6409313725490196 0.5996732026143791 0.014705882352941176 0.029411764705882353
0 0.6354166666666666 0.6356209150326798 0.013480392156862746 0.0392156862745098
0 0.6268382352941176 0.673202614379085 0.04044117647058824 0.029411764705882353
0 0.6574754901960784 0.6723856209150327 0.025735294117647058 0.021241830065359478
0 0.6685049019607843 0.6576797385620915 0.01838235294117647 0.011437908496732027
0 0.65625 0.6462418300653595 0.023284313725490197 0.01797385620915033
0 0.6672794117647058 0.6233660130718954 0.0428921568627451 0.03104575163398693
0 0.6954656862745098 0.6151960784313726 0.015931372549019607 0.01797385620915033
0 0.7181372549019608 0.619281045751634 0.01715686274509804 0.022875816993464054
0 0.7279411764705882 0.6470588235294118 0.029411764705882353 0.022875816993464054
0 0.6966911764705882 0.6413398692810458 0.03553921568627451 0.03104575163398693
0 0.7542892156862745 0.6258169934640523 0.030637254901960783 0.022875816993464054
0 0.7028186274509803 0.678921568627451 0.03553921568627451 0.02777777777777778
0 0.7015931372549019 0.7034313725490197 0.025735294117647058 0.021241830065359478
0 0.7218137254901961 0.7173202614379085 0.02696078431372549 0.022875816993464054
0 0.7322303921568627 0.698529411764706 0.028186274509803922 0.021241830065359478
0 0.7340686274509803 0.6821895424836601 0.024509803921568627 0.021241830065359478
0 0.7579656862745098 0.6560457516339869 0.028186274509803922 0.03431372549019608
0 0.7757352941176471 0.6658496732026143 0.022058823529411763 0.024509803921568627
0 0.7536764705882353 0.7017973856209151 0.031862745098039214 0.05392156862745098
0 0.7953431372549019 0.7214052287581699 0.041666666666666664 0.04738562091503268
0 0.8216911764705882 0.7565359477124183 0.028186274509803922 0.03594771241830066
0 0.8284313725490196 0.7083333333333334 0.03676470588235294 0.04411764705882353
