0 0.5996732026143791 0.5269607843137255 0.04575163398692811 0.061274509803921566
0 0.4950980392156863 0.3388480392156863 0.03594771241830066 0.028186274509803922
0 0.9460784313725491 0.4522058823529412 0.026143790849673203 0.02696078431372549
0 0.542483660130719 0.1642156862745098 0.03594771241830066 0.02696078431372549
0 0.5465686274509804 0.13541666666666666 0.02777777777777778 0.028186274509803922
0 0.5457516339869282 0.11090686274509803 0.0196078431372549 0.011029411764705881
0 0.5547385620915033 0.09803921568627451 0.01797385620915033 0.014705882352941176
0 0.5743464052287582 0.08272058823529412 0.021241830065359478 0.025735294117647058
0 0.5751633986928105 0.11642156862745098 0.032679738562091505 0.031862745098039214
0 0.6062091503267975 0.04105392156862745 0.0196078431372549 0.015931372549019607
0 0.5547385620915033 0.024509803921568627 0.02777777777777778 0.024509803921568627
0 0.579248366013072 0.018995098039215685 0.02777777777777778 0.03308823529411765
0 0.6143790849673203 0.01838235294117647 0.016339869281045753 0.01715686274509804
0 0.6258169934640523 0.004901960784313725 0.013071895424836602 0.007352941176470588
0 0.8333333333333334 0.20220588235294118 0.022875816993464054 0.01715686274509804
0 0.8586601307189543 0.1323529411764706 0.03758169934640523 0.044117647058823525
0 0.8954248366013072 0.12254901960784313 0.029411764705882353 0.03676470588235294
0 0.8905228758169935 0.09681372549019608 0.026143790849673203 0.012254901960784314
0 0.875 0.10232843137254902 0.014705882352941176 0.013480392156862746
0 0.8570261437908497 0.0661764705882353 0.03431372549019608 0.0392156862745098
0 0.8619281045751634 0.010416666666666666 0.024509803921568627 0.015931372549019607
0 0.8839869281045752 0.006740196078431373 0.022875816993464054 0.011029411764705881
0 0.9044117647058824 0.005514705882352941 0.02777777777777778 0.00857843137254902
0 0.9076797385620915 0.018995098039215685 0.021241830065359478 0.015931372549019607
0 0.8872549019607844 0.023284313725490197 0.0196078431372549 0.0196078431372549
0 0.9011437908496732 0.06004901960784314 0.024509803921568627 0.02696078431372549
0 0.9109477124183006 0.03982843137254902 0.021241830065359478 0.020833333333333332
0 0.8284313725490197 0.4411764705882353 0.032679738562091505 0.031862745098039214
0 0.8169934640522876 0.4895833333333333 0.0196078431372549 0.015931372549019607
0 0.8366013071895425 0.49203431372549017 0.016339869281045753 0.015931372549019607
0 0.8774509803921569 0.5882352941176471 0.032679738562091505 0.029411764705882353
0 0.821078431372549 0.6121323529411765 0.024509803921568627 0.028186274509803922
0 0.8227124183006537 0.5821078431372549 0.03104575163398693 0.03676470588235294
0 0.8553921568627452 0.59375 0.014705882352941176 0.020833333333333332
0 0.8341503267973857 0.5649509803921569 0.01797385620915033 0.0196078431372549
0 0.8284313725490197 0.5465686274509803 0.026143790849673203 0.024509803921568627
0 0.5702614379084967 0.6268382352941176 0.029411764705882353 0.020833333333333332
0 0.5808823529411765 0.6636029411764706 0.02777777777777778 0.030637254901960783
0 0.5441176470588236 0.6752450980392157 0.04575163398692811 0.03676470588235294
0 0.45179738562091504 0.5882352941176471 0.03431372549019608 0.024509803921568627
0 0.16748366013071897 0.6004901960784313 0.021241830065359478 0.022058823529411763
0 0.08006535947712419 0.7512254901960784 0.029411764705882353 0.022058823529411763
0 0.20669934640522877 0.8265931372549019 0.057189542483660136 0.03799019607843137
0 0.5490196078431373 0.9901960784313726 0.029411764705882353 0.0196078431372549
0 0.5343137254901961 0.579656862745098 0.013071895424836602 0.014705882352941176
0 0.5473856209150327 0.5919117647058824 0.016339869281045753 0.01715686274509804
0 0.8496732026143791 0.44730392156862747 0.013071895424836602 0.01715686274509804
0 0.8186274509803921 0.5257352941176471 0.029411764705882353 0.02696078431372549
0 0.8390522875816994 0.5196078431372549 0.014705882352941176 0.00980392156862745
0 0.8488562091503268 0.5330882352941176 0.01797385620915033 0.024509803921568627
0 0.8529411764705883 0.5502450980392157 0.0196078431372549 0.022058823529411763
0 0.883169934640523 0.0778186274509804 0.014705882352941176 0.01838235294117647
0 0.8823529411764706 0.0625 0.013071895424836602 0.014705882352941176
0 0.8676470588235294 0.03982843137254902 0.0196078431372549 0.028186274509803922
0 0.8872549019607844 0.04044117647058824 0.0196078431372549 0.01715686274509804
0 0.8480392156862745 0.03615196078431372 0.016339869281045753 0.01838235294117647
0 0.8766339869281046 0.16115196078431374 0.014705882352941176 0.01838235294117647
