0 0.8218954248366014 0.22916666666666666 0.05555555555555556 0.05392156862745098
0 0.9142156862745099 0.31066176470588236 0.021241830065359478 0.028186274509803922
0 0.9281045751633987 0.3327205882352941 0.013071895424836602 0.023284313725490197
0 0.9101307189542484 0.3370098039215686 0.0196078431372549 0.031862745098039214
0 0.9068627450980392 0.36090686274509803 0.016339869281045753 0.023284313725490197
0 0.8986928104575164 0.37254901960784315 0.00980392156862745 0.012254901960784314
0 0.9264705882352942 0.36703431372549017 0.022875816993464054 0.023284313725490197
0 0.9150326797385622 0.39705882352941174 0.042483660130718956 0.04656862745098039
0 0.9142156862745099 0.4332107843137255 0.014705882352941176 0.01838235294117647
0 0.8929738562091504 0.4613970588235294 0.021241830065359478 0.015931372549019607
0 0.9044117647058824 0.4485294117647059 0.024509803921568627 0.03431372549019608
0 0.9281045751633987 0.45159313725490197 0.026143790849673203 0.03553921568627451
0 0.917483660130719 0.49142156862745096 0.01797385620915033 0.022058823529411763
0 0.9150326797385622 0.5116421568627451 0.016339869281045753 0.015931372549019607
0 0.8978758169934641 0.4993872549019608 0.03758169934640523 0.04044117647058824
0 0.8978758169934641 0.5772058823529411 0.024509803921568627 0.02696078431372549
0 0.6617647058823529 0.5747549019607843 0.029411764705882353 0.03431372549019608
0 0.6650326797385621 0.78125 0.022875816993464054 0.03553921568627451
0 0.8913398692810458 0.803921568627451 0.01797385620915033 0.02696078431372549
0 0.9093137254901961 0.7781862745098039 0.03104575163398693 0.044117647058823525
0 0.9575163398692811 0.7763480392156863 0.026143790849673203 0.03553921568627451
0 0.934640522875817 0.7904411764705882 0.022875816993464054 0.031862745098039214
0 0.954248366013072 0.8069852941176471 0.0196078431372549 0.028186274509803922
0 0.9117647058823529 0.8088235294117647 0.022875816993464054 0.022058823529411763
0 0.9436274509803921 0.8235294117647058 0.03104575163398693 0.02696078431372549
0 0.9109477124183006 0.8357843137254902 0.03758169934640523 0.03676470588235294
0 0.9395424836601307 0.8486519607843137 0.032679738562091505 0.028186274509803922
0 0.6225490196078431 0.9699754901960784 0.013071895424836602 0.025735294117647058
0 0.6405228758169935 0.977328431372549 0.016339869281045753 0.020833333333333332
0 0.6200980392156863 0.991421568627451 0.03431372549019608 0.014705882352941176
0 0.6454248366013072 0.9938725490196079 0.0196078431372549 0.012254901960784314
