0 0.9517973856209151 0.25245098039215685 0.024509803921568627 0.02696078431372549
0 0.6290849673202614 0.923406862745098 0.03594771241830066 0.023284313725490197
0 0.6593137254901961 0.7463235294117647 0.014705882352941176 0.0196078431372549
0 0.5931372549019608 0.8590686274509803 0.016339869281045753 0.01715686274509804
0 0.613562091503268 0.8584558823529411 0.01797385620915033 0.00857843137254902
0 0.5841503267973857 0.8400735294117647 0.021241830065359478 0.015931372549019607
0 0.6200980392156863 0.8370098039215687 0.03758169934640523 0.02696078431372549
0 0.6683006535947713 0.8363970588235294 0.0392156862745098 0.0428921568627451
0 0.6462418300653595 0.8174019607843137 0.03104575163398693 0.022058823529411763
0 0.6176470588235294 0.8167892156862745 0.0196078431372549 0.020833333333333332
0 0.5980392156862745 0.803921568627451 0.0196078431372549 0.01715686274509804
0 0.6535947712418301 0.7953431372549019 0.0196078431372549 0.0196078431372549
0 0.6299019607843137 0.7922794117647058 0.03104575163398693 0.03308823529411765
0 0.6127450980392157 0.7806372549019608 0.013071895424836602 0.01715686274509804
0 0.6413398692810458 0.7610294117647058 0.011437908496732027 0.0196078431372549
0 0.6233660130718954 0.7598039215686274 0.011437908496732027 0.01715686274509804
0 0.6323529411764706 0.7383578431372549 0.022875816993464054 0.01838235294117647
0 0.9689542483660131 0.6341911764705882 0.0196078431372549 0.028186274509803922
0 0.5375816993464052 0.35049019607843135 0.03594771241830066 0.041666666666666664
0 0.6887254901960784 0.20955882352941177 0.014705882352941176 0.0196078431372549
