0 0.5898692810457516 0.3995098039215686 0.026143790849673203 0.024509803921568627
0 0.6299019607843137 0.6599264705882353 0.04084967320261438 0.030637254901960783
0 0.38643790849673204 0.6899509803921569 0.03758169934640523 0.02696078431372549
0 0.3962418300653595 0.8848039215686274 0.05065359477124183 0.044117647058823525
0 0.7107843137254902 0.7953431372549019 0.0392156862745098 0.031862745098039214
0 0.8921568627450981 0.7224264705882353 0.03594771241830066 0.03308823529411765
0 0.9460784313725491 0.7322303921568627 0.04575163398692811 0.0428921568627451
0 0.9428104575163399 0.8063725490196079 0.026143790849673203 0.022058823529411763
0 0.9101307189542484 0.8112745098039216 0.026143790849673203 0.02696078431372549
0 0.9019607843137255 0.7696078431372549 0.07189542483660132 0.04656862745098039
0 0.8717320261437909 0.7996323529411764 0.01797385620915033 0.013480392156862746
0 0.8602941176470589 0.8161764705882353 0.03104575163398693 0.02696078431372549
0 0.883169934640523 0.8278186274509803 0.024509803921568627 0.05024509803921569
0 0.9297385620915033 0.84375 0.04575163398692811 0.05024509803921569
0 0.8905228758169935 0.866421568627451 0.016339869281045753 0.024509803921568627
0 0.8651960784313726 0.8854166666666666 0.01797385620915033 0.023284313725490197
0 0.8856209150326798 0.8872549019607843 0.022875816993464054 0.022058823529411763
0 0.8741830065359477 0.9136029411764706 0.029411764705882353 0.030637254901960783
0 0.9076797385620915 0.9356617647058824 0.02777777777777778 0.025735294117647058
0 0.9321895424836601 0.9325980392156863 0.01797385620915033 0.01715686274509804
0 0.9452614379084968 0.9626225490196079 0.021241830065359478 0.028186274509803922
0 0.9142156862745099 0.9724264705882353 0.02777777777777778 0.030637254901960783
0 0.8676470588235294 0.9816176470588235 0.026143790849673203 0.031862745098039214
0 0.8733660130718954 0.9497549019607843 0.05065359477124183 0.03676470588235294
0 0.9321895424836601 0.5361519607843137 0.01797385620915033 0.015931372549019607
