0 0.08333333333333334 0.40625 0.022875816993464054 0.023284313725490197
0 0.08088235294117647 0.38112745098039214 0.03431372549019608 0.022058823529411763
0 0.07434640522875817 0.34987745098039214 0.01797385620915033 0.015931372549019607
0 0.08088235294117647 0.33455882352941174 0.01797385620915033 0.014705882352941176
0 0.06454248366013073 0.33394607843137253 0.014705882352941176 0.015931372549019607
0 0.05800653594771242 0.321078431372549 0.021241830065359478 0.014705882352941176
0 0.03431372549019608 0.29963235294117646 0.04575163398692811 0.028186274509803922
0 0.01797385620915033 0.2775735294117647 0.00980392156862745 0.015931372549019607
0 0.03676470588235294 0.2775735294117647 0.011437908496732027 0.011029411764705881
0 0.03022875816993464 0.25980392156862747 0.011437908496732027 0.012254901960784314
0 0.03349673202614379 0.24448529411764705 0.008169934640522876 0.00857843137254902
0 0.022058823529411766 0.2420343137254902 0.014705882352941176 0.00857843137254902
0 0.01388888888888889 0.2555147058823529 0.008169934640522876 0.013480392156862746
0 0.40522875816993464 0.4185049019607843 0.022875816993464054 0.01838235294117647
0 0.6176470588235294 0.3014705882352941 0.029411764705882353 0.014705882352941176
0 0.09967320261437909 0.8045343137254902 0.022875816993464054 0.023284313725490197
0 0.10784313725490197 0.8486519607843137 0.0196078431372549 0.023284313725490197
0 0.13970588235294118 0.8651960784313726 0.02777777777777778 0.022058823529411763
0 0.13480392156862744 0.8449754901960784 0.01797385620915033 0.015931372549019607
0 0.12745098039215685 0.7977941176470588 0.0196078431372549 0.0196078431372549
0 0.14297385620915032 0.7996323529411764 0.011437908496732027 0.013480392156862746
0 0.14133986928104575 0.8198529411764706 0.024509803921568627 0.024509803921568627
0 0.16094771241830066 0.8560049019607843 0.011437908496732027 0.013480392156862746
0 0.17892156862745098 0.8137254901960784 0.014705882352941176 0.0196078431372549
0 0.19607843137254902 0.8327205882352942 0.022875816993464054 0.00857843137254902
0 0.7058823529411765 0.08762254901960784 0.0196078431372549 0.023284313725490197
0 0.5727124183006536 0.003676470588235294 0.008169934640522876 0.004901960784313725
0 0.5669934640522876 0.014093137254901961 0.013071895424836602 0.00857843137254902
0 0.5759803921568628 0.028186274509803922 0.011437908496732027 0.014705882352941176
0 0.5972222222222222 0.016544117647058824 0.03431372549019608 0.030637254901960783
0 0.5334967320261438 0.13174019607843138 0.014705882352941176 0.015931372549019607
0 0.5767973856209151 0.11029411764705882 0.016339869281045753 0.00980392156862745
0 0.5555555555555556 0.09620098039215687 0.032679738562091505 0.025735294117647058
0 0.11764705882352941 0.8137254901960784 0.013071895424836602 0.012254901960784314
0 0.11029411764705882 0.8241421568627451 0.011437908496732027 0.013480392156862746
0 0.12173202614379085 0.8333333333333334 0.014705882352941176 0.01715686274509804
0 0.1642156862745098 0.8235294117647058 0.02777777777777778 0.024509803921568627
0 0.15522875816993464 0.8419117647058824 0.016339869281045753 0.01715686274509804
0 0.1715686274509804 0.8406862745098039 0.013071895424836602 0.0196078431372549
0 0.16911764705882354 0.8682598039215687 0.01797385620915033 0.011029411764705881
0 0.5637254901960784 0.03860294117647059 0.00980392156862745 0.01838235294117647
0 0.5514705882352942 0.042279411764705885 0.011437908496732027 0.015931372549019607
0 0.5620915032679739 0.05269607843137255 0.00980392156862745 0.01715686274509804
0 0.5743464052287582 0.051470588235294115 0.014705882352941176 0.01715686274509804
0 0.5694444444444444 0.06985294117647059 0.01797385620915033 0.024509803921568627
0 0.5555555555555556 0.0778186274509804 0.00980392156862745 0.011029411764705881
0 0.5465686274509804 0.06495098039215687 0.024509803921568627 0.031862745098039214
0 0.5310457516339869 0.07720588235294118 0.013071895424836602 0.014705882352941176
0 0.5302287581699346 0.08884803921568628 0.01797385620915033 0.013480392156862746
0 0.5285947712418301 0.10355392156862744 0.014705882352941176 0.015931372549019607
0 0.5433006535947713 0.11764705882352941 0.011437908496732027 0.01715686274509804
0 0.5547385620915033 0.12193627450980392 0.01797385620915033 0.013480392156862746
0 0.5678104575163399 0.11642156862745098 0.014705882352941176 0.014705882352941176
0 0.08088235294117647 0.8155637254901961 0.03431372549019608 0.030637254901960783
