0 0.6821895424836601 0.5753676470588235 0.02777777777777778 0.028186274509803922
0 0.6968954248366013 0.6035539215686274 0.024509803921568627 0.028186274509803922
0 0.7058823529411765 0.6323529411764706 0.026143790849673203 0.029411764705882353
0 0.6380718954248367 0.27205882352941174 0.03431372549019608 0.031862745098039214
0 0.6527777777777778 0.1482843137254902 0.01797385620915033 0.012254901960784314
0 0.6503267973856209 0.16237745098039216 0.00980392156862745 0.013480392156862746
0 0.667483660130719 0.1605392156862745 0.011437908496732027 0.012254901960784314
0 0.684640522875817 0.16789215686274508 0.013071895424836602 0.012254901960784314
0 0.6928104575163399 0.18872549019607843 0.00980392156862745 0.01715686274509804
0 0.6854575163398693 0.20894607843137256 0.014705882352941176 0.015931372549019607
0 0.6527777777777778 0.18259803921568626 0.011437908496732027 0.022058823529411763
0 0.673202614379085 0.18504901960784315 0.029411764705882353 0.031862745098039214
0 0.698529411764706 0.006127450980392157 0.011437908496732027 0.00980392156862745
0 0.6830065359477124 0.009191176470588236 0.013071895424836602 0.013480392156862746
0 0.6699346405228759 0.015318627450980392 0.0196078431372549 0.015931372549019607
0 0.7009803921568628 0.03308823529411765 0.03594771241830066 0.031862745098039214
0 0.6911764705882353 0.04840686274509804 0.016339869281045753 0.013480392156862746
0 0.7066993464052288 0.06066176470588235 0.014705882352941176 0.015931372549019607
0 0.6584967320261438 0.04718137254901961 0.013071895424836602 0.013480392156862746
0 0.6781045751633987 0.0545343137254902 0.0196078431372549 0.023284313725490197
0 0.6625816993464052 0.06372549019607843 0.014705882352941176 0.014705882352941176
0 0.6740196078431373 0.08333333333333333 0.021241830065359478 0.0196078431372549
0 0.6944444444444444 0.08394607843137254 0.032679738562091505 0.030637254901960783
0 0.6870915032679739 0.10355392156862744 0.01797385620915033 0.015931372549019607
0 0.696078431372549 0.1170343137254902 0.013071895424836602 0.01838235294117647
