0 0.7336601307189543 0.4834558823529412 0.0196078431372549 0.028186274509803922
0 0.7222222222222222 0.5281862745098039 0.029411764705882353 0.022058823529411763
0 0.7156862745098039 0.548406862745098 0.029411764705882353 0.025735294117647058
0 0.8161764705882353 0.39705882352941174 0.01797385620915033 0.02696078431372549
0 0.8447712418300654 0.39828431372549017 0.03594771241830066 0.041666666666666664
0 0.8676470588235294 0.4270833333333333 0.022875816993464054 0.020833333333333332
0 0.8513071895424836 0.45465686274509803 0.013071895424836602 0.01715686274509804
0 0.803921568627451 0.4417892156862745 0.016339869281045753 0.020833333333333332
0 0.8300653594771242 0.4644607843137255 0.022875816993464054 0.022058823529411763
0 0.863562091503268 0.4834558823529412 0.014705882352941176 0.01838235294117647
0 0.8464052287581699 0.48161764705882354 0.013071895424836602 0.0196078431372549
0 0.8333333333333334 0.4926470588235294 0.013071895424836602 0.0196078431372549
0 0.8145424836601307 0.49080882352941174 0.021241830065359478 0.025735294117647058
0 0.7859477124183006 0.4742647058823529 0.029411764705882353 0.029411764705882353
0 0.7900326797385621 0.5189950980392157 0.024509803921568627 0.020833333333333332
0 0.8071895424836601 0.5110294117647058 0.022875816993464054 0.024509803921568627
0 0.8374183006535948 0.5232843137254902 0.03758169934640523 0.03431372549019608
0 0.8929738562091504 0.5183823529411765 0.021241830065359478 0.02696078431372549
0 0.880718954248366 0.5545343137254902 0.016339869281045753 0.025735294117647058
0 0.7859477124183006 0.5435049019607843 0.022875816993464054 0.030637254901960783
0 0.8178104575163399 0.5447303921568627 0.03431372549019608 0.03308823529411765
0 0.8684640522875817 0.579656862745098 0.011437908496732027 0.014705882352941176
0 0.8905228758169935 0.5839460784313726 0.026143790849673203 0.028186274509803922
0 0.7933006535947713 0.5759803921568627 0.021241830065359478 0.022058823529411763
0 0.8243464052287582 0.5980392156862745 0.024509803921568627 0.022058823529411763
0 0.8504901960784313 0.5955882352941176 0.024509803921568627 0.02696078431372549
0 0.8725490196078431 0.6047794117647058 0.0392156862745098 0.030637254901960783
0 0.9003267973856209 0.6182598039215687 0.029411764705882353 0.023284313725490197
0 0.7916666666666667 0.6096813725490196 0.02777777777777778 0.03553921568627451
0 0.8137254901960784 0.6170343137254902 0.03594771241830066 0.028186274509803922
0 0.8529411764705883 0.6299019607843137 0.032679738562091505 0.03676470588235294
0 0.8161764705882353 0.6507352941176471 0.03431372549019608 0.0392156862745098
0 0.8423202614379085 0.6580882352941176 0.021241830065359478 0.024509803921568627
0 0.880718954248366 0.6433823529411765 0.032679738562091505 0.03676470588235294
0 0.9019607843137255 0.6587009803921569 0.022875816993464054 0.023284313725490197
0 0.8741830065359477 0.6703431372549019 0.029411764705882353 0.02696078431372549
0 0.7957516339869282 0.6783088235294118 0.016339869281045753 0.020833333333333332
0 0.8276143790849674 0.6917892156862745 0.04738562091503268 0.03553921568627451
0 0.8627450980392157 0.6856617647058824 0.042483660130718956 0.03308823529411765
0 0.9035947712418301 0.6985294117647058 0.03594771241830066 0.031862745098039214
0 0.8823529411764706 0.7083333333333334 0.04575163398692811 0.022058823529411763
0 0.857843137254902 0.7156862745098039 0.0392156862745098 0.01715686274509804
0 0.8259803921568628 0.71875 0.02777777777777778 0.025735294117647058
0 0.8431372549019608 0.7475490196078431 0.042483660130718956 0.0392156862745098
0 0.8848039215686275 0.7475490196078431 0.03431372549019608 0.049019607843137254
0 0.8619281045751634 0.7751225490196079 0.021241830065359478 0.01838235294117647
0 0.8782679738562091 0.8192401960784313 0.02777777777777778 0.023284313725490197
0 0.9011437908496732 0.9650735294117647 0.01797385620915033 0.030637254901960783
0 0.8251633986928105 0.43504901960784315 0.029411764705882353 0.03676470588235294
0 0.8545751633986929 0.4387254901960784 0.029411764705882353 0.029411764705882353
0 0.8080065359477124 0.4681372549019608 0.021241830065359478 0.022058823529411763
0 0.8782679738562091 0.5324754901960784 0.014705882352941176 0.023284313725490197
0 0.8022875816993464 0.5661764705882353 0.022875816993464054 0.031862745098039214
0 0.8259803921568628 0.5759803921568627 0.021241830065359478 0.031862745098039214
0 0.8488562091503268 0.5557598039215687 0.04411764705882353 0.025735294117647058
0 0.8513071895424836 0.5765931372549019 0.022875816993464054 0.023284313725490197
0 0.8790849673202614 0.7800245098039216 0.016339869281045753 0.015931372549019607
0 0.8962418300653595 0.7720588235294118 0.014705882352941176 0.0196078431372549
0 0.8700980392156863 0.7928921568627451 0.021241830065359478 0.022058823529411763
0 0.8905228758169935 0.7965686274509803 0.0196078431372549 0.01715686274509804
