0 0.8006535947712419 0.03308823529411765 0.0196078431372549 0.02696078431372549
0 0.7197712418300654 0.0704656862745098 0.04084967320261438 0.04044117647058824
0 0.7271241830065359 0.10049019607843138 0.0196078431372549 0.0196078431372549
0 0.7410130718954249 0.09681372549019608 0.021241830065359478 0.022058823529411763
0 0.7998366013071896 0.31556372549019607 0.021241830065359478 0.023284313725490197
0 0.8284313725490197 0.3290441176470588 0.032679738562091505 0.015931372549019607
0 0.7990196078431373 0.34068627450980393 0.0392156862745098 0.02696078431372549
0 0.8080065359477124 0.37683823529411764 0.03431372549019608 0.0428921568627451
0 0.8055555555555556 0.4007352941176471 0.013071895424836602 0.00980392156862745
0 0.8308823529411765 0.4056372549019608 0.01797385620915033 0.00980392156862745
0 0.8120915032679739 0.41360294117647056 0.00980392156862745 0.011029411764705881
0 0.8267973856209151 0.4185049019607843 0.016339869281045753 0.013480392156862746
0 0.7933006535947713 0.4099264705882353 0.02777777777777778 0.023284313725490197
0 0.8129084967320261 0.4368872549019608 0.02777777777777778 0.030637254901960783
0 0.8349673202614379 0.4528186274509804 0.0196078431372549 0.015931372549019607
0 0.8227124183006537 0.46017156862745096 0.021241830065359478 0.015931372549019607
0 0.7933006535947713 0.4797794117647059 0.01797385620915033 0.013480392156862746
0 0.8161764705882353 0.47487745098039214 0.024509803921568627 0.015931372549019607
0 0.8137254901960784 0.4883578431372549 0.029411764705882353 0.015931372549019607
0 0.8431372549019608 0.5030637254901961 0.016339869281045753 0.023284313725490197
0 0.8267973856209151 0.5012254901960784 0.0196078431372549 0.01715686274509804
0 0.803921568627451 0.5018382352941176 0.022875816993464054 0.023284313725490197
0 0.8382352941176471 0.5220588235294118 0.013071895424836602 0.012254901960784314
0 0.7491830065359477 0.5416666666666666 0.03104575163398693 0.024509803921568627
0 0.8513071895424836 0.5428921568627451 0.029411764705882353 0.022058823529411763
0 0.8251633986928105 0.5447303921568627 0.016339869281045753 0.023284313725490197
0 0.7883986928104575 0.5379901960784313 0.021241830065359478 0.022058823529411763
0 0.7834967320261438 0.5557598039215687 0.024509803921568627 0.013480392156862746
0 0.8080065359477124 0.5533088235294118 0.03104575163398693 0.015931372549019607
0 0.8071895424836601 0.5637254901960784 0.029411764705882353 0.014705882352941176
0 0.8382352941176471 0.5643382352941176 0.0196078431372549 0.015931372549019607
0 0.8562091503267975 0.5594362745098039 0.022875816993464054 0.025735294117647058
0 0.8496732026143791 0.5772058823529411 0.0196078431372549 0.022058823529411763
0 0.7908496732026145 0.5747549019607843 0.0392156862745098 0.024509803921568627
0 0.823529411764706 0.5845588235294118 0.026143790849673203 0.03431372549019608
0 0.8488562091503268 0.6066176470588235 0.03431372549019608 0.0392156862745098
0 0.8186274509803921 0.6115196078431372 0.016339869281045753 0.014705882352941176
0 0.7949346405228759 0.5949754901960784 0.01797385620915033 0.015931372549019607
0 0.7753267973856209 0.5943627450980392 0.01797385620915033 0.024509803921568627
0 0.7549019607843137 0.5998774509803921 0.013071895424836602 0.015931372549019607
0 0.8423202614379085 0.6482843137254902 0.01797385620915033 0.01715686274509804
0 0.815359477124183 0.6427696078431372 0.032679738562091505 0.03308823529411765
0 0.7589869281045751 0.647671568627451 0.03104575163398693 0.013480392156862746
0 0.7965686274509804 0.6593137254901961 0.021241830065359478 0.012254901960784314
0 0.7549019607843137 0.6158088235294118 0.022875816993464054 0.00857843137254902
0 0.7826797385620915 0.6090686274509803 0.022875816993464054 0.014705882352941176
0 0.7973856209150327 0.6200980392156863 0.0196078431372549 0.01715686274509804
0 0.7785947712418301 0.6366421568627451 0.04084967320261438 0.028186274509803922
0 0.8594771241830066 0.7512254901960784 0.022875816993464054 0.02696078431372549
0 0.8316993464052288 0.7450980392156863 0.016339869281045753 0.022058823529411763
0 0.8145424836601307 0.7493872549019608 0.021241830065359478 0.01838235294117647
0 0.8022875816993464 0.7947303921568627 0.03594771241830066 0.030637254901960783
0 0.8202614379084967 0.8314950980392157 0.0196078431372549 0.015931372549019607
0 0.8431372549019608 0.8302696078431372 0.0196078431372549 0.01838235294117647
0 0.8227124183006537 0.5220588235294118 0.01797385620915033 0.022058823529411763
