0 0.05147058823529412 0.27512254901960786 0.024509803921568627 0.025735294117647058
0 0.10375816993464053 0.3112745098039216 0.021241830065359478 0.022058823529411763
0 0.02369281045751634 0.031862745098039214 0.021241830065359478 0.02696078431372549
0 0.07107843137254902 0.4895833333333333 0.021241830065359478 0.023284313725490197
0 0.042483660130718956 0.5839460784313726 0.016339869281045753 0.01838235294117647
0 0.04820261437908497 0.3627450980392157 0.021241830065359478 0.014705882352941176
0 0.032679738562091505 0.4932598039215686 0.016339869281045753 0.020833333333333332
0 0.018790849673202614 0.4993872549019608 0.011437908496732027 0.01838235294117647
0 0.005718954248366014 0.5153186274509803 0.008169934640522876 0.01838235294117647
0 0.011437908496732027 0.5189950980392157 0.013071895424836602 0.01838235294117647
0 0.035130718954248366 0.539828431372549 0.011437908496732027 0.020833333333333332
0 0.00980392156862745 0.5514705882352942 0.00980392156862745 0.014705882352941176
0 0.0196078431372549 0.5508578431372549 0.013071895424836602 0.013480392156862746
0 0.032679738562091505 0.5575980392156863 0.013071895424836602 0.014705882352941176
0 0.024509803921568627 0.5269607843137255 0.029411764705882353 0.03431372549019608
0 0.03022875816993464 0.5735294117647058 0.01797385620915033 0.0196078431372549
0 0.005718954248366014 0.5661764705882353 0.008169934640522876 0.01715686274509804
0 0.015522875816993464 0.5686274509803921 0.01797385620915033 0.0196078431372549
