0 0.15441176470588236 0.3112745098039216 0.021241830065359478 0.014705882352941176
0 0.13725490196078433 0.3167892156862745 0.013071895424836602 0.011029411764705881
0 0.1519607843137255 0.3388480392156863 0.032679738562091505 0.03308823529411765
0 0.12826797385620917 0.3382352941176471 0.011437908496732027 0.012254901960784314
0 0.12173202614379085 0.36090686274509803 0.01797385620915033 0.01838235294117647
0 0.14133986928104575 0.3694852941176471 0.01797385620915033 0.013480392156862746
0 0.2058823529411765 0.45588235294117646 0.013071895424836602 0.01715686274509804
0 0.19035947712418302 0.45159313725490197 0.014705882352941176 0.020833333333333332
0 0.1519607843137255 0.44730392156862747 0.0196078431372549 0.01715686274509804
0 0.14297385620915032 0.46875 0.021241830065359478 0.015931372549019607
0 0.16258169934640523 0.4724264705882353 0.014705882352941176 0.023284313725490197
0 0.17973856209150327 0.4724264705882353 0.016339869281045753 0.020833333333333332
0 0.1968954248366013 0.4810049019607843 0.014705882352941176 0.015931372549019607
0 0.2246732026143791 0.5030637254901961 0.014705882352941176 0.015931372549019607
0 0.20833333333333334 0.49816176470588236 0.01797385620915033 0.020833333333333332
0 0.2058823529411765 0.5196078431372549 0.016339869281045753 0.01715686274509804
0 0.18627450980392157 0.49142156862745096 0.016339869281045753 0.01715686274509804
0 0.18790849673202614 0.5110294117647058 0.029411764705882353 0.024509803921568627
0 0.16748366013071897 0.5006127450980392 0.01797385620915033 0.01838235294117647
0 0.14787581699346405 0.49080882352941174 0.01797385620915033 0.020833333333333332
0 0.11846405228758171 0.49754901960784315 0.021241830065359478 0.022058823529411763
0 0.13725490196078433 0.5073529411764706 0.022875816993464054 0.0196078431372549
0 0.1593137254901961 0.5257352941176471 0.03431372549019608 0.03431372549019608
0 0.12826797385620917 0.5208333333333334 0.03431372549019608 0.024509803921568627
0 0.10212418300653595 0.5251225490196079 0.021241830065359478 0.020833333333333332
0 0.10620915032679738 0.5373774509803921 0.0196078431372549 0.020833333333333332
0 0.12990196078431374 0.5453431372549019 0.024509803921568627 0.022058823529411763
0 0.20016339869281047 0.5533088235294118 0.01797385620915033 0.020833333333333332
0 0.14460784313725492 0.610906862745098 0.024509803921568627 0.030637254901960783
0 0.08496732026143791 0.6115196078431372 0.016339869281045753 0.01715686274509804
0 0.12091503267973856 0.6384803921568627 0.0196078431372549 0.022058823529411763
0 0.09803921568627451 0.5723039215686274 0.022875816993464054 0.024509803921568627
0 0.18218954248366015 0.5404411764705882 0.03758169934640523 0.022058823529411763
0 0.11683006535947713 0.5575980392156863 0.014705882352941176 0.014705882352941176
0 0.1454248366013072 0.5741421568627451 0.022875816993464054 0.028186274509803922
0 0.15114379084967322 0.5575980392156863 0.01797385620915033 0.022058823529411763
0 0.16666666666666669 0.5643382352941176 0.016339869281045753 0.025735294117647058
0 0.18382352941176472 0.5594362745098039 0.014705882352941176 0.023284313725490197
0 0.125 0.5753676470588235 0.024509803921568627 0.023284313725490197
0 0.125 0.5980392156862745 0.02777777777777778 0.02696078431372549
0 0.12091503267973856 0.6182598039215687 0.016339869281045753 0.01838235294117647
