0 0.10866013071895425 0.13909313725490197 0.04411764705882353 0.03553921568627451
0 0.11356209150326797 0.47855392156862747 0.03431372549019608 0.028186274509803922
0 0.09803921568627451 0.5055147058823529 0.029411764705882353 0.028186274509803922
0 0.09558823529411765 0.548406862745098 0.021241830065359478 0.025735294117647058
0 0.08415032679738563 0.5778186274509803 0.024509803921568627 0.023284313725490197
0 0.19771241830065361 0.6390931372549019 0.026143790849673203 0.030637254901960783
0 0.16666666666666669 0.6580882352941176 0.0196078431372549 0.014705882352941176
0 0.1911764705882353 0.7162990196078431 0.022875816993464054 0.01838235294117647
0 0.10702614379084968 0.6617647058823529 0.03431372549019608 0.022058823529411763
0 0.1388888888888889 0.6783088235294118 0.05228758169934641 0.03799019607843137
0 0.10457516339869281 0.6936274509803921 0.026143790849673203 0.0196078431372549
0 0.14215686274509803 0.7138480392156863 0.06209150326797386 0.03308823529411765
0 0.11356209150326797 0.7285539215686274 0.01797385620915033 0.00857843137254902
0 0.13970588235294118 0.741421568627451 0.03104575163398693 0.03431372549019608
0 0.08496732026143791 0.7162990196078431 0.049019607843137254 0.04534313725490196
0 0.06862745098039216 0.735906862745098 0.029411764705882353 0.030637254901960783
0 0.10049019607843138 0.7561274509803921 0.04084967320261438 0.0392156862745098
0 0.16258169934640523 0.7598039215686274 0.01797385620915033 0.02696078431372549
0 0.18300653594771243 0.7463235294117647 0.0196078431372549 0.01715686274509804
0 0.184640522875817 0.7640931372549019 0.0196078431372549 0.015931372549019607
0 0.22303921568627452 0.8370098039215687 0.021241830065359478 0.024509803921568627
0 0.04656862745098039 0.7591911764705882 0.024509803921568627 0.03308823529411765
0 0.06781045751633988 0.7708333333333334 0.021241830065359478 0.0196078431372549
0 0.04575163398692811 0.8045343137254902 0.022875816993464054 0.03308823529411765
0 0.06862745098039216 0.8002450980392157 0.029411764705882353 0.0196078431372549
0 0.09967320261437909 0.7910539215686274 0.0196078431372549 0.023284313725490197
0 0.14215686274509803 0.7806372549019608 0.022875816993464054 0.029411764705882353
0 0.16013071895424838 0.7886029411764706 0.026143790849673203 0.01838235294117647
0 0.13562091503267976 0.8057598039215687 0.042483660130718956 0.030637254901960783
0 0.10457516339869281 0.8174019607843137 0.032679738562091505 0.02696078431372549
0 0.09558823529411765 0.8345588235294118 0.01797385620915033 0.01715686274509804
0 0.06127450980392157 0.8363970588235294 0.03104575163398693 0.03553921568627451
0 0.08169934640522876 0.7818627450980392 0.016339869281045753 0.024509803921568627
