0 0.6446078431372549 0.06454248366013073 0.041666666666666664 0.057189542483660136
0 0.3167892156862745 0.43218954248366015 0.03799019607843137 0.03758169934640523
0 0.26286764705882354 0.5457516339869282 0.03553921568627451 0.04575163398692811
0 0.2113970588235294 0.5825163398692811 0.03553921568627451 0.05065359477124183
0 0.11580882352941177 0.6364379084967321 0.020833333333333332 0.02777777777777778
0 0.47549019607843135 0.5433006535947713 0.022058823529411763 0.03431372549019608
0 0.22732843137254902 0.6331699346405228 0.013480392156862746 0.03431372549019608
0 0.2536764705882353 0.6217320261437909 0.03676470588235294 0.024509803921568627
0 0.25 0.6486928104575164 0.0392156862745098 0.03594771241830066
0 0.2689950980392157 0.6617647058823529 0.020833333333333332 0.032679738562091505
0 0.28370098039215685 0.6209150326797386 0.023284313725490197 0.022875816993464054
0 0.2800245098039216 0.6372549019607844 0.020833333333333332 0.016339869281045753
0 0.28860294117647056 0.6527777777777778 0.025735294117647058 0.01797385620915033
0 0.3069852941176471 0.6756535947712419 0.04534313725490196 0.03758169934640523
0 0.31985294117647056 0.6380718954248367 0.044117647058823525 0.04084967320261438
0 0.3474264705882353 0.6519607843137255 0.023284313725490197 0.0196078431372549
0 0.3909313725490196 0.6870915032679739 0.04656862745098039 0.03758169934640523
0 0.585171568627451 0.5522875816993464 0.020833333333333332 0.03594771241830066
0 0.5563725490196079 0.5604575163398693 0.044117647058823525 0.0392156862745098
0 0.5772058823529411 0.5808823529411765 0.012254901960784314 0.021241830065359478
0 0.5686274509803921 0.6519607843137255 0.014705882352941176 0.0196078431372549
0 0.5692401960784313 0.6258169934640523 0.015931372549019607 0.032679738562091505
0 0.5974264705882353 0.619281045751634 0.04044117647058824 0.04575163398692811
0 0.6274509803921569 0.6519607843137255 0.029411764705882353 0.026143790849673203
0 0.610906862745098 0.5808823529411765 0.0428921568627451 0.03431372549019608
0 0.6292892156862745 0.5964052287581699 0.030637254901960783 0.0392156862745098
0 0.6544117647058824 0.5931372549019608 0.024509803921568627 0.022875816993464054
0 0.6488970588235294 0.613562091503268 0.030637254901960783 0.02777777777777778
0 0.7965686274509803 0.6952614379084967 0.03431372549019608 0.024509803921568627
0 0.5808823529411765 0.4354575163398693 0.0196078431372549 0.03431372549019608
0 0.006740196078431373 0.4861111111111111 0.011029411764705881 0.03431372549019608
0 0.9895833333333334 0.9656862745098039 0.01838235294117647 0.0196078431372549
