0 0.12826797385620917 0.40870098039215685 0.011437908496732027 0.015931372549019607
0 0.09722222222222222 0.42830882352941174 0.008169934640522876 0.011029411764705881
0 0.11519607843137256 0.4613970588235294 0.03431372549019608 0.028186274509803922
0 0.0727124183006536 0.4742647058823529 0.008169934640522876 0.014705882352941176
0 0.06781045751633988 0.49080882352941174 0.014705882352941176 0.013480392156862746
0 0.07761437908496732 0.5049019607843137 0.011437908496732027 0.014705882352941176
0 0.10620915032679738 0.5153186274509803 0.022875816993464054 0.030637254901960783
0 0.13970588235294118 0.4938725490196078 0.01797385620915033 0.014705882352941176
0 0.12990196078431374 0.5140931372549019 0.01797385620915033 0.015931372549019607
0 0.14215686274509803 0.5582107843137255 0.013071895424836602 0.015931372549019607
0 0.05065359477124183 0.5159313725490196 0.016339869281045753 0.012254901960784314
0 0.07761437908496732 0.5202205882352942 0.004901960784313725 0.011029411764705881
0 0.058823529411764705 0.5263480392156863 0.016339869281045753 0.015931372549019607
0 0.05310457516339869 0.5453431372549019 0.008169934640522876 0.01715686274509804
0 0.07352941176470588 0.5404411764705882 0.026143790849673203 0.0392156862745098
0 0.10375816993464053 0.5471813725490196 0.03431372549019608 0.03308823529411765
0 0.056372549019607844 0.5772058823529411 0.02777777777777778 0.0392156862745098
0 0.09068627450980392 0.5808823529411765 0.03758169934640523 0.03431372549019608
0 0.12663398692810457 0.5808823529411765 0.02777777777777778 0.03431372549019608
0 0.04738562091503268 0.6121323529411765 0.03594771241830066 0.030637254901960783
0 0.10702614379084968 0.6035539215686274 0.021241830065359478 0.03308823529411765
0 0.08496732026143791 0.6237745098039216 0.032679738562091505 0.03676470588235294
0 0.08823529411764706 0.6917892156862745 0.029411764705882353 0.03799019607843137
0 0.08251633986928104 0.46875 0.011437908496732027 0.015931372549019607
0 0.0923202614379085 0.45955882352941174 0.011437908496732027 0.0196078431372549
0 0.08251633986928104 0.4466911764705882 0.011437908496732027 0.015931372549019607
0 0.07107843137254902 0.4368872549019608 0.011437908496732027 0.01838235294117647
0 0.08496732026143791 0.4307598039215686 0.013071895424836602 0.013480392156862746
0 0.09640522875816994 0.4411764705882353 0.013071895424836602 0.014705882352941176
0 0.08905228758169935 0.4172794117647059 0.021241830065359478 0.011029411764705881
0 0.12009803921568628 0.4258578431372549 0.014705882352941176 0.01838235294117647
0 0.14624183006535948 0.43933823529411764 0.014705882352941176 0.015931372549019607
0 0.12009803921568628 0.4424019607843137 0.011437908496732027 0.014705882352941176
0 0.12336601307189543 0.4846813725490196 0.014705882352941176 0.01838235294117647
0 0.10212418300653595 0.48590686274509803 0.03431372549019608 0.025735294117647058
0 0.12745098039215685 0.5275735294117647 0.013071895424836602 0.013480392156862746
0 0.12336601307189543 0.5435049019607843 0.011437908496732027 0.015931372549019607
0 0.07598039215686275 0.5992647058823529 0.014705882352941176 0.014705882352941176
0 0.12418300653594772 0.6200980392156863 0.0196078431372549 0.014705882352941176
0 0.1053921568627451 0.6231617647058824 0.01797385620915033 0.011029411764705881
0 0.10212418300653595 0.6360294117647058 0.01797385620915033 0.014705882352941176
0 0.05310457516339869 0.6348039215686274 0.01797385620915033 0.014705882352941176
0 0.0661764705882353 0.6390931372549019 0.011437908496732027 0.01838235294117647
0 0.08741830065359478 0.6507352941176471 0.011437908496732027 0.012254901960784314
0 0.09477124183006536 0.6629901960784313 0.013071895424836602 0.014705882352941176
0 0.06535947712418301 0.6838235294117647 0.0196078431372549 0.012254901960784314
