0 0.6756535947712419 0.32536764705882354 0.024509803921568627 0.020833333333333332
0 0.6813725490196079 0.34987745098039214 0.016339869281045753 0.023284313725490197
0 0.8913398692810458 0.3762254901960784 0.011437908496732027 0.014705882352941176
0 0.9060457516339869 0.38235294117647056 0.014705882352941176 0.012254901960784314
0 0.8978758169934641 0.4050245098039216 0.021241830065359478 0.03308823529411765
0 0.9183006535947713 0.42769607843137253 0.03594771241830066 0.03431372549019608
0 0.9101307189542484 0.4466911764705882 0.026143790849673203 0.015931372549019607
0 0.888888888888889 0.17463235294117646 0.016339869281045753 0.023284313725490197
0 0.9068627450980392 0.1881127450980392 0.016339869281045753 0.023284313725490197
0 0.8995098039215687 0.15073529411764705 0.021241830065359478 0.014705882352941176
0 0.8978758169934641 0.13112745098039216 0.021241830065359478 0.014705882352941176
0 0.9019607843137255 0.011642156862745098 0.029411764705882353 0.020833333333333332
0 0.9248366013071896 0.011029411764705881 0.032679738562091505 0.0196078431372549
0 0.6593137254901961 0.7279411764705882 0.03758169934640523 0.022058823529411763
0 0.6683006535947713 0.8841911764705882 0.026143790849673203 0.028186274509803922
0 0.6576797385620915 0.8988970588235294 0.021241830065359478 0.015931372549019607
0 0.6879084967320261 0.9822303921568627 0.013071895424836602 0.020833333333333332
0 0.7001633986928105 0.9889705882352942 0.014705882352941176 0.0196078431372549
0 0.8725490196078431 0.17340686274509803 0.013071895424836602 0.015931372549019607
