0 0.8186274509803921 0.10477941176470588 0.016339869281045753 0.015931372549019607
0 0.7908496732026145 0.14276960784313725 0.016339869281045753 0.013480392156862746
0 0.8088235294117647 0.15747549019607843 0.0196078431372549 0.011029411764705881
0 0.7892156862745098 0.16237745098039216 0.022875816993464054 0.020833333333333332
0 0.8047385620915033 0.17279411764705882 0.01797385620915033 0.014705882352941176
0 0.8112745098039216 0.19056372549019607 0.014705882352941176 0.011029411764705881
0 0.7843137254901961 0.18872549019607843 0.029411764705882353 0.03676470588235294
0 0.7720588235294118 0.21017156862745098 0.014705882352941176 0.013480392156862746
0 0.9240196078431373 0.4466911764705882 0.021241830065359478 0.023284313725490197
0 0.8080065359477124 0.7487745098039216 0.03431372549019608 0.041666666666666664
