0 0.7965686274509804 0.4852941176470588 0.014705882352941176 0.0196078431372549
0 0.7916666666666667 0.5134803921568627 0.024509803921568627 0.0196078431372549
0 0.8308823529411765 0.45955882352941174 0.03431372549019608 0.03676470588235294
0 0.8390522875816994 0.4895833333333333 0.024509803921568627 0.01838235294117647
0 0.8316993464052288 0.5091911764705882 0.0196078431372549 0.023284313725490197
0 0.7875816993464052 0.05943627450980392 0.016339869281045753 0.01838235294117647
0 0.7867647058823529 0.07475490196078431 0.024509803921568627 0.014705882352941176
0 0.7671568627450981 0.10049019607843138 0.01797385620915033 0.0196078431372549
0 0.7622549019607844 0.07169117647058823 0.03758169934640523 0.03308823529411765
0 0.8586601307189543 0.48590686274509803 0.014705882352941176 0.01838235294117647
0 0.8472222222222222 0.5110294117647058 0.014705882352941176 0.0196078431372549
0 0.852124183006536 0.4626225490196078 0.014705882352941176 0.01838235294117647
0 0.7483660130718954 0.09558823529411764 0.0196078431372549 0.014705882352941176
0 0.792483660130719 0.04044117647058824 0.0196078431372549 0.0196078431372549
