0 0.33415032679738566 0.12867647058823528 0.06699346405228758 0.051470588235294115
0 0.6683006535947713 0.21875 0.0392156862745098 0.028186274509803922
0 0.6151960784313726 0.3872549019607843 0.02777777777777778 0.029411764705882353
0 0.6397058823529412 0.40441176470588236 0.01797385620915033 0.024509803921568627
0 0.6266339869281046 0.414828431372549 0.01797385620915033 0.023284313725490197
0 0.6470588235294118 0.4227941176470588 0.016339869281045753 0.01715686274509804
0 0.6625816993464052 0.4252450980392157 0.02777777777777778 0.031862745098039214
0 0.6593137254901961 0.4620098039215686 0.021241830065359478 0.02696078431372549
0 0.6372549019607844 0.47058823529411764 0.0196078431372549 0.02696078431372549
0 0.6323529411764706 0.4417892156862745 0.04575163398692811 0.028186274509803922
0 0.607843137254902 0.44056372549019607 0.042483660130718956 0.04779411764705882
0 0.5964052287581699 0.48590686274509803 0.022875816993464054 0.020833333333333332
0 0.6209150326797386 0.4938725490196078 0.022875816993464054 0.024509803921568627
0 0.5694444444444444 0.7028186274509803 0.03758169934640523 0.030637254901960783
0 0.3946078431372549 0.8970588235294118 0.05392156862745098 0.0392156862745098
0 0.8619281045751634 0.9797794117647058 0.02777777777777778 0.030637254901960783
0 0.9730392156862745 0.9037990196078431 0.03758169934640523 0.020833333333333332
0 0.9844771241830066 0.7205882352941176 0.03104575163398693 0.022058823529411763
0 0.9918300653594772 0.741421568627451 0.016339869281045753 0.022058823529411763
0 0.9673202614379085 0.7506127450980392 0.026143790849673203 0.03799019607843137
0 0.9534313725490197 0.7696078431372549 0.01797385620915033 0.024509803921568627
0 0.9616013071895425 0.7928921568627451 0.024509803921568627 0.024509803921568627
