0 0.28431372549019607 0.5723039215686274 0.05555555555555556 0.0392156862745098
0 0.03758169934640523 0.5741421568627451 0.022875816993464054 0.030637254901960783
0 0.11356209150326797 0.7720588235294118 0.04084967320261438 0.029411764705882353
0 0.1715686274509804 0.9142156862745098 0.06862745098039216 0.056372549019607844
0 0.03676470588235294 0.7567401960784313 0.04738562091503268 0.04534313725490196
0 0.018790849673202614 0.6213235294117647 0.03431372549019608 0.0196078431372549
0 0.01797385620915033 0.5931372549019608 0.032679738562091505 0.03676470588235294
0 0.17973856209150327 0.3388480392156863 0.05555555555555556 0.030637254901960783
0 0.2034313725490196 0.3014705882352941 0.05392156862745098 0.03676470588235294
0 0.18790849673202614 0.058823529411764705 0.0392156862745098 0.0392156862745098
