0 0.014705882352941176 0.13664215686274508 0.026143790849673203 0.025735294117647058
0 0.042483660130718956 0.12254901960784313 0.013071895424836602 0.01715686274509804
0 0.06045751633986928 0.09620098039215687 0.032679738562091505 0.04044117647058824
0 0.06944444444444445 0.05269607843137255 0.024509803921568627 0.031862745098039214
0 0.04084967320261438 0.05698529411764706 0.03594771241830066 0.03799019607843137
0 0.01388888888888889 0.0545343137254902 0.024509803921568627 0.03308823529411765
0 0.032679738562091505 0.025122549019607844 0.026143790849673203 0.028186274509803922
0 0.01388888888888889 0.016544117647058824 0.01797385620915033 0.030637254901960783
0 0.029411764705882353 0.005514705882352941 0.049019607843137254 0.00857843137254902
0 0.07189542483660132 0.8308823529411764 0.022875816993464054 0.024509803921568627
