0 0.6503267973856209 0.21691176470588236 0.026143790849673203 0.029411764705882353
0 0.6519607843137255 0.2426470588235294 0.03594771241830066 0.029411764705882353
0 0.6462418300653595 0.30330882352941174 0.01797385620915033 0.020833333333333332
0 0.6625816993464052 0.30453431372549017 0.01797385620915033 0.020833333333333332
0 0.6519607843137255 0.321078431372549 0.0196078431372549 0.014705882352941176
0 0.6576797385620915 0.33517156862745096 0.01797385620915033 0.013480392156862746
0 0.6772875816993464 0.33517156862745096 0.014705882352941176 0.015931372549019607
0 0.6977124183006537 0.34681372549019607 0.026143790849673203 0.03431372549019608
0 0.7050653594771242 0.37254901960784315 0.011437908496732027 0.01715686274509804
0 0.6879084967320261 0.3737745098039216 0.0196078431372549 0.01715686274509804
0 0.6838235294117647 0.3897058823529412 0.011437908496732027 0.022058823529411763
0 0.6683006535947713 0.3915441176470588 0.0196078431372549 0.015931372549019607
0 0.667483660130719 0.36213235294117646 0.03431372549019608 0.0428921568627451
0 0.9093137254901961 0.35110294117647056 0.03431372549019608 0.03799019607843137
0 0.9068627450980392 0.5343137254901961 0.022875816993464054 0.024509803921568627
0 0.9052287581699346 0.5618872549019608 0.022875816993464054 0.03308823529411765
0 0.9264705882352942 0.7310049019607843 0.029411764705882353 0.03308823529411765
0 0.6421568627450981 0.6660539215686274 0.032679738562091505 0.03799019607843137
0 0.6209150326797386 0.6850490196078431 0.013071895424836602 0.01715686274509804
0 0.6045751633986929 0.6875 0.0196078431372549 0.024509803921568627
0 0.5972222222222222 0.7120098039215687 0.021241830065359478 0.024509803921568627
0 0.6168300653594772 0.7083333333333334 0.01797385620915033 0.012254901960784314
0 0.6119281045751634 0.7303921568627451 0.03104575163398693 0.029411764705882353
0 0.6380718954248367 0.8125 0.05065359477124183 0.02696078431372549
0 0.6111111111111112 0.7555147058823529 0.029411764705882353 0.025735294117647058
0 0.5947712418300654 0.7518382352941176 0.013071895424836602 0.013480392156862746
0 0.6225490196078431 0.7708333333333334 0.022875816993464054 0.01715686274509804
0 0.6372549019607844 0.7512254901960784 0.032679738562091505 0.0392156862745098
0 0.5841503267973857 0.772671568627451 0.021241830065359478 0.020833333333333332
0 0.5890522875816994 0.8002450980392157 0.021241830065359478 0.014705882352941176
0 0.6429738562091504 0.7935049019607843 0.024509803921568627 0.020833333333333332
0 0.6094771241830066 0.7873774509803921 0.032679738562091505 0.03799019607843137
