0 0.8447712418300654 0.3449754901960784 0.016339869281045753 0.013480392156862746
0 0.8570261437908497 0.35723039215686275 0.01797385620915033 0.01838235294117647
0 0.8725490196078431 0.36703431372549017 0.0196078431372549 0.020833333333333332
0 0.883169934640523 0.4050245098039216 0.011437908496732027 0.020833333333333332
0 0.8627450980392157 0.40808823529411764 0.026143790849673203 0.0196078431372549
0 0.8439542483660131 0.38174019607843135 0.03431372549019608 0.03799019607843137
0 0.8218954248366014 0.3988970588235294 0.013071895424836602 0.023284313725490197
0 0.8063725490196079 0.4025735294117647 0.02777777777777778 0.023284313725490197
0 0.8055555555555556 0.3799019607843137 0.0196078431372549 0.01715686274509804
0 0.8218954248366014 0.3584558823529412 0.0196078431372549 0.015931372549019607
0 0.8733660130718954 0.38848039215686275 0.01797385620915033 0.022058823529411763
0 0.815359477124183 0.3713235294117647 0.0196078431372549 0.022058823529411763
