0 0.7606209150326798 0.1568627450980392 0.024509803921568627 0.024509803921568627
0 0.6928104575163399 0.3161764705882353 0.0196078431372549 0.01715686274509804
0 0.6870915032679739 0.33517156862745096 0.014705882352941176 0.01838235294117647
0 0.732843137254902 0.3382352941176471 0.024509803921568627 0.014705882352941176
0 0.6740196078431373 0.3596813725490196 0.021241830065359478 0.020833333333333332
0 0.6870915032679739 0.3553921568627451 0.014705882352941176 0.01715686274509804
0 0.6772875816993464 0.3762254901960784 0.021241830065359478 0.012254901960784314
0 0.7107843137254902 0.35049019607843135 0.016339869281045753 0.0196078431372549
0 0.7287581699346406 0.3596813725490196 0.016339869281045753 0.020833333333333332
0 0.744281045751634 0.3541666666666667 0.014705882352941176 0.0196078431372549
0 0.75 0.37193627450980393 0.026143790849673203 0.01838235294117647
0 0.7083333333333334 0.37683823529411764 0.03758169934640523 0.030637254901960783
0 0.7050653594771242 0.4025735294117647 0.024509803921568627 0.01838235294117647
0 0.7230392156862745 0.4025735294117647 0.011437908496732027 0.013480392156862746
0 0.7369281045751634 0.38909313725490197 0.016339869281045753 0.01838235294117647
0 0.7401960784313726 0.4105392156862745 0.016339869281045753 0.0196078431372549
0 0.7540849673202614 0.4013480392156863 0.01797385620915033 0.020833333333333332
0 0.7598039215686275 0.4209558823529412 0.0196078431372549 0.020833333333333332
0 0.75 0.4375 0.013071895424836602 0.0196078431372549
0 0.7238562091503268 0.42340686274509803 0.0196078431372549 0.020833333333333332
