0 0.852124183006536 0.04350490196078431 0.024509803921568627 0.03308823529411765
0 0.8684640522875817 0.010416666666666666 0.014705882352941176 0.015931372549019607
0 0.8741830065359477 0.02696078431372549 0.013071895424836602 0.0196078431372549
0 0.8848039215686275 0.041666666666666664 0.008169934640522876 0.01715686274509804
0 0.6282679738562091 0.4497549019607843 0.014705882352941176 0.01715686274509804
0 0.619281045751634 0.4779411764705882 0.013071895424836602 0.014705882352941176
0 0.6356209150326798 0.4742647058823529 0.016339869281045753 0.0196078431372549
0 0.6552287581699346 0.4736519607843137 0.013071895424836602 0.01838235294117647
0 0.6781045751633987 0.49754901960784315 0.00980392156862745 0.01715686274509804
0 0.6233660130718954 0.5159313725490196 0.011437908496732027 0.022058823529411763
0 0.6552287581699346 0.5177696078431373 0.016339869281045753 0.023284313725490197
0 0.6707516339869282 0.5140931372549019 0.014705882352941176 0.015931372549019607
0 0.6004901960784313 0.5238970588235294 0.014705882352941176 0.013480392156862746
0 0.6102941176470589 0.5416666666666666 0.024509803921568627 0.02696078431372549
0 0.6813725490196079 0.5306372549019608 0.016339869281045753 0.012254901960784314
0 0.667483660130719 0.5435049019607843 0.011437908496732027 0.013480392156862746
0 0.6740196078431373 0.5631127450980392 0.021241830065359478 0.023284313725490197
0 0.6372549019607844 0.5582107843137255 0.022875816993464054 0.028186274509803922
0 0.6568627450980392 0.5784313725490196 0.0196078431372549 0.03431372549019608
0 0.6176470588235294 0.571078431372549 0.022875816993464054 0.02696078431372549
0 0.5972222222222222 0.5686274509803921 0.01797385620915033 0.0196078431372549
0 0.5980392156862745 0.5900735294117647 0.013071895424836602 0.01838235294117647
0 0.6102941176470589 0.5974264705882353 0.011437908496732027 0.015931372549019607
0 0.6658496732026143 0.6182598039215687 0.01797385620915033 0.013480392156862746
0 0.6478758169934641 0.6102941176470588 0.014705882352941176 0.00980392156862745
0 0.6323529411764706 0.5931372549019608 0.029411764705882353 0.022058823529411763
0 0.673202614379085 0.6305147058823529 0.013071895424836602 0.011029411764705881
0 0.6756535947712419 0.6513480392156863 0.01797385620915033 0.025735294117647058
0 0.7197712418300654 0.678921568627451 0.01797385620915033 0.022058823529411763
0 0.5874183006535948 0.6035539215686274 0.01797385620915033 0.013480392156862746
0 0.5718954248366013 0.625 0.0196078431372549 0.0196078431372549
0 0.5923202614379085 0.6194852941176471 0.024509803921568627 0.01838235294117647
0 0.6233660130718954 0.6188725490196079 0.02777777777777778 0.031862745098039214
0 0.6609477124183006 0.6556372549019608 0.011437908496732027 0.014705882352941176
0 0.6462418300653595 0.6672794117647058 0.024509803921568627 0.023284313725490197
0 0.5661764705882353 0.6439950980392157 0.014705882352941176 0.013480392156862746
0 0.5898692810457516 0.6672794117647058 0.026143790849673203 0.020833333333333332
0 0.6200980392156863 0.6727941176470588 0.024509803921568627 0.03431372549019608
0 0.5555555555555556 0.6703431372549019 0.0196078431372549 0.01715686274509804
0 0.565359477124183 0.6764705882352942 0.00980392156862745 0.00980392156862745
0 0.6625816993464052 0.6942401960784313 0.02777777777777778 0.03553921568627451
0 0.6413398692810458 0.696078431372549 0.01797385620915033 0.02696078431372549
0 0.579248366013072 0.6948529411764706 0.02777777777777778 0.03676470588235294
0 0.6584967320261438 0.727328431372549 0.0196078431372549 0.030637254901960783
0 0.6380718954248367 0.7267156862745098 0.021241830065359478 0.029411764705882353
0 0.6127450980392157 0.7542892156862745 0.026143790849673203 0.020833333333333332
0 0.5890522875816994 0.7610294117647058 0.01797385620915033 0.0196078431372549
0 0.6380718954248367 0.7555147058823529 0.021241830065359478 0.025735294117647058
0 0.6633986928104575 0.7512254901960784 0.022875816993464054 0.022058823529411763
0 0.5931372549019608 0.8069852941176471 0.013071895424836602 0.020833333333333332
0 0.5988562091503268 0.7837009803921569 0.021241830065359478 0.023284313725490197
0 0.6151960784313726 0.7745098039215687 0.021241830065359478 0.0196078431372549
0 0.6348039215686274 0.7781862745098039 0.011437908496732027 0.022058823529411763
0 0.6552287581699346 0.7855392156862745 0.0196078431372549 0.031862745098039214
0 0.6176470588235294 0.7971813725490196 0.022875816993464054 0.025735294117647058
0 0.6429738562091504 0.8137254901960784 0.024509803921568627 0.0392156862745098
0 0.6274509803921569 0.8455882352941176 0.00980392156862745 0.01715686274509804
0 0.6446078431372549 0.8443627450980392 0.024509803921568627 0.024509803921568627
0 0.6290849673202614 0.8633578431372549 0.0196078431372549 0.013480392156862746
0 0.6478758169934641 0.4846813725490196 0.011437908496732027 0.013480392156862746
0 0.6642156862745098 0.4993872549019608 0.011437908496732027 0.015931372549019607
0 0.6511437908496732 0.49693627450980393 0.011437908496732027 0.01838235294117647
0 0.638888888888889 0.5165441176470588 0.013071895424836602 0.020833333333333332
0 0.6364379084967321 0.5337009803921569 0.014705882352941176 0.015931372549019607
0 0.6511437908496732 0.5361519607843137 0.014705882352941176 0.01838235294117647
0 0.6552287581699346 0.5526960784313726 0.013071895424836602 0.01715686274509804
0 0.6184640522875817 0.4944852941176471 0.021241830065359478 0.01838235294117647
0 0.6372549019607844 0.5024509803921569 0.016339869281045753 0.0196078431372549
0 0.6699346405228759 0.6697303921568627 0.022875816993464054 0.011029411764705881
0 0.6781045751633987 0.602328431372549 0.013071895424836602 0.01838235294117647
0 0.6683006535947713 0.6060049019607843 0.022875816993464054 0.015931372549019607
0 0.6503267973856209 0.6341911764705882 0.029411764705882353 0.03553921568627451
0 0.5808823529411765 0.6531862745098039 0.024509803921568627 0.00980392156862745
0 0.5923202614379085 0.642156862745098 0.024509803921568627 0.02696078431372549
0 0.6176470588235294 0.642156862745098 0.029411764705882353 0.031862745098039214
0 0.6004901960784313 0.6819852941176471 0.024509803921568627 0.00857843137254902
0 0.6053921568627452 0.6930147058823529 0.021241830065359478 0.011029411764705881
0 0.6053921568627452 0.7015931372549019 0.021241830065359478 0.011029411764705881
0 0.5857843137254902 0.7156862745098039 0.02777777777777778 0.014705882352941176
0 0.607843137254902 0.71875 0.022875816993464054 0.025735294117647058
0 0.6151960784313726 0.7340686274509803 0.021241830065359478 0.024509803921568627
0 0.5882352941176471 0.7365196078431372 0.016339869281045753 0.0196078431372549
0 0.5718954248366013 0.7408088235294118 0.022875816993464054 0.020833333333333332
0 0.619281045751634 0.8174019607843137 0.0196078431372549 0.01715686274509804
0 0.625 0.8284313725490196 0.014705882352941176 0.012254901960784314
0 0.9934640522875817 0.9693627450980392 0.013071895424836602 0.03431372549019608
