0 0.2540849673202614 0.3995098039215686 0.03431372549019608 0.01715686274509804
0 0.2826797385620915 0.6004901960784313 0.029411764705882353 0.01715686274509804
0 0.18790849673202614 0.6305147058823529 0.029411764705882353 0.015931372549019607
0 0.28921568627450983 0.6384803921568627 0.022875816993464054 0.012254901960784314
0 0.26715686274509803 0.6544117647058824 0.014705882352941176 0.012254901960784314
0 0.29820261437908496 0.6568627450980392 0.01797385620915033 0.0196078431372549
0 0.1781045751633987 0.6685049019607843 0.016339869281045753 0.01838235294117647
0 0.1985294117647059 0.6838235294117647 0.03758169934640523 0.01715686274509804
0 0.19934640522875818 0.704656862745098 0.032679738562091505 0.024509803921568627
0 0.15359477124183007 0.7267156862745098 0.026143790849673203 0.01715686274509804
0 0.23202614379084968 0.7218137254901961 0.022875816993464054 0.014705882352941176
0 0.26552287581699346 0.6917892156862745 0.021241830065359478 0.020833333333333332
0 0.29983660130718953 0.7254901960784313 0.02777777777777778 0.029411764705882353
0 0.5767973856209151 0.7640931372549019 0.032679738562091505 0.023284313725490197
