0 0.7009803921568628 0.48284313725490197 0.022875816993464054 0.031862745098039214
0 0.6683006535947713 0.53125 0.026143790849673203 0.028186274509803922
0 0.7066993464052288 0.5300245098039216 0.024509803921568627 0.030637254901960783
0 0.6609477124183006 0.5569852941176471 0.03104575163398693 0.030637254901960783
0 0.696078431372549 0.5551470588235294 0.03594771241830066 0.0196078431372549
0 0.6887254901960784 0.5716911764705882 0.024509803921568627 0.013480392156862746
0 0.7124183006535948 0.5716911764705882 0.0196078431372549 0.01838235294117647
0 0.6740196078431373 0.5827205882352942 0.021241830065359478 0.025735294117647058
0 0.7083333333333334 0.5931372549019608 0.03431372549019608 0.031862745098039214
0 0.6895424836601307 0.6115196078431372 0.026143790849673203 0.029411764705882353
0 0.7099673202614379 0.6207107843137255 0.02777777777777778 0.028186274509803922
