0 0.8276143790849674 0.664828431372549 0.024509803921568627 0.015931372549019607
0 0.7671568627450981 0.7371323529411764 0.014705882352941176 0.01838235294117647
0 0.7900326797385621 0.7469362745098039 0.02777777777777778 0.013480392156862746
0 0.7589869281045751 0.7530637254901961 0.021241830065359478 0.013480392156862746
0 0.7851307189542484 0.7598039215686274 0.02777777777777778 0.00980392156862745
0 0.7630718954248367 0.7732843137254902 0.016339869281045753 0.024509803921568627
0 0.7794117647058824 0.7732843137254902 0.016339869281045753 0.01715686274509804
0 0.803921568627451 0.7794117647058824 0.0196078431372549 0.022058823529411763
0 0.7761437908496732 0.7941176470588235 0.0196078431372549 0.014705882352941176
0 0.0857843137254902 0.9338235294117647 0.01797385620915033 0.0196078431372549
