0 0.13562091503267976 0.13848039215686275 0.03594771241830066 0.022058823529411763
0 0.11111111111111112 0.14705882352941177 0.0196078431372549 0.024509803921568627
0 0.125 0.16666666666666666 0.021241830065359478 0.022058823529411763
0 0.14869281045751634 0.15870098039215685 0.022875816993464054 0.020833333333333332
0 0.10866013071895425 0.30269607843137253 0.014705882352941176 0.022058823529411763
0 0.119281045751634 0.3174019607843137 0.026143790849673203 0.03431372549019608
0 0.07026143790849673 0.31066176470588236 0.013071895424836602 0.00857843137254902
0 0.08415032679738563 0.33088235294117646 0.02777777777777778 0.031862745098039214
0 0.09313725490196079 0.34620098039215685 0.022875816993464054 0.013480392156862746
0 0.06045751633986928 0.3425245098039216 0.029411764705882353 0.03308823529411765
0 0.11111111111111112 0.3645833333333333 0.029411764705882353 0.028186274509803922
0 0.09803921568627451 0.3805147058823529 0.022875816993464054 0.015931372549019607
0 0.07352941176470588 0.37316176470588236 0.026143790849673203 0.03553921568627451
0 0.12091503267973856 0.38848039215686275 0.029411764705882353 0.031862745098039214
0 0.14052287581699346 0.4019607843137255 0.026143790849673203 0.031862745098039214
0 0.11683006535947713 0.4166666666666667 0.021241830065359478 0.022058823529411763
0 0.09722222222222222 0.40808823529411764 0.03104575163398693 0.03676470588235294
0 0.14460784313725492 0.43504901960784315 0.03431372549019608 0.01715686274509804
0 0.11764705882352941 0.4424019607843137 0.026143790849673203 0.029411764705882353
0 0.0857843137254902 0.44056372549019607 0.03431372549019608 0.030637254901960783
0 0.08251633986928104 0.6685049019607843 0.014705882352941176 0.023284313725490197
0 0.07924836601307189 0.6875 0.01797385620915033 0.022058823529411763
