0 0.22875816993464054 0.3627450980392157 0.0196078431372549 0.014705882352941176
0 0.24754901960784315 0.36519607843137253 0.021241830065359478 0.00980392156862745
0 0.24754901960784315 0.3854166666666667 0.04084967320261438 0.03799019607843137
0 0.9076797385620915 0.12377450980392157 0.02777777777777778 0.03431372549019608
0 0.9125816993464052 0.3474264705882353 0.024509803921568627 0.03308823529411765
0 0.917483660130719 0.3247549019607843 0.011437908496732027 0.01715686274509804
0 0.7156862745098039 0.07720588235294118 0.013071895424836602 0.01715686274509804
0 0.7295751633986929 0.08946078431372549 0.014705882352941176 0.014705882352941176
0 0.7467320261437909 0.09252450980392157 0.013071895424836602 0.013480392156862746
0 0.7606209150326798 0.0741421568627451 0.01797385620915033 0.015931372549019607
0 0.7516339869281046 0.10784313725490197 0.0196078431372549 0.01715686274509804
0 0.7508169934640523 0.13174019607843138 0.021241830065359478 0.015931372549019607
0 0.7401960784313726 0.06740196078431372 0.042483660130718956 0.0392156862745098
0 0.9003267973856209 0.8553921568627451 0.03594771241830066 0.022058823529411763
0 0.9109477124183006 0.9362745098039216 0.014705882352941176 0.024509803921568627
0 0.8970588235294118 0.9485294117647058 0.0196078431372549 0.022058823529411763
0 0.26143790849673204 0.9485294117647058 0.029411764705882353 0.029411764705882353
0 0.7303921568627452 0.2512254901960784 0.0196078431372549 0.024509803921568627
