0 0.9332107843137255 0.3504901960784314 0.03308823529411765 0.02777777777777778
0 0.7800245098039216 0.7303921568627452 0.015931372549019607 0.026143790849673203
0 0.6488970588235294 0.6805555555555556 0.023284313725490197 0.01797385620915033
0 0.6672794117647058 0.6911764705882353 0.015931372549019607 0.016339869281045753
0 0.6875 0.6887254901960784 0.024509803921568627 0.021241830065359478
0 0.65625 0.7001633986928105 0.01838235294117647 0.01797385620915033
0 0.7107843137254902 0.7107843137254902 0.022058823529411763 0.022875816993464054
0 0.7310049019607843 0.7303921568627452 0.023284313725490197 0.0196078431372549
0 0.7120098039215687 0.7361111111111112 0.024509803921568627 0.024509803921568627
0 0.6305147058823529 0.738562091503268 0.01838235294117647 0.016339869281045753
0 0.6519607843137255 0.7352941176470589 0.0196078431372549 0.022875816993464054
0 0.6856617647058824 0.7434640522875817 0.023284313725490197 0.022875816993464054
0 0.6697303921568627 0.7467320261437909 0.01838235294117647 0.016339869281045753
0 0.6507352941176471 0.7540849673202614 0.0196078431372549 0.01797385620915033
0 0.647671568627451 0.7794117647058824 0.028186274509803922 0.026143790849673203
0 0.6715686274509803 0.7761437908496732 0.022058823529411763 0.026143790849673203
0 0.6856617647058824 0.7647058823529412 0.020833333333333332 0.0196078431372549
0 0.7028186274509803 0.7777777777777778 0.020833333333333332 0.013071895424836602
0 0.7144607843137255 0.7663398692810458 0.031862745098039214 0.03594771241830066
0 0.3939950980392157 0.7107843137254902 0.020833333333333332 0.026143790849673203
0 0.21446078431372548 0.7483660130718954 0.022058823529411763 0.0196078431372549
0 0.19301470588235295 0.7459150326797386 0.020833333333333332 0.024509803921568627
0 0.20404411764705882 0.7303921568627452 0.020833333333333332 0.016339869281045753
0 0.19117647058823528 0.7148692810457516 0.01715686274509804 0.01797385620915033
