0 0.12193627450980392 0.05147058823529412 0.03553921568627451 0.04084967320261438
0 0.14215686274509803 0.029411764705882353 0.03676470588235294 0.042483660130718956
0 0.1764705882352941 0.01388888888888889 0.0196078431372549 0.024509803921568627
0 0.1875 0.026143790849673203 0.0196078431372549 0.0196078431372549
0 0.16973039215686275 0.04084967320261438 0.020833333333333332 0.016339869281045753
0 0.15502450980392157 0.05310457516339869 0.020833333333333332 0.01797385620915033
0 0.15073529411764705 0.07516339869281045 0.024509803921568627 0.029411764705882353
0 0.16973039215686275 0.07761437908496732 0.011029411764705881 0.02777777777777778
0 0.18321078431372548 0.057189542483660136 0.01838235294117647 0.016339869281045753
0 0.19240196078431374 0.04084967320261438 0.012254901960784314 0.016339869281045753
0 0.20894607843137256 0.040032679738562095 0.020833333333333332 0.021241830065359478
0 0.2028186274509804 0.059640522875817 0.025735294117647058 0.021241830065359478
0 0.23774509803921567 0.049836601307189546 0.024509803921568627 0.021241830065359478
0 0.24571078431372548 0.07516339869281045 0.01838235294117647 0.022875816993464054
0 0.18995098039215685 0.08905228758169935 0.029411764705882353 0.05065359477124183
0 0.22487745098039216 0.0661764705882353 0.028186274509803922 0.04084967320261438
0 0.21446078431372548 0.09558823529411765 0.02696078431372549 0.03104575163398693
0 0.21200980392156862 0.12009803921568628 0.014705882352941176 0.014705882352941176
0 0.23223039215686275 0.10212418300653595 0.023284313725490197 0.03104575163398693
0 0.2426470588235294 0.119281045751634 0.024509803921568627 0.022875816993464054
0 0.2616421568627451 0.11029411764705882 0.023284313725490197 0.021241830065359478
0 0.19791666666666666 0.12745098039215685 0.011029411764705881 0.029411764705882353
0 0.6060049019607843 0.8088235294117647 0.01838235294117647 0.0392156862745098
0 0.2824754901960784 0.988562091503268 0.025735294117647058 0.022875816993464054
