0 0.2777777777777778 0.7518382352941176 0.026143790849673203 0.015931372549019607
0 0.10457516339869281 0.7444852941176471 0.026143790849673203 0.015931372549019607
0 0.0661764705882353 0.7524509803921569 0.021241830065359478 0.0196078431372549
0 0.07189542483660132 0.7310049019607843 0.032679738562091505 0.03308823529411765
0 0.07189542483660132 0.7058823529411764 0.022875816993464054 0.022058823529411763
0 0.09395424836601307 0.7009803921568627 0.014705882352941176 0.012254901960784314
0 0.1119281045751634 0.31862745098039214 0.014705882352941176 0.0196078431372549
0 0.09150326797385622 0.32659313725490197 0.016339869281045753 0.011029411764705881
0 0.12418300653594772 0.2071078431372549 0.022875816993464054 0.0196078431372549
0 0.11683006535947713 0.1875 0.024509803921568627 0.014705882352941176
0 0.08415032679738563 0.22181372549019607 0.01797385620915033 0.0196078431372549
0 0.07516339869281045 0.2028186274509804 0.013071895424836602 0.015931372549019607
0 0.10049019607843138 0.20588235294117646 0.02777777777777778 0.029411764705882353
0 0.09885620915032681 0.17708333333333334 0.014705882352941176 0.015931372549019607
0 0.08251633986928104 0.18627450980392157 0.014705882352941176 0.01715686274509804
