0 0.7728758169934641 0.22242647058823528 0.0196078431372549 0.023284313725490197
0 0.8022875816993464 0.23345588235294118 0.0196078431372549 0.028186274509803922
0 0.7892156862745098 0.24019607843137256 0.00980392156862745 0.0196078431372549
0 0.7736928104575164 0.24448529411764705 0.021241830065359478 0.023284313725490197
0 0.7916666666666667 0.2647058823529412 0.03431372549019608 0.041666666666666664
0 0.7834967320261438 0.29473039215686275 0.014705882352941176 0.023284313725490197
0 0.803921568627451 0.28860294117647056 0.022875816993464054 0.023284313725490197
0 0.8055555555555556 0.3131127450980392 0.0196078431372549 0.028186274509803922
0 0.7671568627450981 0.30637254901960786 0.021241830065359478 0.024509803921568627
0 0.7516339869281046 0.3229166666666667 0.022875816993464054 0.028186274509803922
0 0.7834967320261438 0.33088235294117646 0.03431372549019608 0.044117647058823525
0 0.8080065359477124 0.33578431372549017 0.014705882352941176 0.022058823529411763
0 0.7524509803921569 0.3517156862745098 0.024509803921568627 0.02696078431372549
0 0.8022875816993464 0.3633578431372549 0.026143790849673203 0.030637254901960783
0 0.7761437908496732 0.37683823529411764 0.032679738562091505 0.0428921568627451
0 0.803921568627451 0.3860294117647059 0.016339869281045753 0.01715686274509804
0 0.7565359477124183 0.40441176470588236 0.0392156862745098 0.03676470588235294
0 0.7410130718954249 0.5116421568627451 0.021241830065359478 0.023284313725490197
0 0.7181372549019608 0.5042892156862745 0.014705882352941176 0.023284313725490197
0 0.7075163398692811 0.522671568627451 0.013071895424836602 0.015931372549019607
0 0.698529411764706 0.5392156862745098 0.01797385620915033 0.01715686274509804
0 0.7230392156862745 0.5355392156862745 0.03431372549019608 0.03676470588235294
0 0.7254901960784313 0.5716911764705882 0.04575163398692811 0.04779411764705882
0 0.7263071895424836 0.5955882352941176 0.021241830065359478 0.022058823529411763
0 0.7508169934640523 0.59375 0.024509803921568627 0.01838235294117647
0 0.7483660130718954 0.6274509803921569 0.042483660130718956 0.044117647058823525
0 0.7009803921568628 0.6194852941176471 0.032679738562091505 0.028186274509803922
0 0.6331699346405228 0.4620098039215686 0.02777777777777778 0.02696078431372549
0 0.630718954248366 0.4852941176470588 0.016339869281045753 0.0196078431372549
0 0.6151960784313726 0.4895833333333333 0.021241830065359478 0.020833333333333332
0 0.5939542483660131 0.5 0.03104575163398693 0.022058823529411763
0 0.5906862745098039 0.5232843137254902 0.01797385620915033 0.024509803921568627
0 0.6102941176470589 0.5232843137254902 0.021241830065359478 0.0196078431372549
0 0.6225490196078431 0.5073529411764706 0.016339869281045753 0.014705882352941176
0 0.6413398692810458 0.5196078431372549 0.02777777777777778 0.029411764705882353
0 0.5980392156862745 0.5471813725490196 0.026143790849673203 0.020833333333333332
0 0.6372549019607844 0.5453431372549019 0.029411764705882353 0.022058823529411763
0 0.6315359477124183 0.5839460784313726 0.04411764705882353 0.05024509803921569
0 0.6511437908496732 0.8443627450980392 0.03104575163398693 0.024509803921568627
0 0.6397058823529412 0.8621323529411764 0.021241830065359478 0.015931372549019607
0 0.6609477124183006 0.8578431372549019 0.01797385620915033 0.014705882352941176
0 0.6544117647058824 0.875 0.021241830065359478 0.014705882352941176
0 0.6805555555555556 0.8805147058823529 0.03431372549019608 0.03308823529411765
0 0.6911764705882353 0.8302696078431372 0.029411764705882353 0.028186274509803922
0 0.7140522875816994 0.8449754901960784 0.042483660130718956 0.05024509803921569
0 0.7107843137254902 0.8780637254901961 0.0196078431372549 0.01838235294117647
0 0.6421568627450981 0.9712009803921569 0.032679738562091505 0.028186274509803922
0 0.7761437908496732 0.9044117647058824 0.029411764705882353 0.031862745098039214
0 0.763888888888889 0.9221813725490196 0.014705882352941176 0.01838235294117647
0 0.7957516339869282 0.9240196078431372 0.016339869281045753 0.0196078431372549
0 0.7467320261437909 0.9424019607843137 0.016339869281045753 0.02696078431372549
0 0.7606209150326798 0.9571078431372549 0.01797385620915033 0.022058823529411763
0 0.7965686274509804 0.9632352941176471 0.014705882352941176 0.01715686274509804
0 0.7916666666666667 0.9871323529411764 0.03431372549019608 0.025735294117647058
0 0.7745098039215687 0.9448529411764706 0.03594771241830066 0.041666666666666664
0 0.7892156862745098 0.2071078431372549 0.022875816993464054 0.029411764705882353
0 0.7720588235294118 0.28431372549019607 0.014705882352941176 0.0196078431372549
0 0.7508169934640523 0.3756127450980392 0.021241830065359478 0.020833333333333332
0 0.6200980392156863 0.5545343137254902 0.014705882352941176 0.01838235294117647
0 0.7532679738562091 0.6574754901960784 0.013071895424836602 0.020833333333333332
0 0.7696078431372549 0.6623774509803921 0.013071895424836602 0.013480392156862746
0 0.9901960784313726 0.7401960784313726 0.0196078431372549 0.041666666666666664
0 0.9844771241830066 0.7702205882352942 0.014705882352941176 0.01838235294117647
0 0.9934640522875817 0.7928921568627451 0.013071895424836602 0.022058823529411763
0 0.994281045751634 0.8161764705882353 0.011437908496732027 0.01715686274509804
0 0.9918300653594772 0.1838235294117647 0.016339869281045753 0.051470588235294115
