0 0.3300653594771242 0.2506127450980392 0.042483660130718956 0.025735294117647058
0 0.30228758169934644 0.22487745098039216 0.029411764705882353 0.03308823529411765
0 0.2761437908496732 0.2383578431372549 0.029411764705882353 0.03308823529411765
0 0.23529411764705882 0.24571078431372548 0.016339869281045753 0.020833333333333332
0 0.22875816993464054 0.27267156862745096 0.029411764705882353 0.030637254901960783
0 0.25571895424836605 0.2653186274509804 0.024509803921568627 0.023284313725490197
0 0.28104575163398693 0.2702205882352941 0.0196078431372549 0.030637254901960783
0 0.22303921568627452 0.2977941176470588 0.024509803921568627 0.022058823529411763
0 0.244281045751634 0.28860294117647056 0.01797385620915033 0.020833333333333332
0 0.2622549019607843 0.2922794117647059 0.021241830065359478 0.023284313725490197
0 0.28839869281045755 0.28860294117647056 0.024509803921568627 0.020833333333333332
0 0.28022875816993464 0.30943627450980393 0.021241830065359478 0.020833333333333332
0 0.25653594771241833 0.3204656862745098 0.032679738562091505 0.03553921568627451
0 0.26143790849673204 0.44056372549019607 0.022875816993464054 0.030637254901960783
0 0.2377450980392157 0.4528186274509804 0.03431372549019608 0.03799019607843137
0 0.21241830065359477 0.48161764705882354 0.026143790849673203 0.031862745098039214
0 0.2238562091503268 0.4987745098039216 0.022875816993464054 0.022058823529411763
0 0.2426470588235294 0.4791666666666667 0.024509803921568627 0.012254901960784314
0 0.2589869281045752 0.48284313725490197 0.01797385620915033 0.0196078431372549
0 0.24673202614379086 0.5055147058823529 0.029411764705882353 0.025735294117647058
0 0.2777777777777778 0.5079656862745098 0.032679738562091505 0.03799019607843137
0 0.2622549019607843 0.5275735294117647 0.04411764705882353 0.020833333333333332
0 0.2630718954248366 0.5459558823529411 0.026143790849673203 0.028186274509803922
0 0.2769607843137255 0.5643382352941176 0.021241830065359478 0.028186274509803922
0 0.22794117647058823 0.5459558823529411 0.04411764705882353 0.030637254901960783
0 0.24101307189542484 0.5661764705882353 0.01797385620915033 0.014705882352941176
0 0.2246732026143791 0.571078431372549 0.014705882352941176 0.014705882352941176
0 0.19771241830065361 0.5410539215686274 0.0196078431372549 0.015931372549019607
0 0.18382352941176472 0.5551470588235294 0.014705882352941176 0.014705882352941176
0 0.1968954248366013 0.5735294117647058 0.04084967320261438 0.03431372549019608
0 0.26552287581699346 0.5912990196078431 0.024509803921568627 0.028186274509803922
0 0.28513071895424835 0.5906862745098039 0.01797385620915033 0.0196078431372549
0 0.2508169934640523 0.6084558823529411 0.014705882352941176 0.023284313725490197
0 0.22712418300653595 0.6004901960784313 0.029411764705882353 0.044117647058823525
0 0.17892156862745098 0.6078431372549019 0.03431372549019608 0.03676470588235294
0 0.2058823529411765 0.6213235294117647 0.029411764705882353 0.029411764705882353
0 0.27369281045751637 0.6151960784313726 0.02777777777777778 0.02696078431372549
0 0.29983660130718953 0.610906862745098 0.02777777777777778 0.028186274509803922
0 0.27532679738562094 0.6415441176470588 0.02777777777777778 0.028186274509803922
0 0.2508169934640523 0.6397058823529411 0.03104575163398693 0.03676470588235294
0 0.17238562091503268 0.6525735294117647 0.03104575163398693 0.023284313725490197
0 0.19607843137254902 0.6636029411764706 0.0196078431372549 0.015931372549019607
0 0.17565359477124184 0.6715686274509803 0.02777777777777778 0.0196078431372549
0 0.2107843137254902 0.6752450980392157 0.049019607843137254 0.02696078431372549
0 0.23529411764705882 0.6899509803921569 0.0392156862745098 0.0392156862745098
0 0.2034313725490196 0.7236519607843137 0.03431372549019608 0.023284313725490197
0 0.24101307189542484 0.7242647058823529 0.03431372549019608 0.03431372549019608
0 0.2638888888888889 0.7028186274509803 0.01797385620915033 0.020833333333333332
0 0.2777777777777778 0.7132352941176471 0.0196078431372549 0.024509803921568627
0 0.17892156862745098 0.6893382352941176 0.03104575163398693 0.023284313725490197
0 0.1911764705882353 0.7003676470588235 0.016339869281045753 0.020833333333333332
0 0.21323529411764708 0.704656862745098 0.03431372549019608 0.02696078431372549
0 0.26062091503267976 0.6868872549019608 0.02777777777777778 0.01838235294117647
0 0.20506535947712418 0.647671568627451 0.04738562091503268 0.025735294117647058
0 0.23202614379084968 0.6550245098039216 0.016339869281045753 0.01838235294117647
0 0.12009803921568628 0.6905637254901961 0.02777777777777778 0.03799019607843137
