0 0.16094771241830066 0.6850490196078431 0.03758169934640523 0.029411764705882353
0 0.11764705882352941 0.7132352941176471 0.0196078431372549 0.024509803921568627
0 0.1519607843137255 0.7095588235294118 0.022875816993464054 0.022058823529411763
0 0.17973856209150327 0.71875 0.016339869281045753 0.023284313725490197
0 0.16666666666666669 0.7322303921568627 0.013071895424836602 0.020833333333333332
0 0.13562091503267976 0.7408088235294118 0.03594771241830066 0.04779411764705882
0 0.17483660130718956 0.8982843137254902 0.026143790849673203 0.03431372549019608
0 0.14950980392156862 0.9528186274509803 0.02777777777777778 0.020833333333333332
0 0.14215686274509803 0.96875 0.0196078431372549 0.015931372549019607
0 0.13398692810457516 0.9810049019607843 0.029411764705882353 0.025735294117647058
0 0.1642156862745098 0.9767156862745098 0.03431372549019608 0.031862745098039214
