0 0.4852941176470588 0.8890931372549019 0.049019607843137254 0.0428921568627451
0 0.14950980392156862 0.8939950980392156 0.014705882352941176 0.015931372549019607
0 0.1323529411764706 0.8780637254901961 0.00980392156862745 0.01838235294117647
0 0.11111111111111112 0.8707107843137255 0.0196078431372549 0.015931372549019607
0 0.11437908496732027 0.852328431372549 0.016339869281045753 0.015931372549019607
0 0.11356209150326797 0.8321078431372549 0.021241830065359478 0.022058823529411763
0 0.14624183006535948 0.8737745098039216 0.011437908496732027 0.014705882352941176
0 0.1593137254901961 0.8737745098039216 0.011437908496732027 0.01715686274509804
0 0.1593137254901961 0.8370098039215687 0.01797385620915033 0.022058823529411763
0 0.1454248366013072 0.8284313725490196 0.0196078431372549 0.0196078431372549
0 0.14215686274509803 0.8498774509803921 0.042483660130718956 0.030637254901960783
0 0.977124183006536 0.9491421568627451 0.0392156862745098 0.03799019607843137
0 0.7598039215686275 0.9356617647058824 0.029411764705882353 0.025735294117647058
