0 0.14624183006535948 0.07720588235294118 0.03758169934640523 0.044117647058823525
0 0.11437908496732027 0.13357843137254902 0.0196078431372549 0.0196078431372549
0 0.16013071895424838 0.10477941176470588 0.029411764705882353 0.023284313725490197
0 0.12581699346405228 0.11580882352941177 0.0392156862745098 0.0428921568627451
0 0.15604575163398693 0.1329656862745098 0.03431372549019608 0.03553921568627451
0 0.12908496732026145 0.16605392156862744 0.029411764705882353 0.03799019607843137
0 0.16258169934640523 0.1685049019607843 0.03431372549019608 0.04044117647058824
0 0.1968954248366013 0.1685049019607843 0.03431372549019608 0.03799019607843137
0 0.19035947712418302 0.21875 0.03431372549019608 0.04534313725490196
0 0.1650326797385621 0.25183823529411764 0.013071895424836602 0.023284313725490197
0 0.14950980392156862 0.24877450980392157 0.008169934640522876 0.012254901960784314
0 0.13398692810457516 0.26409313725490197 0.026143790849673203 0.028186274509803922
0 0.12745098039215685 0.1997549019607843 0.00980392156862745 0.014705882352941176
0 0.14133986928104575 0.19852941176470587 0.011437908496732027 0.0196078431372549
0 0.1053921568627451 0.36519607843137253 0.03758169934640523 0.029411764705882353
