0 0.3357843137254902 0.04963235294117647 0.057189542483660136 0.06004901960784314
0 0.7050653594771242 0.05024509803921569 0.057189542483660136 0.03676470588235294
0 0.7009803921568628 0.07659313725490197 0.032679738562091505 0.03308823529411765
0 0.6781045751633987 0.08700980392156862 0.0392156862745098 0.041666666666666664
0 0.6503267973856209 0.13419117647058823 0.026143790849673203 0.023284313725490197
0 0.6764705882352942 0.12254901960784313 0.0392156862745098 0.03431372549019608
0 0.7091503267973857 0.12683823529411764 0.029411764705882353 0.028186274509803922
0 0.704248366013072 0.15012254901960784 0.029411764705882353 0.020833333333333332
0 0.7344771241830066 0.13970588235294118 0.03104575163398693 0.041666666666666664
0 0.6977124183006537 0.258578431372549 0.0392156862745098 0.031862745098039214
0 0.7189542483660131 0.28737745098039214 0.029411764705882353 0.03553921568627451
0 0.698529411764706 0.4675245098039216 0.03431372549019608 0.03553921568627451
0 0.6772875816993464 0.5661764705882353 0.02777777777777778 0.0196078431372549
0 0.6756535947712419 0.5894607843137255 0.024509803921568627 0.022058823529411763
0 0.5833333333333334 0.6372549019607843 0.0392156862745098 0.044117647058823525
0 0.6797385620915033 0.6433823529411765 0.06862745098039216 0.049019607843137254
0 0.6397058823529412 0.8535539215686274 0.03431372549019608 0.023284313725490197
0 0.1895424836601307 0.897671568627451 0.03594771241830066 0.03308823529411765
