0 0.22222222222222224 0.27205882352941174 0.0196078431372549 0.022058823529411763
0 0.20669934640522877 0.28860294117647056 0.021241830065359478 0.020833333333333332
0 0.2312091503267974 0.29105392156862747 0.01797385620915033 0.023284313725490197
0 0.19934640522875818 0.3118872549019608 0.016339869281045753 0.023284313725490197
0 0.2173202614379085 0.3174019607843137 0.0196078431372549 0.024509803921568627
0 0.2361111111111111 0.3284313725490196 0.014705882352941176 0.022058823529411763
0 0.244281045751634 0.34681372549019607 0.01797385620915033 0.022058823529411763
0 0.22058823529411764 0.3443627450980392 0.022875816993464054 0.02696078431372549
0 0.19934640522875818 0.34620098039215685 0.0196078431372549 0.023284313725490197
0 0.20179738562091504 0.3694852941176471 0.01797385620915033 0.020833333333333332
0 0.2246732026143791 0.3799019607843137 0.03104575163398693 0.041666666666666664
0 0.21650326797385622 0.4675245098039216 0.021241830065359478 0.023284313725490197
0 0.2949346405228758 0.8995098039215687 0.03758169934640523 0.03676470588235294
0 0.22222222222222224 0.9895833333333334 0.0392156862745098 0.020833333333333332
0 0.24019607843137256 0.5857843137254902 0.022875816993464054 0.0196078431372549
