0 0.33905228758169936 0.6832107843137255 0.05065359477124183 0.030637254901960783
0 0.14869281045751634 0.8455882352941176 0.0392156862745098 0.022058823529411763
0 0.125 0.8566176470588235 0.02777777777777778 0.01715686274509804
0 0.13725490196078433 0.7138480392156863 0.00980392156862745 0.01838235294117647
0 0.119281045751634 0.7138480392156863 0.016339869281045753 0.023284313725490197
0 0.1053921568627451 0.7095588235294118 0.008169934640522876 0.01715686274509804
0 0.14787581699346405 0.7714460784313726 0.011437908496732027 0.01838235294117647
0 0.13562091503267976 0.7444852941176471 0.022875816993464054 0.01838235294117647
0 0.12663398692810457 0.7634803921568627 0.01797385620915033 0.0196078431372549
0 0.11274509803921569 0.7757352941176471 0.006535947712418301 0.012254901960784314
0 0.10130718954248366 0.7634803921568627 0.006535947712418301 0.00980392156862745
0 0.08741830065359478 0.7610294117647058 0.008169934640522876 0.00980392156862745
0 0.0784313725490196 0.7591911764705882 0.013071895424836602 0.013480392156862746
0 0.10784313725490197 0.7432598039215687 0.03594771241830066 0.04044117647058824
