0 0.2696078431372549 0.7532679738562091 0.03431372549019608 0.06535947712418301
0 0.2193627450980392 0.7826797385620915 0.041666666666666664 0.042483660130718956
0 0.2071078431372549 0.8178104575163399 0.0196078431372549 0.04738562091503268
0 0.22977941176470587 0.8447712418300654 0.023284313725490197 0.042483660130718956
0 0.26409313725490197 0.8423202614379085 0.028186274509803922 0.057189542483660136
0 0.2077205882352941 0.8717320261437909 0.030637254901960783 0.05065359477124183
0 0.17892156862745098 0.9207516339869282 0.024509803921568627 0.04738562091503268
0 0.21384803921568626 0.9338235294117647 0.028186274509803922 0.05392156862745098
0 0.1997549019607843 0.9624183006535948 0.01715686274509804 0.03594771241830066
0 0.23774509803921567 0.9379084967320261 0.02696078431372549 0.049019607843137254
0 0.2340686274509804 0.9844771241830066 0.029411764705882353 0.02777777777777778
0 0.30269607843137253 0.9526143790849674 0.041666666666666664 0.05228758169934641
