0 0.4221813725490196 0.5522875816993464 0.03799019607843137 0.07516339869281045
0 0.7800245098039216 0.16911764705882354 0.0428921568627451 0.07026143790849673
0 0.8125 0.184640522875817 0.041666666666666664 0.07516339869281045
0 0.8186274509803921 0.10375816993464053 0.044117647058823525 0.07026143790849673
0 0.8278186274509803 0.049836601307189546 0.03799019607843137 0.07026143790849673
0 0.8517156862745098 0.07516339869281045 0.051470588235294115 0.09477124183006536
0 0.9926470588235294 0.32026143790849676 0.014705882352941176 0.05555555555555556
0 0.9944852941176471 0.3970588235294118 0.011029411764705881 0.049019607843137254
0 0.9846813725490196 0.4673202614379085 0.030637254901960783 0.05555555555555556
0 0.9932598039215687 0.5228758169934641 0.013480392156862746 0.03594771241830066
0 0.9920343137254902 0.5727124183006536 0.015931372549019607 0.03758169934640523
