0 0.27941176470588236 0.3227124183006536 0.05392156862745098 0.05392156862745098
0 0.3370098039215686 0.40604575163398693 0.051470588235294115 0.05065359477124183
0 0.39767156862745096 0.39542483660130723 0.04779411764705882 0.04575163398692811
0 0.36580882352941174 0.44607843137254904 0.04534313725490196 0.09803921568627451
0 0.4025735294117647 0.4354575163398693 0.03799019607843137 0.05392156862745098
0 0.38848039215686275 0.5065359477124183 0.06372549019607843 0.05228758169934641
0 0.3290441176470588 0.4387254901960784 0.04779411764705882 0.04084967320261438
0 0.31924019607843135 0.48366013071895425 0.07720588235294118 0.07516339869281045
0 0.25674019607843135 0.49264705882352944 0.06495098039215687 0.05065359477124183
0 0.27818627450980393 0.5531045751633987 0.056372549019607844 0.057189542483660136
0 0.2855392156862745 0.6013071895424836 0.058823529411764705 0.05228758169934641
0 0.25245098039215685 0.6013071895424836 0.041666666666666664 0.03594771241830066
0 0.34129901960784315 0.5800653594771242 0.05024509803921569 0.05555555555555556
0 0.446078431372549 0.5571895424836601 0.031862745098039214 0.03594771241830066
0 0.4154411764705882 0.5784313725490197 0.051470588235294115 0.049019607843137254
0 0.43504901960784315 0.6102941176470589 0.049019607843137254 0.03758169934640523
0 0.4736519607843137 0.5825163398692811 0.07965686274509803 0.06699346405228758
0 0.4957107843137255 0.5318627450980392 0.06004901960784314 0.06699346405228758
0 0.5245098039215687 0.5661764705882353 0.051470588235294115 0.04738562091503268
0 0.5649509803921569 0.5506535947712419 0.061274509803921566 0.058823529411764705
0 0.6066176470588235 0.49836601307189543 0.03676470588235294 0.03594771241830066
0 0.6966911764705882 0.4812091503267974 0.03553921568627451 0.04084967320261438
0 0.6299019607843137 0.5678104575163399 0.03431372549019608 0.03431372549019608
0 0.6066176470588235 0.5996732026143791 0.03676470588235294 0.05228758169934641
0 0.6525735294117647 0.6699346405228759 0.03308823529411765 0.042483660130718956
0 0.6740196078431372 0.6535947712418301 0.031862745098039214 0.029411764705882353
0 0.758578431372549 0.4754901960784314 0.03676470588235294 0.04575163398692811
0 0.8333333333333334 0.5236928104575164 0.051470588235294115 0.05392156862745098
0 0.8560049019607843 0.548202614379085 0.03799019607843137 0.03431372549019608
0 0.8498774509803921 0.6241830065359477 0.06004901960784314 0.04575163398692811
0 0.8462009803921569 0.6568627450980392 0.05024509803921569 0.049019607843137254
0 0.7818627450980392 0.559640522875817 0.07598039215686274 0.06372549019607843
0 0.7549019607843137 0.6323529411764706 0.07107843137254902 0.06535947712418301
0 0.741421568627451 0.6911764705882353 0.044117647058823525 0.0392156862745098
0 0.41299019607843135 0.4803921568627451 0.049019607843137254 0.058823529411764705
0 0.4258578431372549 0.5310457516339869 0.04534313725490196 0.06535947712418301
0 0.24142156862745098 0.5498366013071896 0.03431372549019608 0.04411764705882353
0 0.27512254901960786 0.5228758169934641 0.030637254901960783 0.03594771241830066
0 0.3333333333333333 0.5310457516339869 0.0661764705882353 0.06209150326797386
0 0.37745098039215685 0.5620915032679739 0.02696078431372549 0.0392156862745098
0 0.517156862745098 0.49264705882352944 0.0392156862745098 0.03758169934640523
0 0.5386029411764706 0.5155228758169935 0.03799019607843137 0.04084967320261438
0 0.5772058823529411 0.5972222222222222 0.031862745098039214 0.03431372549019608
0 0.7720588235294118 0.6707516339869282 0.0392156862745098 0.03431372549019608
0 0.6194852941176471 0.6397058823529412 0.03553921568627451 0.03104575163398693
0 0.6482843137254902 0.4869281045751634 0.03431372549019608 0.03594771241830066
0 0.6770833333333334 0.49673202614379086 0.03308823529411765 0.032679738562091505
0 0.6574754901960784 0.5253267973856209 0.04534313725490196 0.05065359477124183
0 0.6047794117647058 0.5645424836601307 0.04044117647058824 0.04084967320261438
0 0.6262254901960784 0.5343137254901961 0.049019607843137254 0.05555555555555556
0 0.6605392156862745 0.5661764705882353 0.029411764705882353 0.02777777777777778
0 0.6470588235294118 0.6013071895424836 0.058823529411764705 0.04575163398692811
0 0.7003676470588235 0.6225490196078431 0.05269607843137255 0.06535947712418301
0 0.7150735294117647 0.5637254901960784 0.06004901960784314 0.08169934640522876
0 0.7064950980392157 0.5122549019607844 0.030637254901960783 0.02777777777777778
0 0.7322303921568627 0.5089869281045751 0.030637254901960783 0.06699346405228758
0 0.7843137254901961 0.5171568627450981 0.05392156862745098 0.04084967320261438
0 0.866421568627451 0.5759803921568628 0.02696078431372549 0.03431372549019608
0 0.7787990196078431 0.5996732026143791 0.05514705882352941 0.0392156862745098
0 0.8216911764705882 0.6111111111111112 0.03308823529411765 0.04575163398692811
