0 0.9430147058823529 0.03022875816993464 0.04044117647058824 0.057189542483660136
0 0.9748774509803921 0.042483660130718956 0.025735294117647058 0.05228758169934641
0 0.9877450980392156 0.10049019607843138 0.024509803921568627 0.09313725490196079
0 0.9607843137254902 0.09558823529411765 0.044117647058823525 0.09640522875816994
0 0.9442401960784313 0.13398692810457516 0.028186274509803922 0.05228758169934641
0 0.9430147058823529 0.1707516339869281 0.025735294117647058 0.04084967320261438
0 0.9705882352941176 0.18872549019607843 0.04656862745098039 0.09640522875816994
0 0.923406862745098 0.08905228758169935 0.028186274509803922 0.07026143790849673
0 0.9044117647058824 0.05555555555555556 0.031862745098039214 0.07516339869281045
0 0.8860294117647058 0.02777777777777778 0.0392156862745098 0.05228758169934641
0 0.8952205882352942 0.10620915032679738 0.030637254901960783 0.06209150326797386
0 0.8762254901960784 0.10947712418300654 0.02696078431372549 0.05555555555555556
0 0.9399509803921569 0.22058823529411764 0.029411764705882353 0.04575163398692811
0 0.946078431372549 0.2426470588235294 0.024509803921568627 0.03104575163398693
0 0.9620098039215687 0.25 0.022058823529411763 0.0392156862745098
0 0.9797794117647058 0.25980392156862747 0.025735294117647058 0.04575163398692811
0 0.9656862745098039 0.3006535947712418 0.03431372549019608 0.06535947712418301
0 0.9436274509803921 0.27532679738562094 0.024509803921568627 0.04411764705882353
0 0.9246323529411764 0.2589869281045752 0.020833333333333332 0.03758169934640523
0 0.9185049019607843 0.21486928104575165 0.023284313725490197 0.04738562091503268
0 0.8939950980392156 0.1854575163398693 0.05269607843137255 0.09967320261437909
0 0.8596813725490196 0.16993464052287582 0.025735294117647058 0.0392156862745098
0 0.8535539215686274 0.2107843137254902 0.03553921568627451 0.049019607843137254
0 0.8731617647058824 0.24754901960784315 0.0428921568627451 0.07026143790849673
0 0.9007352941176471 0.2777777777777778 0.031862745098039214 0.07516339869281045
0 0.9221813725490196 0.30718954248366015 0.025735294117647058 0.042483660130718956
0 0.8707107843137255 0.3472222222222222 0.05024509803921569 0.11601307189542484
0 0.8952205882352942 0.3684640522875817 0.03799019607843137 0.08006535947712419
0 0.835171568627451 0.3276143790849673 0.03308823529411765 0.06699346405228758
0 0.7935049019607843 0.11519607843137256 0.05759803921568627 0.12908496732026145
0 0.8253676470588235 0.119281045751634 0.0428921568627451 0.09803921568627451
0 0.7475490196078431 0.14379084967320263 0.031862745098039214 0.042483660130718956
0 0.7536764705882353 0.17320261437908496 0.024509803921568627 0.042483660130718956
0 0.7696078431372549 0.1707516339869281 0.0196078431372549 0.04084967320261438
0 0.7763480392156863 0.2173202614379085 0.06740196078431372 0.07189542483660132
0 0.7873774509803921 0.26062091503267976 0.023284313725490197 0.02777777777777778
0 0.7628676470588235 0.2687908496732026 0.025735294117647058 0.05065359477124183
0 0.7389705882352942 0.2173202614379085 0.02696078431372549 0.05555555555555556
0 0.7395833333333334 0.25653594771241833 0.01838235294117647 0.03594771241830066
0 0.7107843137254902 0.27450980392156865 0.024509803921568627 0.06535947712418301
0 0.6807598039215687 0.2916666666666667 0.025735294117647058 0.04738562091503268
0 0.6519607843137255 0.33251633986928103 0.029411764705882353 0.04738562091503268
0 0.7138480392156863 0.3545751633986928 0.04779411764705882 0.09477124183006536
0 0.7444852941176471 0.3562091503267974 0.025735294117647058 0.049019607843137254
0 0.6703431372549019 0.35866013071895425 0.03676470588235294 0.07026143790849673
0 0.6783088235294118 0.3880718954248366 0.025735294117647058 0.04084967320261438
0 0.6795343137254902 0.43790849673202614 0.030637254901960783 0.06535947712418301
0 0.7064950980392157 0.440359477124183 0.028186274509803922 0.05065359477124183
0 0.7328431372549019 0.45588235294117646 0.049019607843137254 0.11111111111111112
0 0.6887254901960784 0.4812091503267974 0.029411764705882353 0.06045751633986928
0 0.7132352941176471 0.5220588235294118 0.024509803921568627 0.05392156862745098
0 0.7297794117647058 0.5531045751633987 0.05269607843137255 0.10947712418300654
0 0.7696078431372549 0.5245098039215687 0.02696078431372549 0.049019607843137254
0 0.7610294117647058 0.5702614379084967 0.02696078431372549 0.05555555555555556
0 0.7696078431372549 0.6004901960784313 0.03676470588235294 0.06372549019607843
0 0.7426470588235294 0.6151960784313726 0.022058823529411763 0.05065359477124183
0 0.7279411764705882 0.6478758169934641 0.029411764705882353 0.03431372549019608
0 0.8694852941176471 0.4215686274509804 0.023284313725490197 0.04575163398692811
0 0.8394607843137255 0.4395424836601307 0.03676470588235294 0.07516339869281045
0 0.8651960784313726 0.4607843137254902 0.0196078431372549 0.042483660130718956
0 0.7481617647058824 0.696078431372549 0.04779411764705882 0.10457516339869281
0 0.7794117647058824 0.6919934640522876 0.029411764705882353 0.07026143790849673
0 0.8314950980392157 0.7222222222222222 0.030637254901960783 0.06535947712418301
0 0.9405637254901961 0.7116013071895425 0.03308823529411765 0.05392156862745098
0 0.8486519607843137 0.7516339869281046 0.04534313725490196 0.06209150326797386
0 0.8082107843137255 0.7663398692810458 0.03308823529411765 0.06862745098039216
0 0.7794117647058824 0.7589869281045751 0.03676470588235294 0.07679738562091504
0 0.7230392156862745 0.7508169934640523 0.03676470588235294 0.05392156862745098
0 0.7261029411764706 0.792483660130719 0.025735294117647058 0.05228758169934641
0 0.75 0.792483660130719 0.031862745098039214 0.06209150326797386
0 0.7928921568627451 0.8169934640522876 0.0196078431372549 0.049019607843137254
0 0.7653186274509803 0.8480392156862745 0.05024509803921569 0.10457516339869281
0 0.7383578431372549 0.8986928104575164 0.030637254901960783 0.03594771241830066
0 0.7518382352941176 0.9379084967320261 0.04044117647058824 0.08823529411764706
0 0.7665441176470588 0.9730392156862745 0.030637254901960783 0.05392156862745098
0 0.7928921568627451 0.9852941176470589 0.029411764705882353 0.029411764705882353
0 0.22058823529411764 0.14624183006535948 0.04656862745098039 0.04738562091503268
0 0.8504901960784313 0.9869281045751634 0.031862745098039214 0.026143790849673203
0 0.7248774509803921 0.9910130718954249 0.03308823529411765 0.01797385620915033
