0 0.9746732026143791 0.25245098039215685 0.02777777777777778 0.014705882352941176
0 0.9656862745098039 0.27267156862745096 0.026143790849673203 0.013480392156862746
0 0.9460784313725491 0.2689950980392157 0.016339869281045753 0.015931372549019607
0 0.9452614379084968 0.2800245098039216 0.024509803921568627 0.015931372549019607
0 0.9852941176470589 0.29473039215686275 0.029411764705882353 0.020833333333333332
0 0.7606209150326798 0.8192401960784313 0.02777777777777778 0.013480392156862746
0 0.5220588235294118 0.8223039215686274 0.024509803921568627 0.00980392156862745
0 0.5310457516339869 0.8370098039215687 0.026143790849673203 0.01715686274509804
0 0.5065359477124183 0.8370098039215687 0.029411764705882353 0.014705882352941176
0 0.5645424836601307 0.8406862745098039 0.024509803921568627 0.012254901960784314
0 0.5882352941176471 0.8272058823529411 0.032679738562091505 0.014705882352941176
0 0.6168300653594772 0.8167892156862745 0.04084967320261438 0.01838235294117647
0 0.5939542483660131 0.8382352941176471 0.03758169934640523 0.014705882352941176
0 0.6446078431372549 0.8229166666666666 0.02777777777777778 0.020833333333333332
0 0.6772875816993464 0.8204656862745098 0.024509803921568627 0.020833333333333332
0 0.696078431372549 0.8192401960784313 0.016339869281045753 0.015931372549019607
0 0.7303921568627452 0.8308823529411764 0.032679738562091505 0.014705882352941176
0 0.7581699346405228 0.8382352941176471 0.032679738562091505 0.014705882352941176
0 0.732843137254902 0.8419117647058824 0.02777777777777778 0.012254901960784314
0 0.6968954248366013 0.8314950980392157 0.02777777777777778 0.013480392156862746
0 0.7148692810457516 0.84375 0.024509803921568627 0.020833333333333332
0 0.6862745098039216 0.8394607843137255 0.026143790849673203 0.012254901960784314
0 0.6617647058823529 0.8308823529411764 0.03594771241830066 0.01715686274509804
0 0.6666666666666667 0.8400735294117647 0.026143790849673203 0.01838235294117647
0 0.6266339869281046 0.8376225490196079 0.02777777777777778 0.013480392156862746
0 0.6446078431372549 0.8462009803921569 0.03758169934640523 0.015931372549019607
0 0.6772875816993464 0.8492647058823529 0.02777777777777778 0.012254901960784314
0 0.6952614379084967 0.8498774509803921 0.021241830065359478 0.011029411764705881
0 0.7573529411764706 0.8547794117647058 0.024509803921568627 0.01838235294117647
0 0.6870915032679739 0.8578431372549019 0.03104575163398693 0.012254901960784314
0 0.5669934640522876 0.8547794117647058 0.022875816993464054 0.013480392156862746
0 0.5841503267973857 0.8517156862745098 0.021241830065359478 0.0196078431372549
0 0.6070261437908497 0.8553921568627451 0.04084967320261438 0.0196078431372549
0 0.6397058823529412 0.8590686274509803 0.021241830065359478 0.0196078431372549
0 0.6233660130718954 0.8633578431372549 0.024509803921568627 0.013480392156862746
0 0.6535947712418301 0.866421568627451 0.026143790849673203 0.022058823529411763
0 0.678921568627451 0.8658088235294118 0.021241830065359478 0.011029411764705881
0 0.6870915032679739 0.8737745098039216 0.01797385620915033 0.00980392156862745
0 0.7156862745098039 0.8670343137254902 0.042483660130718956 0.020833333333333332
0 0.7075163398692811 0.8786764705882353 0.0196078431372549 0.012254901960784314
0 0.7303921568627452 0.8786764705882353 0.022875816993464054 0.00980392156862745
0 0.7516339869281046 0.8780637254901961 0.022875816993464054 0.013480392156862746
0 0.7704248366013072 0.8725490196078431 0.021241830065359478 0.014705882352941176
0 0.6421568627450981 0.875 0.016339869281045753 0.007352941176470588
0 0.6160130718954249 0.8756127450980392 0.029411764705882353 0.013480392156862746
0 0.5833333333333334 0.8731617647058824 0.03594771241830066 0.015931372549019607
0 0.21650326797385622 0.7971813725490196 0.02777777777777778 0.015931372549019607
0 0.2434640522875817 0.8125 0.022875816993464054 0.012254901960784314
0 0.10212418300653595 0.7806372549019608 0.021241830065359478 0.00980392156862745
0 0.03839869281045752 0.7879901960784313 0.021241830065359478 0.0196078431372549
0 0.06209150326797386 0.7837009803921569 0.029411764705882353 0.011029411764705881
0 0.07352941176470588 0.7935049019607843 0.026143790849673203 0.013480392156862746
0 0.07924836601307189 0.7830882352941176 0.024509803921568627 0.012254901960784314
0 0.17647058823529413 0.7996323529411764 0.03594771241830066 0.01838235294117647
0 0.1895424836601307 0.8094362745098039 0.026143790849673203 0.011029411764705881
0 0.16176470588235295 0.8075980392156863 0.022875816993464054 0.012254901960784314
0 0.13970588235294118 0.8118872549019608 0.02777777777777778 0.013480392156862746
0 0.15114379084967322 0.8216911764705882 0.021241830065359478 0.011029411764705881
0 0.1593137254901961 0.8302696078431372 0.01797385620915033 0.011029411764705881
0 0.18300653594771243 0.8278186274509803 0.029411764705882353 0.023284313725490197
0 0.1715686274509804 0.8462009803921569 0.032679738562091505 0.015931372549019607
0 0.21241830065359477 0.8462009803921569 0.026143790849673203 0.013480392156862746
0 0.12990196078431374 0.821078431372549 0.021241830065359478 0.012254901960784314
0 0.13970588235294118 0.8455882352941176 0.04084967320261438 0.024509803921568627
0 0.11437908496732027 0.8192401960784313 0.0196078431372549 0.013480392156862746
0 0.08415032679738563 0.8143382352941176 0.024509803921568627 0.015931372549019607
0 0.09722222222222222 0.8186274509803921 0.021241830065359478 0.012254901960784314
0 0.06781045751633988 0.8314950980392157 0.04084967320261438 0.01838235294117647
0 0.09477124183006536 0.8425245098039216 0.042483660130718956 0.023284313725490197
0 0.12091503267973856 0.8566176470588235 0.029411764705882353 0.014705882352941176
0 0.10866013071895425 0.8639705882352942 0.02777777777777778 0.014705882352941176
0 0.018790849673202614 0.8131127450980392 0.024509803921568627 0.015931372549019607
0 0.025326797385620915 0.8259803921568627 0.03431372549019608 0.0196078431372549
0 0.029411764705882353 0.8431372549019608 0.0392156862745098 0.02696078431372549
0 0.056372549019607844 0.8462009803921569 0.03104575163398693 0.013480392156862746
0 0.056372549019607844 0.8180147058823529 0.02777777777777778 0.013480392156862746
0 0.07352941176470588 0.8541666666666666 0.026143790849673203 0.00980392156862745
0 0.06045751633986928 0.8615196078431372 0.0196078431372549 0.01715686274509804
0 0.06535947712418301 0.8707107843137255 0.022875816993464054 0.013480392156862746
0 0.08415032679738563 0.8615196078431372 0.03431372549019608 0.01715686274509804
0 0.0857843137254902 0.8731617647058824 0.021241830065359478 0.011029411764705881
0 0.025326797385620915 0.8572303921568627 0.024509803921568627 0.013480392156862746
0 0.014705882352941176 0.8602941176470588 0.022875816993464054 0.014705882352941176
0 0.04411764705882353 0.8658088235294118 0.0196078431372549 0.013480392156862746
0 0.006535947712418301 0.8419117647058824 0.00980392156862745 0.024509803921568627
0 0.9918300653594772 0.2702205882352941 0.016339869281045753 0.023284313725490197
