0 0.18137254901960784 0.9166666666666667 0.03676470588235294 0.04575163398692811
0 0.11274509803921569 0.17973856209150327 0.02696078431372549 0.032679738562091505
0 0.1525735294117647 0.9199346405228759 0.028186274509803922 0.032679738562091505
0 0.14338235294117646 0.9607843137254902 0.03431372549019608 0.06862745098039216
0 0.20036764705882354 0.9616013071895425 0.028186274509803922 0.04411764705882353
0 0.2389705882352941 0.9820261437908497 0.044117647058823525 0.03594771241830066
0 0.17034313725490197 0.9730392156862745 0.01715686274509804 0.03431372549019608
0 0.6372549019607843 0.7369281045751634 0.04656862745098039 0.058823529411764705
0 0.1556372549019608 0.9852941176470589 0.014705882352941176 0.026143790849673203
0 0.18137254901960784 0.9893790849673203 0.024509803921568627 0.021241830065359478
0 0.2077205882352941 0.9820261437908497 0.020833333333333332 0.026143790849673203
