0 0.1795343137254902 0.01797385620915033 0.028186274509803922 0.032679738562091505
0 0.15808823529411764 0.03022875816993464 0.024509803921568627 0.04084967320261438
0 0.14276960784313725 0.018790849673202614 0.023284313725490197 0.03431372549019608
0 0.125 0.03594771241830066 0.031862745098039214 0.05228758169934641
0 0.10416666666666667 0.015522875816993464 0.024509803921568627 0.02777777777777778
0 0.07107843137254902 0.014705882352941176 0.0196078431372549 0.026143790849673203
0 0.05330882352941176 0.013071895424836602 0.020833333333333332 0.022875816993464054
0 0.04044117647058824 0.024509803921568627 0.01715686274509804 0.0392156862745098
0 0.017769607843137254 0.03594771241830066 0.030637254901960783 0.042483660130718956
0 0.052083333333333336 0.035130718954248366 0.020833333333333332 0.02777777777777778
0 0.05698529411764706 0.05473856209150327 0.01838235294117647 0.03431372549019608
0 0.07291666666666667 0.057189542483660136 0.023284313725490197 0.03594771241830066
0 0.09436274509803921 0.040032679738562095 0.02696078431372549 0.03104575163398693
0 0.1838235294117647 0.06045751633986928 0.022058823529411763 0.032679738562091505
0 0.15379901960784315 0.06045751633986928 0.025735294117647058 0.042483660130718956
0 0.12622549019607843 0.07598039215686275 0.029411764705882353 0.04084967320261438
0 0.14522058823529413 0.09150326797385622 0.015931372549019607 0.022875816993464054
0 0.1256127450980392 0.1053921568627451 0.020833333333333332 0.02777777777777778
0 0.13848039215686275 0.12908496732026145 0.024509803921568627 0.03594771241830066
0 0.05759803921568627 0.0857843137254902 0.02696078431372549 0.04084967320261438
0 0.02389705882352941 0.07516339869281045 0.01838235294117647 0.026143790849673203
0 0.009191176470588236 0.08741830065359478 0.015931372549019607 0.03431372549019608
0 0.03553921568627451 0.09150326797385622 0.022058823529411763 0.03594771241830066
0 0.01715686274509804 0.10375816993464053 0.0196078431372549 0.03104575163398693
0 0.00857843137254902 0.11437908496732027 0.014705882352941176 0.032679738562091505
0 0.03982843137254902 0.11437908496732027 0.023284313725490197 0.032679738562091505
0 0.03431372549019608 0.13562091503267976 0.022058823529411763 0.0196078431372549
0 0.010416666666666666 0.13725490196078433 0.01838235294117647 0.029411764705882353
0 0.01838235294117647 0.15849673202614378 0.014705882352941176 0.032679738562091505
0 0.03308823529411765 0.16584967320261437 0.029411764705882353 0.02777777777777778
0 0.007965686274509803 0.17320261437908496 0.013480392156862746 0.042483660130718956
0 0.015931372549019607 0.19444444444444445 0.029411764705882353 0.0392156862745098
0 0.030637254901960783 0.21486928104575165 0.01715686274509804 0.03104575163398693
0 0.014705882352941176 0.2238562091503268 0.024509803921568627 0.029411764705882353
0 0.011029411764705881 0.013071895424836602 0.0196078431372549 0.022875816993464054
0 0.027573529411764705 0.00980392156862745 0.015931372549019607 0.016339869281045753
