0 0.38235294117647056 0.6274509803921569 0.051470588235294115 0.049019607843137254
0 0.4522058823529412 0.6421568627450981 0.0661764705882353 0.06535947712418301
0 0.5006127450980392 0.6315359477124183 0.04779411764705882 0.05065359477124183
0 0.48713235294117646 0.6699346405228759 0.04779411764705882 0.042483660130718956
0 0.5263480392156863 0.673202614379085 0.0428921568627451 0.04575163398692811
0 0.5894607843137255 0.6339869281045751 0.06372549019607843 0.05555555555555556
0 0.5919117647058824 0.6805555555555556 0.05392156862745098 0.04738562091503268
0 0.6660539215686274 0.6511437908496732 0.06495098039215687 0.05065359477124183
0 0.5618872549019608 0.6609477124183006 0.03553921568627451 0.03431372549019608
0 0.6354166666666666 0.6723856209150327 0.04044117647058824 0.02777777777777778
