0 0.3204656862745098 0.2965686274509804 0.01838235294117647 0.021241830065359478
0 0.3327205882352941 0.3243464052287582 0.023284313725490197 0.03431372549019608
0 0.6942401960784313 0.14624183006535948 0.01838235294117647 0.03104575163398693
0 0.6875 0.11029411764705882 0.01715686274509804 0.02777777777777778
0 0.6752450980392157 0.09150326797385622 0.01715686274509804 0.029411764705882353
0 0.6917892156862745 0.08415032679738563 0.023284313725490197 0.03104575163398693
0 0.6776960784313726 0.06127450980392157 0.014705882352941176 0.02777777777777778
0 0.6924019607843137 0.06127450980392157 0.01715686274509804 0.02777777777777778
0 0.6623774509803921 0.058823529411764705 0.01838235294117647 0.029411764705882353
0 0.6709558823529411 0.04411764705882353 0.01838235294117647 0.026143790849673203
0 0.6868872549019608 0.035130718954248366 0.020833333333333332 0.03104575163398693
0 0.6783088235294118 0.01715686274509804 0.023284313725490197 0.024509803921568627
0 0.6642156862745098 0.01388888888888889 0.01715686274509804 0.024509803921568627
0 0.6531862745098039 0.02696078431372549 0.01715686274509804 0.03431372549019608
0 0.6397058823529411 0.0196078431372549 0.014705882352941176 0.029411764705882353
0 0.3897058823529412 0.4991830065359477 0.0196078431372549 0.05065359477124183
0 0.37806372549019607 0.5049019607843137 0.020833333333333332 0.049019607843137254
0 0.3829656862745098 0.5498366013071896 0.01838235294117647 0.02777777777777778
0 0.3866421568627451 0.5800653594771242 0.01838235294117647 0.032679738562091505
0 0.39828431372549017 0.5825163398692811 0.01715686274509804 0.02777777777777778
0 0.4375 0.6168300653594772 0.03431372549019608 0.03104575163398693
0 0.4166666666666667 0.6593137254901961 0.01715686274509804 0.04084967320261438
0 0.45526960784313725 0.6437908496732027 0.028186274509803922 0.0392156862745098
0 0.4534313725490196 0.667483660130719 0.0196078431372549 0.021241830065359478
0 0.42953431372549017 0.7026143790849674 0.025735294117647058 0.0392156862745098
0 0.4466911764705882 0.6977124183006537 0.020833333333333332 0.032679738562091505
0 0.4638480392156863 0.7001633986928105 0.025735294117647058 0.02777777777777778
0 0.4583333333333333 0.7189542483660131 0.014705882352941176 0.022875816993464054
0 0.4730392156862745 0.7271241830065359 0.024509803921568627 0.03594771241830066
0 0.4430147058823529 0.7279411764705882 0.025735294117647058 0.05392156862745098
0 0.5079656862745098 0.696078431372549 0.020833333333333332 0.029411764705882353
0 0.5275735294117647 0.7026143790849674 0.01838235294117647 0.026143790849673203
0 0.5220588235294118 0.7197712418300654 0.0196078431372549 0.024509803921568627
0 0.8063725490196079 0.4542483660130719 0.029411764705882353 0.032679738562091505
0 0.8125 0.4877450980392157 0.02696078431372549 0.024509803921568627
0 0.8161764705882353 0.5204248366013072 0.03431372549019608 0.03758169934640523
0 0.8180147058823529 0.5522875816993464 0.023284313725490197 0.03594771241830066
0 0.8474264705882353 0.559640522875817 0.03308823529411765 0.057189542483660136
0 0.8406862745098039 0.5866013071895425 0.024509803921568627 0.03594771241830066
0 0.892156862745098 0.7075163398692811 0.01715686274509804 0.022875816993464054
0 0.9117647058823529 0.7303921568627452 0.024509803921568627 0.026143790849673203
0 0.9050245098039216 0.7467320261437909 0.015931372549019607 0.0196078431372549
0 0.8890931372549019 0.7483660130718954 0.015931372549019607 0.029411764705882353
0 0.9099264705882353 0.7834967320261438 0.03553921568627451 0.04738562091503268
0 0.9313725490196079 0.7802287581699346 0.01715686274509804 0.021241830065359478
0 0.9381127450980392 0.8063725490196079 0.020833333333333332 0.01797385620915033
0 0.9221813725490196 0.8104575163398693 0.011029411764705881 0.022875816993464054
0 0.9142156862745098 0.8243464052287582 0.014705882352941176 0.024509803921568627
0 0.9295343137254902 0.8374183006535948 0.015931372549019607 0.021241830065359478
0 0.9417892156862745 0.8218954248366014 0.01838235294117647 0.022875816993464054
0 0.602328431372549 0.9722222222222222 0.020833333333333332 0.032679738562091505
0 0.5919117647058824 0.9918300653594772 0.0196078431372549 0.016339869281045753
0 0.4074754901960784 0.559640522875817 0.015931372549019607 0.01797385620915033
0 0.41911764705882354 0.6290849673202614 0.022058823529411763 0.026143790849673203
0 0.43443627450980393 0.6486928104575164 0.020833333333333332 0.022875816993464054
0 0.4319852941176471 0.6691176470588236 0.020833333333333332 0.021241830065359478
0 0.6433823529411765 0.005718954248366014 0.01715686274509804 0.008169934640522876
0 0.6801470588235294 0.006535947712418301 0.014705882352941176 0.00980392156862745
