0 0.1292892156862745 0.035130718954248366 0.01838235294117647 0.01797385620915033
0 0.09497549019607843 0.018790849673202614 0.023284313725490197 0.014705882352941176
0 0.11029411764705882 0.02042483660130719 0.022058823529411763 0.021241830065359478
0 0.058823529411764705 0.02696078431372549 0.02696078431372549 0.01797385620915033
0 0.07720588235294118 0.03676470588235294 0.022058823529411763 0.014705882352941176
0 0.09436274509803921 0.04330065359477124 0.022058823529411763 0.01797385620915033
0 0.11029411764705882 0.04820261437908497 0.024509803921568627 0.01797385620915033
0 0.19730392156862744 0.025326797385620915 0.022058823529411763 0.01797385620915033
0 0.2653186274509804 0.02369281045751634 0.020833333333333332 0.01797385620915033
0 0.2824754901960784 0.02369281045751634 0.01838235294117647 0.01797385620915033
0 0.2971813725490196 0.029411764705882353 0.023284313725490197 0.016339869281045753
0 0.27941176470588236 0.035130718954248366 0.024509803921568627 0.01797385620915033
0 0.25980392156862747 0.04084967320261438 0.022058823529411763 0.0196078431372549
0 0.23039215686274508 0.03758169934640523 0.031862745098039214 0.029411764705882353
0 0.2420343137254902 0.04820261437908497 0.020833333333333332 0.014705882352941176
0 0.23039215686274508 0.05555555555555556 0.024509803921568627 0.0196078431372549
0 0.20649509803921567 0.0392156862745098 0.01838235294117647 0.0196078431372549
0 0.20955882352941177 0.05310457516339869 0.01715686274509804 0.021241830065359478
0 0.3492647058823529 0.1642156862745098 0.02696078431372549 0.03431372549019608
0 0.46691176470588236 0.02696078431372549 0.022058823529411763 0.01797385620915033
0 0.4938725490196078 0.028594771241830068 0.022058823529411763 0.014705882352941176
0 0.5128676470588235 0.03839869281045752 0.028186274509803922 0.02777777777777778
0 0.47855392156862747 0.03758169934640523 0.023284313725490197 0.016339869281045753
0 0.4571078431372549 0.0392156862745098 0.024509803921568627 0.0196078431372549
0 0.44362745098039214 0.04820261437908497 0.012254901960784314 0.024509803921568627
0 0.45465686274509803 0.05800653594771242 0.022058823529411763 0.01797385620915033
0 0.47120098039215685 0.05147058823529412 0.020833333333333332 0.014705882352941176
0 0.4877450980392157 0.05310457516339869 0.0196078431372549 0.01797385620915033
0 0.5079656862745098 0.05392156862745098 0.028186274509803922 0.0196078431372549
0 0.53125 0.05800653594771242 0.023284313725490197 0.024509803921568627
0 0.5435049019607843 0.04738562091503268 0.028186274509803922 0.022875816993464054
0 0.5637254901960784 0.03431372549019608 0.0196078431372549 0.026143790849673203
0 0.5900735294117647 0.04411764705882353 0.020833333333333332 0.0196078431372549
0 0.5741421568627451 0.04656862745098039 0.020833333333333332 0.01797385620915033
0 0.5704656862745098 0.06290849673202614 0.023284313725490197 0.021241830065359478
0 0.5202205882352942 0.06862745098039216 0.023284313725490197 0.0196078431372549
0 0.49816176470588236 0.07352941176470588 0.030637254901960783 0.029411764705882353
0 0.4724264705882353 0.0661764705882353 0.020833333333333332 0.014705882352941176
0 0.4791666666666667 0.08169934640522876 0.014705882352941176 0.0196078431372549
0 0.4644607843137255 0.0784313725490196 0.0196078431372549 0.022875816993464054
0 0.6838235294117647 0.029411764705882353 0.022058823529411763 0.016339869281045753
0 0.06311274509803921 0.04166666666666667 0.015931372549019607 0.011437908496732027
0 0.21568627450980393 0.02777777777777778 0.014705882352941176 0.013071895424836602
0 0.22426470588235295 0.0196078431372549 0.014705882352941176 0.013071895424836602
0 0.2512254901960784 0.022875816993464054 0.014705882352941176 0.013071895424836602
