0 0.8390522875816994 0.9013480392156863 0.07026143790849673 0.028186274509803922
0 0.9640522875816994 0.8841911764705882 0.05555555555555556 0.03308823529411765
0 0.7687908496732027 0.9479166666666666 0.06699346405228758 0.0428921568627451
0 0.8390522875816994 0.9424019607843137 0.08986928104575163 0.041666666666666664
0 0.8954248366013072 0.9240196078431372 0.05228758169934641 0.02696078431372549
0 0.9068627450980392 0.9503676470588235 0.06209150326797386 0.030637254901960783
0 0.9460784313725491 0.9136029411764706 0.049019607843137254 0.030637254901960783
0 0.9893790849673203 0.9080882352941176 0.021241830065359478 0.0196078431372549
0 0.988562091503268 0.9283088235294118 0.022875816993464054 0.023284313725490197
0 0.9583333333333334 0.9424019607843137 0.04411764705882353 0.024509803921568627
0 0.9812091503267975 0.9540441176470588 0.03758169934640523 0.03308823529411765
0 0.9436274509803921 0.9797794117647058 0.08986928104575163 0.03553921568627451
