0 0.041666666666666664 0.8897058823529412 0.0392156862745098 0.06045751633986928
0 0.015318627450980392 0.9240196078431373 0.028186274509803922 0.05392156862745098
0 0.07659313725490197 0.8897058823529412 0.04779411764705882 0.05065359477124183
0 0.03982843137254902 0.9599673202614379 0.04044117647058824 0.03758169934640523
0 0.11213235294117647 0.9411764705882353 0.0428921568627451 0.042483660130718956
0 0.14338235294117646 0.9060457516339869 0.03431372549019608 0.06045751633986928
0 0.19669117647058823 0.9223856209150327 0.05269607843137255 0.057189542483660136
0 0.24142156862745098 0.9444444444444444 0.04656862745098039 0.049019607843137254
0 0.3131127450980392 0.8276143790849674 0.07720588235294118 0.06372549019607843
0 0.2647058823529412 0.8545751633986929 0.07107843137254902 0.06535947712418301
0 0.321078431372549 0.8741830065359477 0.061274509803921566 0.04575163398692811
0 0.3480392156862745 0.9019607843137255 0.06372549019607843 0.049019607843137254
0 0.27144607843137253 0.9060457516339869 0.06495098039215687 0.05065359477124183
0 0.2818627450980392 0.9338235294117647 0.029411764705882353 0.04084967320261438
0 0.31924019607843135 0.9436274509803921 0.04779411764705882 0.03758169934640523
0 0.33578431372549017 0.9738562091503268 0.051470588235294115 0.042483660130718956
0 0.4534313725490196 0.9256535947712419 0.051470588235294115 0.05392156862745098
0 0.5238970588235294 0.954248366013072 0.05269607843137255 0.058823529411764705
0 0.5741421568627451 0.977124183006536 0.03553921568627451 0.0392156862745098
0 0.7303921568627451 0.8586601307189543 0.058823529411764705 0.057189542483660136
0 0.6942401960784313 0.8995098039215687 0.07720588235294118 0.07679738562091504
0 0.6464460784313726 0.8995098039215687 0.03799019607843137 0.03104575163398693
0 0.6458333333333334 0.9477124183006537 0.08333333333333333 0.06862745098039216
0 0.6740196078431372 0.9836601307189543 0.02696078431372549 0.032679738562091505
0 0.6930147058823529 0.9632352941176471 0.030637254901960783 0.03431372549019608
0 0.7169117647058824 0.9526143790849674 0.031862745098039214 0.0392156862745098
0 0.7156862745098039 0.9820261437908497 0.04656862745098039 0.03594771241830066
0 0.7487745098039216 0.9354575163398693 0.051470588235294115 0.04411764705882353
0 0.7843137254901961 0.8782679738562091 0.061274509803921566 0.05392156862745098
0 0.8045343137254902 0.9125816993464052 0.04779411764705882 0.03431372549019608
0 0.798406862745098 0.9468954248366014 0.06004901960784314 0.04738562091503268
0 0.7536764705882353 0.9705882352941176 0.049019607843137254 0.03594771241830066
0 0.803921568627451 0.9787581699346406 0.03431372549019608 0.022875816993464054
0 0.8566176470588235 0.8995098039215687 0.0392156862745098 0.07352941176470588
0 0.9025735294117647 0.9027777777777778 0.04534313725490196 0.06045751633986928
0 0.9381127450980392 0.888888888888889 0.05514705882352941 0.05555555555555556
0 0.9099264705882353 0.8423202614379085 0.05514705882352941 0.057189542483660136
0 0.9497549019607843 0.8406862745098039 0.058823529411764705 0.07352941176470588
0 0.9810049019607843 0.7753267973856209 0.03799019607843137 0.06699346405228758
0 0.9865196078431372 0.829248366013072 0.02696078431372549 0.057189542483660136
0 0.9852941176470588 0.8856209150326798 0.029411764705882353 0.06209150326797386
0 0.9693627450980392 0.9370915032679739 0.061274509803921566 0.06372549019607843
0 0.9724264705882353 0.9763071895424837 0.04534313725490196 0.03758169934640523
0 0.9276960784313726 0.9836601307189543 0.051470588235294115 0.032679738562091505
0 0.8137254901960784 0.5326797385620915 0.04656862745098039 0.05555555555555556
0 0.014093137254901961 0.8986928104575164 0.025735294117647058 0.0392156862745098
0 0.7346813725490196 0.8986928104575164 0.020833333333333332 0.032679738562091505
0 0.7438725490196079 0.994281045751634 0.029411764705882353 0.011437908496732027
0 0.7886029411764706 0.994281045751634 0.03553921568627451 0.011437908496732027
