0 0.12867647058823528 0.3382352941176471 0.024509803921568627 0.04575163398692811
0 0.09436274509803921 0.30718954248366015 0.024509803921568627 0.0392156862745098
0 0.1133578431372549 0.3627450980392157 0.01838235294117647 0.0392156862745098
0 0.09313725490196079 0.39950980392156865 0.029411764705882353 0.04411764705882353
0 0.0741421568627451 0.4223856209150327 0.028186274509803922 0.04084967320261438
0 0.06862745098039216 0.4950980392156863 0.029411764705882353 0.04575163398692811
0 0.1323529411764706 0.47794117647058826 0.03431372549019608 0.06699346405228758
0 0.0857843137254902 0.5277777777777778 0.03676470588235294 0.04575163398692811
0 0.09987745098039215 0.5473856209150327 0.028186274509803922 0.03594771241830066
0 0.14522058823529413 0.5678104575163399 0.028186274509803922 0.05392156862745098
0 0.1213235294117647 0.6707516339869282 0.024509803921568627 0.03758169934640523
0 0.04595588235294117 0.7034313725490197 0.03553921568627451 0.03431372549019608
0 0.06066176470588235 0.7263071895424836 0.03308823529411765 0.03431372549019608
0 0.11458333333333333 0.7075163398692811 0.028186274509803922 0.0392156862745098
0 0.09191176470588235 0.8921568627450981 0.029411764705882353 0.049019607843137254
0 0.06495098039215687 0.9321895424836601 0.022058823529411763 0.05065359477124183
0 0.0545343137254902 0.8766339869281046 0.03553921568627451 0.04411764705882353
0 0.026348039215686275 0.8488562091503268 0.04779411764705882 0.06699346405228758
0 0.020833333333333332 0.9223856209150327 0.024509803921568627 0.04411764705882353
0 0.041666666666666664 0.954248366013072 0.03676470588235294 0.049019607843137254
0 0.03676470588235294 0.9869281045751634 0.02696078431372549 0.026143790849673203
0 0.12867647058823528 0.3839869281045752 0.0196078431372549 0.0392156862745098
0 0.1133578431372549 0.41013071895424835 0.025735294117647058 0.0392156862745098
0 0.13725490196078433 0.42483660130718953 0.0196078431372549 0.03594771241830066
0 0.11090686274509803 0.4493464052287582 0.020833333333333332 0.0392156862745098
0 0.09191176470588235 0.45996732026143794 0.02696078431372549 0.03431372549019608
0 0.08517156862745098 0.4852941176470588 0.023284313725490197 0.032679738562091505
0 0.1053921568627451 0.4991830065359477 0.022058823529411763 0.03431372549019608
0 0.12009803921568628 0.5367647058823529 0.02696078431372549 0.05392156862745098
0 0.1403186274509804 0.5261437908496732 0.020833333333333332 0.042483660130718956
0 0.0428921568627451 0.6102941176470589 0.024509803921568627 0.03758169934640523
0 0.06862745098039216 0.5996732026143791 0.031862745098039214 0.04575163398692811
0 0.08823529411764705 0.5816993464052288 0.0392156862745098 0.04575163398692811
0 0.11151960784313725 0.5898692810457516 0.0196078431372549 0.042483660130718956
0 0.12990196078431374 0.5972222222222222 0.022058823529411763 0.04084967320261438
0 0.10600490196078431 0.6299019607843137 0.01838235294117647 0.03758169934640523
0 0.13112745098039216 0.6437908496732027 0.0196078431372549 0.026143790849673203
0 0.15134803921568626 0.6364379084967321 0.020833333333333332 0.03431372549019608
0 0.0974264705882353 0.6748366013071896 0.020833333333333332 0.0392156862745098
0 0.08088235294117647 0.6944444444444444 0.031862745098039214 0.03594771241830066
0 0.1403186274509804 0.6772875816993464 0.023284313725490197 0.04738562091503268
0 0.15870098039215685 0.6748366013071896 0.020833333333333332 0.03594771241830066
0 0.1292892156862745 0.7336601307189543 0.023284313725490197 0.05555555555555556
0 0.14767156862745098 0.7287581699346406 0.01838235294117647 0.03594771241830066
0 0.15808823529411764 0.7148692810457516 0.01715686274509804 0.03758169934640523
0 0.08946078431372549 0.7426470588235294 0.02696078431372549 0.05065359477124183
0 0.06066176470588235 0.7614379084967321 0.03308823529411765 0.029411764705882353
0 0.1642156862745098 0.763888888888889 0.01715686274509804 0.03758169934640523
0 0.14644607843137256 0.7679738562091504 0.015931372549019607 0.03594771241830066
0 0.14522058823529413 0.8014705882352942 0.023284313725490197 0.03104575163398693
0 0.05943627450980392 0.798202614379085 0.028186274509803922 0.04738562091503268
0 0.0784313725490196 0.8161764705882353 0.022058823529411763 0.04084967320261438
0 0.09803921568627451 0.8178104575163399 0.024509803921568627 0.03431372549019608
0 0.11274509803921569 0.7965686274509804 0.031862745098039214 0.06045751633986928
0 0.16299019607843138 0.8071895424836601 0.024509803921568627 0.03594771241830066
0 0.1133578431372549 0.8660130718954249 0.01838235294117647 0.032679738562091505
0 0.12867647058823528 0.8455882352941176 0.022058823529411763 0.05392156862745098
0 0.15196078431372548 0.8594771241830066 0.031862745098039214 0.06862745098039216
0 0.17401960784313725 0.8700980392156863 0.022058823529411763 0.04411764705882353
0 0.0625 0.9852941176470589 0.024509803921568627 0.029411764705882353
0 0.08823529411764705 0.9493464052287582 0.03431372549019608 0.07189542483660132
0 0.09620098039215687 0.9893790849673203 0.01838235294117647 0.021241830065359478
0 0.1213235294117647 0.994281045751634 0.029411764705882353 0.011437908496732027
0 0.1213235294117647 0.9624183006535948 0.03431372549019608 0.05228758169934641
0 0.14399509803921567 0.9746732026143791 0.020833333333333332 0.03758169934640523
0 0.16237745098039216 0.9861111111111112 0.025735294117647058 0.02777777777777778
0 0.1801470588235294 0.9820261437908497 0.022058823529411763 0.03594771241830066
0 0.16605392156862744 0.9395424836601307 0.025735294117647058 0.05555555555555556
0 0.12683823529411764 0.9191176470588236 0.03799019607843137 0.06699346405228758
