0 0.8725490196078431 0.0784313725490196 0.0392156862745098 0.06209150326797386
0 0.9013480392156863 0.17483660130718956 0.03308823529411765 0.06535947712418301
0 0.8406862745098039 0.10375816993464053 0.0392156862745098 0.06699346405228758
0 0.8596813725490196 0.15604575163398693 0.03553921568627451 0.06372549019607843
0 0.8927696078431372 0.27369281045751637 0.0428921568627451 0.06372549019607843
0 0.883578431372549 0.315359477124183 0.041666666666666664 0.07189542483660132
0 0.9491421568627451 0.352124183006536 0.030637254901960783 0.05065359477124183
0 0.8284313725490196 0.2965686274509804 0.03676470588235294 0.07352941176470588
0 0.8075980392156863 0.33251633986928103 0.031862745098039214 0.07352941176470588
0 0.8321078431372549 0.4281045751633987 0.044117647058823525 0.07516339869281045
0 0.8633578431372549 0.38562091503267976 0.04044117647058824 0.06862745098039216
0 0.8811274509803921 0.4256535947712418 0.029411764705882353 0.07026143790849673
0 0.8553921568627451 0.4493464052287582 0.029411764705882353 0.058823529411764705
0 0.8020833333333334 0.5555555555555556 0.03308823529411765 0.05555555555555556
0 0.8284313725490196 0.5686274509803921 0.03676470588235294 0.06209150326797386
0 0.8259803921568627 0.6241830065359477 0.031862745098039214 0.05555555555555556
0 0.8462009803921569 0.6413398692810458 0.028186274509803922 0.07352941176470588
0 0.8682598039215687 0.6176470588235294 0.025735294117647058 0.049019607843137254
0 0.8658088235294118 0.6944444444444444 0.025735294117647058 0.049019607843137254
0 0.8529411764705882 0.5555555555555556 0.031862745098039214 0.06209150326797386
0 0.8449754901960784 0.4869281045751634 0.025735294117647058 0.042483660130718956
0 0.8155637254901961 0.48366013071895425 0.04044117647058824 0.08823529411764706
0 0.8468137254901961 0.34558823529411764 0.024509803921568627 0.06045751633986928
0 0.8633578431372549 0.2238562091503268 0.030637254901960783 0.058823529411764705
0 0.8841911764705882 0.14215686274509803 0.03308823529411765 0.06535947712418301
0 0.9197303921568627 0.22794117647058823 0.03308823529411765 0.06372549019607843
