0 0.8112745098039216 0.6605392156862745 0.04411764705882353 0.02696078431372549
0 0.6968954248366013 0.664828431372549 0.03104575163398693 0.020833333333333332
0 0.6683006535947713 0.6703431372549019 0.042483660130718956 0.03431372549019608
0 0.6437908496732027 0.6838235294117647 0.029411764705882353 0.024509803921568627
0 0.49673202614379086 0.585171568627451 0.026143790849673203 0.01838235294117647
0 0.35784313725490197 0.6182598039215687 0.05555555555555556 0.025735294117647058
0 0.32026143790849676 0.6096813725490196 0.042483660130718956 0.025735294117647058
0 0.5531045751633987 0.42953431372549017 0.03758169934640523 0.028186274509803922
0 0.8725490196078431 0.34129901960784315 0.042483660130718956 0.030637254901960783
0 0.7001633986928105 0.32598039215686275 0.03104575163398693 0.0196078431372549
0 0.5212418300653595 0.4252450980392157 0.032679738562091505 0.031862745098039214
0 0.488562091503268 0.4258578431372549 0.05228758169934641 0.03553921568627451
0 0.49754901960784315 0.4485294117647059 0.04738562091503268 0.022058823529411763
0 0.43218954248366015 0.4209558823529412 0.04411764705882353 0.03308823529411765
0 0.44689542483660133 0.45159313725490197 0.05065359477124183 0.030637254901960783
0 0.3937908496732026 0.4307598039215686 0.04575163398692811 0.020833333333333332
0 0.39950980392156865 0.4583333333333333 0.04411764705882353 0.0196078431372549
0 0.2965686274509804 0.4270833333333333 0.04084967320261438 0.025735294117647058
0 0.3145424836601307 0.44730392156862747 0.04411764705882353 0.022058823529411763
0 0.3382352941176471 0.4644607843137255 0.0392156862745098 0.024509803921568627
0 0.30637254901960786 0.4950980392156863 0.04084967320261438 0.02696078431372549
0 0.2638888888888889 0.5079656862745098 0.03758169934640523 0.023284313725490197
0 0.22630718954248366 0.49816176470588236 0.04738562091503268 0.030637254901960783
0 0.2238562091503268 0.4485294117647059 0.06535947712418301 0.0392156862745098
0 0.27941176470588236 0.4650735294117647 0.03594771241830066 0.030637254901960783
0 0.11111111111111112 0.4724264705882353 0.049019607843137254 0.025735294117647058
0 0.0784313725490196 0.4803921568627451 0.0392156862745098 0.022058823529411763
0 0.08660130718954248 0.5006127450980392 0.042483660130718956 0.025735294117647058
0 0.11274509803921569 0.4944852941176471 0.032679738562091505 0.028186274509803922
0 0.3553921568627451 0.4479166666666667 0.05065359477124183 0.023284313725490197
0 0.4068627450980392 0.6053921568627451 0.0392156862745098 0.0196078431372549
0 0.42320261437908496 0.5955882352941176 0.022875816993464054 0.012254901960784314
0 0.44526143790849676 0.5925245098039216 0.024509803921568627 0.015931372549019607
0 0.4722222222222222 0.5955882352941176 0.032679738562091505 0.01715686274509804
0 0.18709150326797386 0.5061274509803921 0.02777777777777778 0.022058823529411763
0 0.3112745098039216 0.4638480392156863 0.03104575163398693 0.020833333333333332
0 0.34068627450980393 0.48284313725490197 0.03431372549019608 0.022058823529411763
0 0.3684640522875817 0.47058823529411764 0.02777777777777778 0.024509803921568627
0 0.45833333333333337 0.43566176470588236 0.03758169934640523 0.01838235294117647
