0 0.7334558823529411 0.9207516339869282 0.03799019607843137 0.03431372549019608
0 0.7665441176470588 0.9493464052287582 0.04044117647058824 0.042483660130718956
0 0.7843137254901961 0.9779411764705883 0.061274509803921566 0.04411764705882353
0 0.7334558823529411 0.9566993464052288 0.03799019607843137 0.04411764705882353
0 0.7181372549019608 0.9763071895424837 0.0392156862745098 0.04084967320261438
0 0.6617647058823529 0.9550653594771242 0.044117647058823525 0.04084967320261438
0 0.6623774509803921 0.9803921568627452 0.05269607843137255 0.0392156862745098
0 0.6066176470588235 0.9787581699346406 0.061274509803921566 0.042483660130718956
0 0.5606617647058824 0.9722222222222222 0.0428921568627451 0.05228758169934641
0 0.477328431372549 0.9836601307189543 0.07475490196078431 0.032679738562091505
0 0.39767156862745096 0.9918300653594772 0.03308823529411765 0.016339869281045753
