0 0.9877450980392156 0.8169934640522876 0.024509803921568627 0.042483660130718956
0 0.9736519607843137 0.829248366013072 0.023284313725490197 0.024509803921568627
0 0.9595588235294118 0.8251633986928105 0.01715686274509804 0.029411764705882353
0 0.9558823529411764 0.7916666666666667 0.0392156862745098 0.03758169934640523
0 0.9264705882352942 0.803921568627451 0.022058823529411763 0.032679738562091505
0 0.9080882352941176 0.8047385620915033 0.014705882352941176 0.02777777777777778
0 0.9117647058823529 0.8366013071895425 0.024509803921568627 0.026143790849673203
0 0.8970588235294118 0.792483660130719 0.0196078431372549 0.022875816993464054
0 0.852328431372549 0.7900326797385621 0.025735294117647058 0.01797385620915033
0 0.8713235294117647 0.809640522875817 0.041666666666666664 0.04411764705882353
0 0.8388480392156863 0.8047385620915033 0.023284313725490197 0.02777777777777778
0 0.8443627450980392 0.8300653594771242 0.022058823529411763 0.022875816993464054
0 0.8125 0.8137254901960784 0.041666666666666664 0.03594771241830066
0 0.7855392156862745 0.7892156862745098 0.022058823529411763 0.0196078431372549
0 0.7506127450980392 0.7957516339869282 0.020833333333333332 0.026143790849673203
0 0.7714460784313726 0.8202614379084967 0.05024509803921569 0.04575163398692811
0 0.7763480392156863 0.8513071895424836 0.03308823529411765 0.022875816993464054
0 0.8063725490196079 0.8423202614379085 0.029411764705882353 0.024509803921568627
0 0.7377450980392157 0.815359477124183 0.0196078431372549 0.0196078431372549
0 0.7444852941176471 0.8472222222222222 0.03308823529411765 0.03104575163398693
0 0.71875 0.8406862745098039 0.01838235294117647 0.02777777777777778
0 0.7236519607843137 0.8619281045751634 0.023284313725490197 0.024509803921568627
0 0.6966911764705882 0.8341503267973857 0.023284313725490197 0.02777777777777778
0 0.7034313725490196 0.8022875816993464 0.0392156862745098 0.03594771241830066
0 0.5006127450980392 0.8660130718954249 0.03308823529411765 0.029411764705882353
0 0.4736519607843137 0.8660130718954249 0.03308823529411765 0.032679738562091505
