0 0.542483660130719 0.1213235294117647 0.058823529411764705 0.031862745098039214
0 0.6013071895424836 0.08946078431372549 0.05555555555555556 0.024509803921568627
0 0.5964052287581699 0.11764705882352941 0.06535947712418301 0.029411764705882353
0 0.6642156862745098 0.16911764705882354 0.06699346405228758 0.02696078431372549
0 0.6756535947712419 0.15012254901960784 0.06045751633986928 0.025735294117647058
0 0.6380718954248367 0.10600490196078431 0.04411764705882353 0.023284313725490197
0 0.6486928104575164 0.12867647058823528 0.04575163398692811 0.022058823529411763
0 0.6838235294117647 0.12377450980392157 0.03758169934640523 0.024509803921568627
0 0.7156862745098039 0.13419117647058823 0.042483660130718956 0.020833333333333332
0 0.678921568627451 0.10110294117647059 0.04411764705882353 0.030637254901960783
0 0.6928104575163399 0.08026960784313725 0.04575163398692811 0.025735294117647058
0 0.7205882352941176 0.0974264705882353 0.029411764705882353 0.015931372549019607
0 0.7173202614379085 0.11458333333333333 0.03594771241830066 0.01838235294117647
0 0.7377450980392157 0.15012254901960784 0.03104575163398693 0.01838235294117647
0 0.7475490196078431 0.16237745098039216 0.03758169934640523 0.01838235294117647
0 0.7671568627450981 0.1482843137254902 0.04411764705882353 0.022058823529411763
0 0.8284313725490197 0.16911764705882354 0.07516339869281045 0.031862745098039214
0 0.8112745098039216 0.14644607843137256 0.05065359477124183 0.028186274509803922
0 0.7736928104575164 0.11948529411764705 0.07679738562091504 0.03553921568627451
0 0.8496732026143791 0.14276960784313725 0.032679738562091505 0.020833333333333332
0 0.8799019607843137 0.1482843137254902 0.03431372549019608 0.022058823529411763
0 0.8766339869281046 0.16237745098039216 0.03104575163398693 0.020833333333333332
0 0.9011437908496732 0.17769607843137256 0.04411764705882353 0.0196078431372549
0 0.8341503267973857 0.12254901960784313 0.04738562091503268 0.022058823529411763
0 0.8080065359477124 0.0974264705882353 0.05392156862745098 0.020833333333333332
0 0.8071895424836601 0.07659313725490197 0.042483660130718956 0.020833333333333332
0 0.8415032679738562 0.08026960784313725 0.03594771241830066 0.01838235294117647
0 0.8758169934640523 0.06924019607843138 0.042483660130718956 0.023284313725490197
0 0.8553921568627452 0.10232843137254902 0.05065359477124183 0.023284313725490197
0 0.8954248366013072 0.12377450980392157 0.07516339869281045 0.03431372549019608
0 0.8970588235294118 0.0974264705882353 0.03594771241830066 0.015931372549019607
0 0.9248366013071896 0.14644607843137256 0.058823529411764705 0.028186274509803922
0 0.9354575163398693 0.16544117647058823 0.05065359477124183 0.0196078431372549
0 0.9632352941176471 0.1764705882352941 0.04084967320261438 0.01715686274509804
0 0.9558823529411765 0.19056372549019607 0.0392156862745098 0.01838235294117647
0 0.9142156862745099 0.08394607843137254 0.06045751633986928 0.028186274509803922
0 0.934640522875817 0.06556372549019608 0.03594771241830066 0.020833333333333332
0 0.9689542483660131 0.04963235294117647 0.042483660130718956 0.023284313725490197
0 0.9901960784313726 0.0625 0.016339869281045753 0.01715686274509804
0 0.9738562091503268 0.07720588235294118 0.049019607843137254 0.029411764705882353
0 0.9656862745098039 0.12193627450980392 0.06862745098039216 0.03308823529411765
0 0.9763071895424837 0.1556372549019608 0.04738562091503268 0.022058823529411763
0 0.9918300653594772 0.17095588235294118 0.016339869281045753 0.015931372549019607
0 0.9926470588235294 0.1875 0.014705882352941176 0.00980392156862745
0 0.988562091503268 0.20036764705882354 0.022875816993464054 0.01838235294117647
