0 0.15747549019607843 0.9689542483660131 0.05759803921568627 0.05228758169934641
0 0.20465686274509803 0.9591503267973857 0.06862745098039216 0.06209150326797386
0 0.22487745098039216 0.928921568627451 0.030637254901960783 0.03104575163398693
0 0.2506127450980392 0.9281045751633987 0.028186274509803922 0.03594771241830066
0 0.2340686274509804 0.9844771241830066 0.041666666666666664 0.024509803921568627
0 0.27450980392156865 0.954248366013072 0.0661764705882353 0.07516339869281045
0 0.3125 0.9354575163398693 0.02696078431372549 0.02777777777777778
0 0.3327205882352941 0.9191176470588236 0.03553921568627451 0.02777777777777778
0 0.3088235294117647 0.9836601307189543 0.04656862745098039 0.032679738562091505
0 0.34620098039215685 0.9893790849673203 0.03553921568627451 0.021241830065359478
0 0.3627450980392157 0.9534313725490197 0.07352941176470588 0.05392156862745098
0 0.3915441176470588 0.9795751633986929 0.03799019607843137 0.03758169934640523
0 0.42769607843137253 0.9338235294117647 0.056372549019607844 0.05392156862745098
0 0.4417892156862745 0.9763071895424837 0.0625 0.04738562091503268
