0 0.006127450980392157 0.34558823529411764 0.00980392156862745 0.03431372549019608
0 0.058823529411764705 0.3431372549019608 0.041666666666666664 0.042483660130718956
0 0.08762254901960784 0.36356209150326796 0.03553921568627451 0.03758169934640523
0 0.1090686274509804 0.37336601307189543 0.0392156862745098 0.04411764705882353
0 0.13112745098039216 0.34558823529411764 0.041666666666666664 0.04084967320261438
0 0.13664215686274508 0.3839869281045752 0.03799019607843137 0.04575163398692811
0 0.16544117647058823 0.3235294117647059 0.031862745098039214 0.026143790849673203
0 0.17034313725490197 0.34477124183006536 0.03676470588235294 0.026143790849673203
0 0.18995098039215685 0.3300653594771242 0.0196078431372549 0.026143790849673203
0 0.20526960784313725 0.3472222222222222 0.03308823529411765 0.03758169934640523
0 0.23651960784313725 0.3504901960784314 0.031862745098039214 0.03431372549019608
0 0.18933823529411764 0.40522875816993464 0.025735294117647058 0.026143790849673203
0 0.21568627450980393 0.41911764705882354 0.029411764705882353 0.03431372549019608
0 0.18504901960784315 0.3741830065359477 0.061274509803921566 0.05228758169934641
0 0.29473039215686275 0.35947712418300654 0.03553921568627451 0.03594771241830066
0 0.3137254901960784 0.37826797385620914 0.03676470588235294 0.03431372549019608
0 0.2824754901960784 0.4019607843137255 0.023284313725490197 0.029411764705882353
0 0.29105392156862747 0.4166666666666667 0.03308823529411765 0.032679738562091505
0 0.26838235294117646 0.3823529411764706 0.03676470588235294 0.049019607843137254
0 0.24080882352941177 0.4011437908496732 0.05024509803921569 0.08006535947712419
0 0.2763480392156863 0.4419934640522876 0.03308823529411765 0.03431372549019608
0 0.5735294117647058 0.4419934640522876 0.044117647058823525 0.06372549019607843
0 0.9270833333333334 0.2769607843137255 0.0428921568627451 0.04411764705882353
