0 0.24019607843137256 0.3474264705882353 0.0392156862745098 0.025735294117647058
0 0.02369281045751634 0.8560049019607843 0.03758169934640523 0.025735294117647058
0 0.04820261437908497 0.8480392156862745 0.03104575163398693 0.024509803921568627
0 0.049019607843137254 0.8694852941176471 0.032679738562091505 0.023284313725490197
0 0.021241830065359478 0.8939950980392156 0.0392156862745098 0.03308823529411765
0 0.0196078431372549 0.9240196078431372 0.03594771241830066 0.02696078431372549
0 0.021241830065359478 0.9466911764705882 0.0392156862745098 0.028186274509803922
0 0.0661764705882353 0.8970588235294118 0.06699346405228758 0.03431372549019608
0 0.06045751633986928 0.9448529411764706 0.029411764705882353 0.022058823529411763
0 0.056372549019607844 0.9313725490196079 0.02777777777777778 0.024509803921568627
0 0.09803921568627451 0.923406862745098 0.06209150326797386 0.030637254901960783
0 0.11111111111111112 0.8952205882352942 0.022875816993464054 0.025735294117647058
0 0.1576797385620915 0.9252450980392156 0.07026143790849673 0.029411764705882353
0 0.1388888888888889 0.8927696078431372 0.032679738562091505 0.023284313725490197
0 0.17892156862745098 0.8988970588235294 0.06699346405228758 0.04044117647058824
0 0.08251633986928104 0.8560049019607843 0.03431372549019608 0.020833333333333332
0 0.11029411764705882 0.8541666666666666 0.03104575163398693 0.022058823529411763
0 0.1315359477124183 0.8492647058823529 0.03431372549019608 0.01715686274509804
0 0.14133986928104575 0.8627450980392157 0.03431372549019608 0.0196078431372549
0 0.16339869281045752 0.8517156862745098 0.029411764705882353 0.01715686274509804
0 0.1650326797385621 0.8321078431372549 0.03594771241830066 0.0196078431372549
0 0.14052287581699346 0.8284313725490196 0.026143790849673203 0.01715686274509804
0 0.11437908496732027 0.8314950980392157 0.03594771241830066 0.025735294117647058
0 0.125 0.8100490196078431 0.03758169934640523 0.022058823529411763
0 0.19362745098039216 0.8180147058823529 0.04411764705882353 0.04044117647058824
0 0.22712418300653595 0.8235294117647058 0.032679738562091505 0.01715686274509804
0 0.1895424836601307 0.8431372549019608 0.032679738562091505 0.014705882352941176
0 0.23284313725490197 0.8480392156862745 0.057189542483660136 0.0392156862745098
0 0.20833333333333334 0.875 0.06699346405228758 0.049019607843137254
0 0.21977124183006536 0.9074754901960784 0.021241830065359478 0.023284313725490197
0 0.2696078431372549 0.8651960784313726 0.032679738562091505 0.014705882352941176
0 0.28022875816993464 0.8964460784313726 0.07679738562091504 0.03553921568627451
0 0.27369281045751637 0.7794117647058824 0.03431372549019608 0.01715686274509804
0 0.2818627450980392 0.7965686274509803 0.04411764705882353 0.024509803921568627
0 0.2630718954248366 0.8131127450980392 0.042483660130718956 0.020833333333333332
0 0.3284313725490196 0.7879901960784313 0.058823529411764705 0.03431372549019608
0 0.3006535947712418 0.8284313725490196 0.029411764705882353 0.014705882352941176
0 0.34477124183006536 0.821078431372549 0.05555555555555556 0.03676470588235294
0 0.3047385620915033 0.84375 0.04084967320261438 0.020833333333333332
0 0.3137254901960784 0.8651960784313726 0.07189542483660132 0.031862745098039214
0 0.33251633986928103 0.8933823529411764 0.03431372549019608 0.01715686274509804
0 0.3562091503267974 0.9007352941176471 0.042483660130718956 0.022058823529411763
0 0.3643790849673203 0.883578431372549 0.04575163398692811 0.029411764705882353
0 0.4019607843137255 0.8878676470588235 0.0392156862745098 0.015931372549019607
0 0.3619281045751634 0.8566176470588235 0.05392156862745098 0.0392156862745098
0 0.39869281045751637 0.8504901960784313 0.026143790849673203 0.014705882352941176
0 0.4027777777777778 0.7824754901960784 0.06045751633986928 0.04044117647058824
0 0.38480392156862747 0.8118872549019608 0.03431372549019608 0.01838235294117647
0 0.3929738562091503 0.8314950980392157 0.04411764705882353 0.028186274509803922
0 0.4387254901960784 0.8161764705882353 0.04411764705882353 0.02696078431372549
0 0.4281045751633987 0.8339460784313726 0.032679738562091505 0.01838235294117647
0 0.45098039215686275 0.8419117647058824 0.029411764705882353 0.01715686274509804
0 0.4763071895424837 0.8284313725490196 0.03758169934640523 0.022058823529411763
0 0.5245098039215687 0.8235294117647058 0.042483660130718956 0.01715686274509804
0 0.5008169934640523 0.8382352941176471 0.04084967320261438 0.0196078431372549
0 0.5040849673202614 0.8553921568627451 0.05065359477124183 0.03431372549019608
0 0.4150326797385621 0.8688725490196079 0.042483660130718956 0.024509803921568627
0 0.4665032679738562 0.8707107843137255 0.03431372549019608 0.020833333333333332
0 0.5302287581699346 0.8388480392156863 0.03104575163398693 0.01838235294117647
0 0.6519607843137255 0.8541666666666666 0.04575163398692811 0.0196078431372549
0 0.6658496732026143 0.8431372549019608 0.04411764705882353 0.022058823529411763
0 0.6952614379084967 0.835171568627451 0.03758169934640523 0.025735294117647058
0 0.732843137254902 0.8388480392156863 0.04411764705882353 0.025735294117647058
0 0.7508169934640523 0.8174019607843137 0.03758169934640523 0.024509803921568627
0 0.8080065359477124 0.7928921568627451 0.04084967320261438 0.02696078431372549
0 0.8537581699346406 0.798406862745098 0.04411764705882353 0.025735294117647058
0 0.8545751633986929 0.8180147058823529 0.042483660130718956 0.01838235294117647
