0 0.004901960784313725 0.9738562091503268 0.007352941176470588 0.016339869281045753
0 0.1997549019607843 0.9624183006535948 0.022058823529411763 0.0196078431372549
0 0.1881127450980392 0.9803921568627452 0.04534313725490196 0.032679738562091505
0 0.2536764705882353 0.9305555555555556 0.02696078431372549 0.02777777777777778
0 0.23590686274509803 0.9591503267973857 0.04779411764705882 0.042483660130718956
0 0.2181372549019608 0.988562091503268 0.01715686274509804 0.022875816993464054
0 0.2310049019607843 0.9844771241830066 0.023284313725490197 0.021241830065359478
0 0.25919117647058826 0.9844771241830066 0.015931372549019607 0.021241830065359478
0 0.27450980392156865 0.9534313725490197 0.0196078431372549 0.024509803921568627
0 0.2818627450980392 0.9877450980392157 0.031862745098039214 0.024509803921568627
0 0.30330882352941174 0.9803921568627452 0.04534313725490196 0.03594771241830066
0 0.3229166666666667 0.9714052287581699 0.023284313725490197 0.01797385620915033
0 0.32536764705882354 0.9558823529411765 0.020833333333333332 0.0196078431372549
0 0.3486519607843137 0.9607843137254902 0.028186274509803922 0.032679738562091505
0 0.34068627450980393 0.9820261437908497 0.022058823529411763 0.022875816993464054
