0 0.016544117647058824 0.7794117647058824 0.030637254901960783 0.05228758169934641
0 0.0704656862745098 0.7532679738562091 0.023284313725490197 0.03594771241830066
0 0.12193627450980392 0.7867647058823529 0.04779411764705882 0.04738562091503268
0 0.06801470588235294 0.7859477124183006 0.028186274509803922 0.029411764705882353
0 0.03308823529411765 0.7941176470588236 0.029411764705882353 0.0196078431372549
0 0.03799019607843137 0.823529411764706 0.03676470588235294 0.029411764705882353
0 0.015931372549019607 0.8700980392156863 0.029411764705882353 0.03431372549019608
0 0.03370098039215686 0.8480392156862745 0.028186274509803922 0.0196078431372549
0 0.08149509803921569 0.8120915032679739 0.03308823529411765 0.022875816993464054
0 0.009191176470588236 0.8954248366013072 0.015931372549019607 0.032679738562091505
0 0.04534313725490196 0.869281045751634 0.03676470588235294 0.022875816993464054
0 0.028799019607843136 0.8839869281045752 0.028186274509803922 0.0196078431372549
0 0.032475490196078434 0.9109477124183006 0.05514705882352941 0.04084967320261438
0 0.15808823529411764 0.809640522875817 0.029411764705882353 0.021241830065359478
0 0.20220588235294118 0.8071895424836601 0.031862745098039214 0.042483660130718956
0 0.16911764705882354 0.8480392156862745 0.0392156862745098 0.058823529411764705
0 0.21017156862745098 0.8447712418300654 0.03308823529411765 0.029411764705882353
0 0.11948529411764705 0.8423202614379085 0.07230392156862744 0.06045751633986928
0 0.07352941176470588 0.8799019607843137 0.03431372549019608 0.03104575163398693
0 0.09681372549019608 0.8970588235294118 0.03431372549019608 0.029411764705882353
0 0.06862745098039216 0.9191176470588236 0.024509803921568627 0.04738562091503268
0 0.0900735294117647 0.9240196078431373 0.023284313725490197 0.03758169934640523
0 0.1292892156862745 0.883169934640523 0.030637254901960783 0.02777777777777778
0 0.1568627450980392 0.8782679738562091 0.02696078431372549 0.02777777777777778
0 0.12745098039215685 0.9150326797385622 0.031862745098039214 0.0392156862745098
0 0.16115196078431374 0.9027777777777778 0.03553921568627451 0.03431372549019608
0 0.1795343137254902 0.8937908496732027 0.028186274509803922 0.022875816993464054
0 0.16115196078431374 0.9313725490196079 0.028186274509803922 0.026143790849673203
0 0.18933823529411764 0.923202614379085 0.028186274509803922 0.026143790849673203
0 0.2230392156862745 0.8684640522875817 0.029411764705882353 0.03104575163398693
0 0.2622549019607843 0.8586601307189543 0.0392156862745098 0.03758169934640523
0 0.26286764705882354 0.8897058823529412 0.04534313725490196 0.024509803921568627
0 0.25245098039215685 0.9133986928104575 0.024509803921568627 0.029411764705882353
0 0.21691176470588236 0.928921568627451 0.03431372549019608 0.03758169934640523
0 0.3161764705882353 0.8643790849673203 0.056372549019607844 0.05228758169934641
0 0.30269607843137253 0.8995098039215687 0.041666666666666664 0.03758169934640523
0 0.2806372549019608 0.917483660130719 0.02696078431372549 0.024509803921568627
0 0.3584558823529412 0.8897058823529412 0.04534313725490196 0.03758169934640523
0 0.35723039215686275 0.8562091503267975 0.028186274509803922 0.029411764705882353
0 0.38786764705882354 0.8586601307189543 0.025735294117647058 0.024509803921568627
0 0.43933823529411764 0.880718954248366 0.04044117647058824 0.029411764705882353
0 0.4497549019607843 0.7205882352941176 0.049019607843137254 0.0784313725490196
