0 0.40625 0.8161764705882353 0.020833333333333332 0.03431372549019608
0 0.40808823529411764 0.8447712418300654 0.022058823529411763 0.026143790849673203
0 0.3952205882352941 0.8823529411764706 0.020833333333333332 0.029411764705882353
0 0.3743872549019608 0.8668300653594772 0.025735294117647058 0.03431372549019608
0 0.3786764705882353 0.8202614379084967 0.022058823529411763 0.029411764705882353
0 0.19669117647058823 0.8799019607843137 0.025735294117647058 0.03431372549019608
0 0.18504901960784315 0.8929738562091504 0.024509803921568627 0.02777777777777778
0 0.16911764705882354 0.8758169934640523 0.031862745098039214 0.03594771241830066
0 0.16482843137254902 0.8553921568627452 0.023284313725490197 0.02777777777777778
0 0.3602941176470588 0.8194444444444444 0.024509803921568627 0.02777777777777778
0 0.3602941176470588 0.8439542483660131 0.02696078431372549 0.024509803921568627
0 0.3829656862745098 0.8447712418300654 0.023284313725490197 0.029411764705882353
