0 0.1017156862745098 0.028594771241830068 0.0392156862745098 0.03431372549019608
0 0.1053921568627451 0.07026143790849673 0.049019607843137254 0.058823529411764705
0 0.14950980392156862 0.058823529411764705 0.03431372549019608 0.0392156862745098
0 0.18872549019607843 0.07107843137254902 0.031862745098039214 0.03431372549019608
0 0.2506127450980392 0.022875816993464054 0.04044117647058824 0.0392156862745098
0 0.14276960784313725 0.02042483660130719 0.04779411764705882 0.03758169934640523
0 0.17708333333333334 0.016339869281045753 0.03308823529411765 0.029411764705882353
0 0.2696078431372549 0.012254901960784314 0.024509803921568627 0.021241830065359478
0 0.1685049019607843 0.040032679738562095 0.04779411764705882 0.03758169934640523
0 0.1954656862745098 0.022875816993464054 0.023284313725490197 0.0196078431372549
0 0.20036764705882354 0.008986928104575164 0.020833333333333332 0.014705882352941176
0 0.22120098039215685 0.008169934640522876 0.028186274509803922 0.013071895424836602
0 0.21875 0.025326797385620915 0.03308823529411765 0.024509803921568627
0 0.21323529411764705 0.05392156862745098 0.04656862745098039 0.03594771241830066
