0 0.8357843137254902 0.26715686274509803 0.031862745098039214 0.05065359477124183
0 0.8596813725490196 0.3104575163398693 0.028186274509803922 0.05228758169934641
0 0.8425245098039216 0.3284313725490196 0.028186274509803922 0.049019607843137254
0 0.8137254901960784 0.32679738562091504 0.03431372549019608 0.03594771241830066
0 0.8247549019607843 0.3562091503267974 0.029411764705882353 0.04575163398692811
0 0.8014705882352942 0.35866013071895425 0.02696078431372549 0.04084967320261438
0 0.8651960784313726 0.3431372549019608 0.029411764705882353 0.03594771241830066
0 0.8713235294117647 0.37826797385620914 0.031862745098039214 0.03431372549019608
0 0.8186274509803921 0.4019607843137255 0.07107843137254902 0.058823529411764705
0 0.7506127450980392 0.4084967320261438 0.03553921568627451 0.04575163398692811
0 0.7745098039215687 0.4150326797385621 0.024509803921568627 0.04575163398692811
0 0.7512254901960784 0.4477124183006536 0.024509803921568627 0.042483660130718956
0 0.7506127450980392 0.48284313725490197 0.03308823529411765 0.04738562091503268
0 0.7781862745098039 0.4542483660130719 0.024509803921568627 0.05555555555555556
0 0.798406862745098 0.488562091503268 0.04534313725490196 0.08496732026143791
0 0.8388480392156863 0.49673202614379086 0.0428921568627451 0.08823529411764706
0 0.8406862745098039 0.43790849673202614 0.02696078431372549 0.032679738562091505
0 0.8817401960784313 0.41830065359477125 0.04044117647058824 0.032679738562091505
0 0.8517156862745098 0.4150326797385621 0.031862745098039214 0.042483660130718956
0 0.8627450980392157 0.45588235294117646 0.024509803921568627 0.042483660130718956
0 0.8792892156862745 0.47875816993464054 0.03553921568627451 0.05555555555555556
0 0.8682598039215687 0.5171568627450981 0.03553921568627451 0.06699346405228758
0 0.8504901960784313 0.5522875816993464 0.029411764705882353 0.05228758169934641
0 0.8204656862745098 0.5449346405228759 0.028186274509803922 0.03104575163398693
0 0.7879901960784313 0.5702614379084967 0.031862745098039214 0.05555555555555556
0 0.8002450980392157 0.5383986928104575 0.02696078431372549 0.04084967320261438
0 0.8198529411764706 0.5825163398692811 0.031862745098039214 0.03758169934640523
0 0.8204656862745098 0.2973856209150327 0.030637254901960783 0.029411764705882353
