0 0.2193627450980392 0.375 0.031862745098039214 0.02777777777777778
0 0.5790441176470588 0.4199346405228758 0.03799019607843137 0.03594771241830066
0 0.7432598039215687 0.4624183006535948 0.04534313725490196 0.058823529411764705
0 0.2542892156862745 0.5383986928104575 0.04534313725490196 0.04411764705882353
0 0.1525735294117647 0.5686274509803921 0.030637254901960783 0.032679738562091505
0 0.08884803921568628 0.5964052287581699 0.030637254901960783 0.032679738562091505
0 0.049019607843137254 0.6339869281045751 0.03431372549019608 0.029411764705882353
0 0.13848039215686275 0.6266339869281046 0.041666666666666664 0.03104575163398693
0 0.08088235294117647 0.6429738562091504 0.029411764705882353 0.03431372549019608
0 0.022058823529411763 0.6560457516339869 0.02696078431372549 0.03104575163398693
0 0.04656862745098039 0.6715686274509804 0.024509803921568627 0.032679738562091505
0 0.0778186274509804 0.678921568627451 0.04534313725490196 0.04738562091503268
0 0.02267156862745098 0.6887254901960784 0.03799019607843137 0.03758169934640523
0 0.011029411764705881 0.7066993464052288 0.0196078431372549 0.024509803921568627
0 0.02389705882352941 0.7401960784313726 0.025735294117647058 0.022875816993464054
0 0.02022058823529412 0.7671568627450981 0.03799019607843137 0.05392156862745098
0 0.1948529411764706 0.6699346405228759 0.056372549019607844 0.058823529411764705
0 0.22365196078431374 0.6805555555555556 0.03553921568627451 0.03758169934640523
0 0.23774509803921567 0.6993464052287582 0.03676470588235294 0.032679738562091505
0 0.3229166666666667 0.7630718954248367 0.05269607843137255 0.07189542483660132
0 0.3792892156862745 0.8022875816993464 0.0428921568627451 0.032679738562091505
0 0.14215686274509803 0.6772875816993464 0.031862745098039214 0.03431372549019608
0 0.19424019607843138 0.7205882352941176 0.03553921568627451 0.029411764705882353
0 0.23223039215686275 0.7361111111111112 0.03308823529411765 0.024509803921568627
0 0.09926470588235294 0.7205882352941176 0.061274509803921566 0.049019607843137254
0 0.14705882352941177 0.7246732026143791 0.051470588235294115 0.06045751633986928
0 0.12254901960784313 0.7524509803921569 0.029411764705882353 0.024509803921568627
0 0.010416666666666666 0.8758169934640523 0.01838235294117647 0.029411764705882353
0 0.05759803921568627 0.8276143790849674 0.022058823529411763 0.03431372549019608
0 0.11029411764705882 0.8276143790849674 0.051470588235294115 0.04084967320261438
0 0.09620098039215687 0.7516339869281046 0.025735294117647058 0.026143790849673203
0 0.1605392156862745 0.8357843137254902 0.03676470588235294 0.05065359477124183
0 0.12622549019607843 0.8545751633986929 0.041666666666666664 0.029411764705882353
0 0.1488970588235294 0.875 0.0428921568627451 0.03431372549019608
0 0.19914215686274508 0.8684640522875817 0.030637254901960783 0.04411764705882353
0 0.19669117647058823 0.8129084967320261 0.03799019607843137 0.06372549019607843
0 0.20955882352941177 0.7712418300653595 0.03431372549019608 0.03594771241830066
0 0.2346813725490196 0.7769607843137255 0.030637254901960783 0.02777777777777778
0 0.2622549019607843 0.7753267973856209 0.03431372549019608 0.02777777777777778
0 0.2579656862745098 0.857843137254902 0.05024509803921569 0.042483660130718956
0 0.45036764705882354 0.7099673202614379 0.03553921568627451 0.03431372549019608
0 0.5287990196078431 0.690359477124183 0.04534313725490196 0.04084967320261438
0 0.4522058823529412 0.8464052287581699 0.03676470588235294 0.032679738562091505
0 0.4840686274509804 0.8660130718954249 0.044117647058823525 0.029411764705882353
0 0.43933823529411764 0.8799019607843137 0.028186274509803922 0.03758169934640523
0 0.5435049019607843 0.823529411764706 0.03308823529411765 0.03594771241830066
0 0.5772058823529411 0.7753267973856209 0.056372549019607844 0.04738562091503268
0 0.6200980392156863 0.7720588235294118 0.049019607843137254 0.04738562091503268
0 0.6366421568627451 0.8316993464052288 0.04779411764705882 0.042483660130718956
0 0.6507352941176471 0.8676470588235294 0.049019607843137254 0.03594771241830066
0 0.6832107843137255 0.8782679738562091 0.03308823529411765 0.02777777777777778
0 0.7469362745098039 0.7214052287581699 0.03308823529411765 0.024509803921568627
0 0.7303921568627451 0.7540849673202614 0.044117647058823525 0.03758169934640523
0 0.7610294117647058 0.763888888888889 0.031862745098039214 0.03104575163398693
0 0.7751225490196079 0.8823529411764706 0.05269607843137255 0.0392156862745098
0 0.8406862745098039 0.8946078431372549 0.051470588235294115 0.04084967320261438
0 0.9803921568627451 0.9027777777777778 0.0392156862745098 0.04738562091503268
0 0.9301470588235294 0.9517973856209151 0.041666666666666664 0.024509803921568627
0 0.9313725490196079 0.9705882352941176 0.04656862745098039 0.032679738562091505
0 0.8069852941176471 0.9272875816993464 0.06985294117647059 0.06045751633986928
0 0.8388480392156863 0.9689542483660131 0.03553921568627451 0.026143790849673203
0 0.7193627450980392 0.923202614379085 0.0392156862745098 0.032679738562091505
0 0.6053921568627451 0.888888888888889 0.031862745098039214 0.029411764705882353
0 0.6305147058823529 0.9117647058823529 0.03308823529411765 0.026143790849673203
0 0.6415441176470588 0.9746732026143791 0.03553921568627451 0.04411764705882353
0 0.6611519607843137 0.988562091503268 0.03308823529411765 0.022875816993464054
0 0.7549019607843137 0.9877450980392157 0.044117647058823525 0.024509803921568627
0 0.4742647058823529 0.9027777777777778 0.05392156862745098 0.05392156862745098
0 0.5159313725490196 0.9068627450980392 0.041666666666666664 0.03594771241830066
0 0.5386029411764706 0.9354575163398693 0.05269607843137255 0.05392156862745098
0 0.4724264705882353 0.9501633986928105 0.03553921568627451 0.02777777777777778
0 0.3333333333333333 0.8856209150326798 0.031862745098039214 0.026143790849673203
0 0.26286764705882354 0.8937908496732027 0.04534313725490196 0.042483660130718956
0 0.2861519607843137 0.9281045751633987 0.025735294117647058 0.032679738562091505
0 0.27941176470588236 0.9517973856209151 0.02696078431372549 0.024509803921568627
0 0.19669117647058823 0.9158496732026145 0.03308823529411765 0.02777777777777778
0 0.03308823529411765 0.8913398692810458 0.0392156862745098 0.04084967320261438
0 0.08946078431372549 0.9738562091503268 0.029411764705882353 0.032679738562091505
0 0.15379901960784315 0.9452614379084968 0.025735294117647058 0.03104575163398693
0 0.1758578431372549 0.9730392156862745 0.023284313725490197 0.04411764705882353
0 0.03308823529411765 0.9893790849673203 0.03431372549019608 0.021241830065359478
0 0.16237745098039216 0.9869281045751634 0.028186274509803922 0.026143790849673203
