0 0.9718137254901961 0.018790849673202614 0.03676470588235294 0.03431372549019608
0 0.9479166666666666 0.02369281045751634 0.015931372549019607 0.03104575163398693
0 0.9313725490196079 0.025326797385620915 0.022058823529411763 0.03104575163398693
0 0.9123774509803921 0.04493464052287582 0.025735294117647058 0.01797385620915033
0 0.96875 0.04575163398692811 0.015931372549019607 0.026143790849673203
0 0.9883578431372549 0.035130718954248366 0.023284313725490197 0.03758169934640523
0 0.9436274509803921 0.05065359477124183 0.012254901960784314 0.0196078431372549
0 0.9301470588235294 0.057189542483660136 0.014705882352941176 0.029411764705882353
0 0.9583333333333334 0.06454248366013073 0.014705882352941176 0.024509803921568627
0 0.9742647058823529 0.07026143790849673 0.01715686274509804 0.029411764705882353
0 0.9889705882352942 0.07924836601307189 0.01715686274509804 0.03104575163398693
0 0.9712009803921569 0.09967320261437909 0.020833333333333332 0.0392156862745098
0 0.977328431372549 0.11846405228758171 0.01838235294117647 0.02777777777777778
0 0.9920343137254902 0.12581699346405228 0.015931372549019607 0.0392156862745098
0 0.9473039215686274 0.06944444444444445 0.014705882352941176 0.03104575163398693
0 0.9564950980392156 0.08660130718954248 0.023284313725490197 0.022875816993464054
0 0.9552696078431372 0.11111111111111112 0.015931372549019607 0.032679738562091505
0 0.96875 0.14133986928104575 0.015931372549019607 0.024509803921568627
0 0.9368872549019608 0.0923202614379085 0.015931372549019607 0.03104575163398693
0 0.9393382352941176 0.12254901960784315 0.01838235294117647 0.0392156862745098
0 0.946078431372549 0.15849673202614378 0.0196078431372549 0.032679738562091505
0 0.20220588235294118 0.7369281045751634 0.014705882352941176 0.029411764705882353
0 0.21323529411764705 0.7589869281045751 0.0196078431372549 0.03758169934640523
0 0.23161764705882354 0.7687908496732027 0.024509803921568627 0.04411764705882353
0 0.23651960784313725 0.8080065359477124 0.0196078431372549 0.03758169934640523
0 0.18627450980392157 0.7696078431372549 0.014705882352941176 0.026143790849673203
0 0.1954656862745098 0.7769607843137255 0.013480392156862746 0.014705882352941176
0 0.19301470588235295 0.7973856209150327 0.020833333333333332 0.032679738562091505
0 0.21200980392156862 0.8112745098039216 0.014705882352941176 0.03104575163398693
0 0.2230392156862745 0.8284313725490197 0.01715686274509804 0.03594771241830066
0 0.23529411764705882 0.8553921568627452 0.0196078431372549 0.03758169934640523
0 0.16973039215686275 0.803921568627451 0.011029411764705881 0.026143790849673203
0 0.1875 0.8349673202614379 0.02696078431372549 0.05555555555555556
0 0.2077205882352941 0.8586601307189543 0.023284313725490197 0.05065359477124183
0 0.22426470588235295 0.8897058823529412 0.02696078431372549 0.05065359477124183
0 0.20833333333333334 0.8921568627450981 0.014705882352941176 0.026143790849673203
0 0.1636029411764706 0.8251633986928105 0.023284313725490197 0.022875816993464054
0 0.1721813725490196 0.8496732026143791 0.011029411764705881 0.022875816993464054
0 0.14705882352941177 0.8594771241830066 0.0392156862745098 0.04575163398692811
0 0.14522058823529413 0.8921568627450981 0.020833333333333332 0.03594771241830066
0 0.18627450980392157 0.8799019607843137 0.022058823529411763 0.04084967320261438
0 0.1721813725490196 0.883169934640523 0.011029411764705881 0.02777777777777778
0 0.16789215686274508 0.9183006535947713 0.031862745098039214 0.05555555555555556
0 0.1948529411764706 0.9084967320261438 0.02696078431372549 0.0392156862745098
0 0.2193627450980392 0.9207516339869282 0.022058823529411763 0.03104575163398693
0 0.20588235294117646 0.9321895424836601 0.01715686274509804 0.03431372549019608
0 0.19056372549019607 0.9428104575163399 0.023284313725490197 0.03594771241830066
0 0.15318627450980393 0.9297385620915033 0.0196078431372549 0.029411764705882353
0 0.1556372549019608 0.9534313725490197 0.014705882352941176 0.024509803921568627
0 0.1685049019607843 0.9517973856209151 0.013480392156862746 0.024509803921568627
0 0.2150735294117647 0.9501633986928105 0.015931372549019607 0.02777777777777778
0 0.17892156862745098 0.9681372549019608 0.03431372549019608 0.02777777777777778
0 0.20526960784313725 0.9795751633986929 0.023284313725490197 0.04084967320261438
0 0.1605392156862745 0.9787581699346406 0.024509803921568627 0.026143790849673203
0 0.18259803921568626 0.9910130718954249 0.01715686274509804 0.01797385620915033
0 0.22058823529411764 0.7883986928104575 0.00980392156862745 0.021241830065359478
0 0.16176470588235295 0.8480392156862745 0.00980392156862745 0.016339869281045753
0 0.18075980392156862 0.8047385620915033 0.011029411764705881 0.021241830065359478
0 0.15931372549019607 0.9959150326797386 0.02696078431372549 0.008169934640522876
