0 0.0778186274509804 0.1707516339869281 0.06495098039215687 0.04411764705882353
0 0.029411764705882353 0.16339869281045752 0.056372549019607844 0.04575163398692811
0 0.014705882352941176 0.2034313725490196 0.02696078431372549 0.05065359477124183
0 0.04595588235294117 0.20915032679738563 0.05024509803921569 0.0392156862745098
0 0.037377450980392156 0.2377450980392157 0.030637254901960783 0.02777777777777778
0 0.11887254901960784 0.16339869281045752 0.051470588235294115 0.0392156862745098
0 0.12009803921568628 0.20179738562091504 0.041666666666666664 0.03431372549019608
0 0.17892156862745098 0.1650326797385621 0.044117647058823525 0.03594771241830066
0 0.22058823529411764 0.16993464052287582 0.04656862745098039 0.032679738562091505
0 0.16482843137254902 0.20098039215686275 0.05514705882352941 0.03594771241830066
0 0.21568627450980393 0.21650326797385622 0.044117647058823525 0.03431372549019608
0 0.2389705882352941 0.1911764705882353 0.044117647058823525 0.032679738562091505
0 0.1881127450980392 0.23692810457516342 0.04779411764705882 0.049019607843137254
0 0.1053921568627451 0.22222222222222224 0.029411764705882353 0.026143790849673203
0 0.03125 0.30637254901960786 0.06004901960784314 0.05065359477124183
0 0.05330882352941176 0.38071895424836605 0.08455882352941177 0.06209150326797386
0 0.010416666666666666 0.3423202614379085 0.01838235294117647 0.02777777777777778
0 0.25612745098039214 0.2377450980392157 0.041666666666666664 0.03104575163398693
0 0.29105392156862747 0.18055555555555555 0.04534313725490196 0.03431372549019608
0 0.33394607843137253 0.17565359477124184 0.04534313725490196 0.03758169934640523
0 0.3443627450980392 0.20016339869281047 0.02696078431372549 0.03104575163398693
0 0.2861519607843137 0.20751633986928106 0.05514705882352941 0.03594771241830066
0 0.3854166666666667 0.19281045751633988 0.06495098039215687 0.049019607843137254
0 0.33394607843137253 0.2181372549019608 0.0428921568627451 0.03758169934640523
0 0.37316176470588236 0.21977124183006536 0.04534313725490196 0.024509803921568627
0 0.29901960784313725 0.2312091503267974 0.03676470588235294 0.03104575163398693
0 0.3235294117647059 0.25653594771241833 0.05392156862745098 0.0392156862745098
0 0.30269607843137253 0.28839869281045755 0.029411764705882353 0.04411764705882353
0 0.3284313725490196 0.29330065359477125 0.031862745098039214 0.02777777777777778
0 0.3480392156862745 0.2761437908496732 0.029411764705882353 0.026143790849673203
0 0.3633578431372549 0.2540849673202614 0.030637254901960783 0.03104575163398693
0 0.4142156862745098 0.2303921568627451 0.049019607843137254 0.03594771241830066
0 0.45159313725490197 0.17565359477124184 0.05024509803921569 0.03104575163398693
0 0.43137254901960786 0.2777777777777778 0.06862745098039216 0.06209150326797386
0 0.5257352941176471 0.19035947712418302 0.031862745098039214 0.03431372549019608
0 0.5582107843137255 0.20833333333333334 0.04534313725490196 0.03758169934640523
0 0.5839460784313726 0.1895424836601307 0.05024509803921569 0.032679738562091505
0 0.5073529411764706 0.21650326797385622 0.06862745098039216 0.04738562091503268
0 0.5238970588235294 0.2573529411764706 0.07475490196078431 0.057189542483660136
0 0.4883578431372549 0.28839869281045755 0.05269607843137255 0.04738562091503268
0 0.38480392156862747 0.2777777777777778 0.03431372549019608 0.029411764705882353
0 0.36090686274509803 0.3178104575163399 0.04534313725490196 0.04738562091503268
0 0.3897058823529412 0.33251633986928103 0.0392156862745098 0.02777777777777778
0 0.3872549019607843 0.3047385620915033 0.0392156862745098 0.03104575163398693
0 0.4846813725490196 0.3145424836601307 0.04044117647058824 0.03104575163398693
0 0.6366421568627451 0.19444444444444445 0.04534313725490196 0.03594771241830066
0 0.6629901960784313 0.21486928104575165 0.03676470588235294 0.05065359477124183
0 0.585171568627451 0.24101307189542484 0.04534313725490196 0.04084967320261438
0 0.616421568627451 0.23692810457516342 0.031862745098039214 0.032679738562091505
0 0.6415441176470588 0.2589869281045752 0.03308823529411765 0.03431372549019608
0 0.5943627450980392 0.2687908496732026 0.041666666666666664 0.03104575163398693
0 0.6219362745098039 0.28758169934640526 0.03799019607843137 0.03594771241830066
0 0.5306372549019608 0.29330065359477125 0.031862745098039214 0.03104575163398693
0 0.5704656862745098 0.30637254901960786 0.0428921568627451 0.057189542483660136
0 0.6568627450980392 0.2949346405228758 0.044117647058823525 0.04411764705882353
0 0.6783088235294118 0.2720588235294118 0.04779411764705882 0.03758169934640523
0 0.7242647058823529 0.2058823529411765 0.06372549019607843 0.042483660130718956
0 0.8063725490196079 0.20669934640522877 0.0392156862745098 0.05065359477124183
0 0.7463235294117647 0.22794117647058823 0.041666666666666664 0.03758169934640523
0 0.7800245098039216 0.2361111111111111 0.03553921568627451 0.05065359477124183
0 0.7604166666666666 0.28594771241830064 0.03308823529411765 0.042483660130718956
0 0.7236519607843137 0.2704248366013072 0.04534313725490196 0.04411764705882353
0 0.7028186274509803 0.30637254901960786 0.04534313725490196 0.04411764705882353
0 0.852328431372549 0.20016339869281047 0.05269607843137255 0.03104575163398693
0 0.8725490196078431 0.22794117647058823 0.044117647058823525 0.04411764705882353
0 0.9154411764705882 0.21895424836601307 0.06372549019607843 0.04575163398692811
0 0.946078431372549 0.2107843137254902 0.0392156862745098 0.042483660130718956
0 0.9828431372549019 0.22058823529411764 0.03431372549019608 0.04575163398692811
0 0.9528186274509803 0.2573529411764706 0.020833333333333332 0.04411764705882353
0 0.9613970588235294 0.2834967320261438 0.030637254901960783 0.03758169934640523
0 0.9712009803921569 0.3104575163398693 0.0428921568627451 0.0392156862745098
0 0.9895833333333334 0.33088235294117646 0.020833333333333332 0.03758169934640523
0 0.8223039215686274 0.24754901960784315 0.0392156862745098 0.03104575163398693
0 0.9123774509803921 0.28594771241830064 0.06740196078431372 0.05555555555555556
0 0.8694852941176471 0.2826797385620915 0.03308823529411765 0.03594771241830066
0 0.8504901960784313 0.30718954248366015 0.0392156862745098 0.0392156862745098
0 0.829656862745098 0.3292483660130719 0.051470588235294115 0.04411764705882353
0 0.7818627450980392 0.33905228758169936 0.044117647058823525 0.03758169934640523
0 0.883578431372549 0.3357843137254902 0.0392156862745098 0.057189542483660136
0 0.9325980392156863 0.33088235294117646 0.041666666666666664 0.03758169934640523
0 0.9111519607843137 0.3602941176470588 0.04779411764705882 0.03758169934640523
0 0.9638480392156863 0.369281045751634 0.025735294117647058 0.042483660130718956
0 0.9803921568627451 0.38562091503267976 0.03431372549019608 0.029411764705882353
0 0.9405637254901961 0.3946078431372549 0.028186274509803922 0.04738562091503268
0 0.8719362745098039 0.37990196078431376 0.03308823529411765 0.03104575163398693
0 0.9056372549019608 0.4019607843137255 0.044117647058823525 0.0392156862745098
0 0.6317401960784313 0.37336601307189543 0.03308823529411765 0.04084967320261438
0 0.9767156862745098 0.41421568627450983 0.041666666666666664 0.03431372549019608
0 0.9877450980392156 0.440359477124183 0.024509803921568627 0.04084967320261438
0 0.9338235294117647 0.4395424836601307 0.058823529411764705 0.04575163398692811
0 0.9503676470588235 0.47303921568627455 0.04779411764705882 0.05065359477124183
0 0.8909313725490196 0.4297385620915033 0.029411764705882353 0.03594771241830066
0 0.8688725490196079 0.44526143790849676 0.02696078431372549 0.03758169934640523
0 0.9007352941176471 0.45915032679738566 0.022058823529411763 0.03594771241830066
0 0.9074754901960784 0.49183006535947715 0.04779411764705882 0.042483660130718956
0 0.8253676470588235 0.45996732026143794 0.07475490196078431 0.06045751633986928
0 0.8075980392156863 0.4893790849673203 0.041666666666666664 0.04411764705882353
0 0.8615196078431372 0.5 0.06372549019607843 0.06209150326797386
0 0.7616421568627451 0.44607843137254904 0.04534313725490196 0.042483660130718956
0 0.7291666666666666 0.47303921568627455 0.044117647058823525 0.04738562091503268
0 0.7647058823529411 0.48447712418300654 0.049019607843137254 0.04084967320261438
0 0.7806372549019608 0.5114379084967321 0.041666666666666664 0.042483660130718956
0 0.6537990196078431 0.4428104575163399 0.0428921568627451 0.03594771241830066
0 0.7334558823529411 0.5089869281045751 0.03308823529411765 0.03104575163398693
0 0.7009803921568627 0.5049019607843137 0.0392156862745098 0.04575163398692811
0 0.664828431372549 0.513888888888889 0.030637254901960783 0.06045751633986928
0 0.6121323529411765 0.5245098039215687 0.06495098039215687 0.07516339869281045
0 0.8033088235294118 0.5408496732026143 0.06740196078431372 0.058823529411764705
0 0.8082107843137255 0.488562091503268 0.03799019607843137 0.042483660130718956
0 0.7450980392156863 0.5367647058823529 0.031862745098039214 0.03104575163398693
0 0.6887254901960784 0.5253267973856209 0.024509803921568627 0.03431372549019608
0 0.6997549019607843 0.548202614379085 0.03676470588235294 0.03431372549019608
0 0.7469362745098039 0.5669934640522876 0.03553921568627451 0.029411764705882353
0 0.7077205882352942 0.5751633986928105 0.0428921568627451 0.0392156862745098
0 0.821078431372549 0.5898692810457516 0.041666666666666664 0.05228758169934641
0 0.7616421568627451 0.6045751633986929 0.07230392156862744 0.058823529411764705
0 0.803921568627451 0.6299019607843137 0.031862745098039214 0.03758169934640523
0 0.897671568627451 0.6936274509803921 0.07475490196078431 0.09640522875816994
0 0.7126225490196079 0.638888888888889 0.06985294117647059 0.06209150326797386
0 0.7622549019607843 0.6478758169934641 0.049019607843137254 0.03758169934640523
0 0.7843137254901961 0.6715686274509804 0.044117647058823525 0.03594771241830066
0 0.7389705882352942 0.667483660130719 0.051470588235294115 0.03104575163398693
0 0.7794117647058824 0.7058823529411765 0.0392156862745098 0.042483660130718956
0 0.6237745098039216 0.6617647058823529 0.06862745098039216 0.058823529411764705
0 0.6746323529411765 0.6764705882352942 0.04044117647058824 0.03594771241830066
0 0.7120098039215687 0.6830065359477124 0.041666666666666664 0.0392156862745098
0 0.8327205882352942 0.7140522875816994 0.05024509803921569 0.058823529411764705
0 0.7794117647058824 0.7565359477124183 0.05392156862745098 0.042483660130718956
0 0.7310049019607843 0.7050653594771242 0.04044117647058824 0.03431372549019608
0 0.7481617647058824 0.732843137254902 0.03799019607843137 0.04411764705882353
0 0.6299019607843137 0.6968954248366013 0.04656862745098039 0.03104575163398693
0 0.6813725490196079 0.7026143790849674 0.03431372549019608 0.029411764705882353
0 0.7107843137254902 0.7287581699346406 0.03676470588235294 0.04575163398692811
0 0.6470588235294118 0.7140522875816994 0.0392156862745098 0.032679738562091505
0 0.6727941176470588 0.7352941176470589 0.051470588235294115 0.0392156862745098
0 0.7267156862745098 0.7671568627450981 0.04656862745098039 0.04084967320261438
0 0.6825980392156863 0.7696078431372549 0.044117647058823525 0.0392156862745098
0 0.4797794117647059 0.6715686274509804 0.04779411764705882 0.042483660130718956
0 0.5196078431372549 0.7026143790849674 0.044117647058823525 0.04575163398692811
0 0.5582107843137255 0.6919934640522876 0.05024509803921569 0.04084967320261438
0 0.5931372549019608 0.6887254901960784 0.03431372549019608 0.04411764705882353
0 0.5931372549019608 0.7263071895424836 0.0392156862745098 0.04738562091503268
0 0.5557598039215687 0.7263071895424836 0.03799019607843137 0.04738562091503268
0 0.5563725490196079 0.7598039215686275 0.04656862745098039 0.042483660130718956
0 0.6231617647058824 0.7475490196078431 0.05514705882352941 0.04738562091503268
0 0.6458333333333334 0.7655228758169935 0.0392156862745098 0.03431372549019608
0 0.6832107843137255 0.7679738562091504 0.04534313725490196 0.03594771241830066
0 0.5189950980392157 0.732843137254902 0.03799019607843137 0.03431372549019608
0 0.4252450980392157 0.698529411764706 0.0392156862745098 0.05065359477124183
0 0.4644607843137255 0.7336601307189543 0.049019607843137254 0.0392156862745098
0 0.5110294117647058 0.7549019607843137 0.024509803921568627 0.042483660130718956
0 0.4387254901960784 0.7508169934640523 0.049019607843137254 0.04084967320261438
0 0.3897058823529412 0.7156862745098039 0.0392156862745098 0.04575163398692811
0 0.3382352941176471 0.7140522875816994 0.051470588235294115 0.049019607843137254
0 0.3762254901960784 0.732843137254902 0.031862745098039214 0.03758169934640523
0 0.3596813725490196 0.7687908496732027 0.06740196078431372 0.05065359477124183
0 0.4025735294117647 0.7647058823529412 0.03308823529411765 0.04575163398692811
0 0.014705882352941176 0.6748366013071896 0.02696078431372549 0.049019607843137254
0 0.20036764705882354 0.3423202614379085 0.030637254901960783 0.03104575163398693
0 0.2855392156862745 0.32679738562091504 0.03676470588235294 0.029411764705882353
0 0.3069852941176471 0.33905228758169936 0.03799019607843137 0.024509803921568627
0 0.5386029411764706 0.38643790849673204 0.0821078431372549 0.08660130718954248
0 0.5251225490196079 0.43300653594771243 0.05269607843137255 0.042483660130718956
0 0.758578431372549 0.7810457516339869 0.02696078431372549 0.026143790849673203
0 0.7555147058823529 0.8080065359477124 0.03553921568627451 0.03431372549019608
0 0.7248774509803921 0.7990196078431373 0.03553921568627451 0.029411764705882353
0 0.6911764705882353 0.7949346405228759 0.03676470588235294 0.02777777777777778
0 0.7334558823529411 0.8366013071895425 0.04534313725490196 0.05555555555555556
0 0.7003676470588235 0.8284313725490197 0.025735294117647058 0.05228758169934641
0 0.6685049019607843 0.8447712418300654 0.04534313725490196 0.0392156862745098
0 0.6513480392156863 0.7900326797385621 0.0428921568627451 0.03431372549019608
0 0.6488970588235294 0.8186274509803921 0.03553921568627451 0.03594771241830066
0 0.625 0.8406862745098039 0.041666666666666664 0.03758169934640523
0 0.6017156862745098 0.7973856209150327 0.0661764705882353 0.058823529411764705
0 0.5551470588235294 0.8357843137254902 0.05392156862745098 0.07679738562091504
0 0.59375 0.8300653594771242 0.03308823529411765 0.026143790849673203
0 0.5196078431372549 0.7826797385620915 0.0196078431372549 0.03594771241830066
0 0.508578431372549 0.8129084967320261 0.0392156862745098 0.03431372549019608
0 0.5049019607843137 0.8455882352941176 0.03676470588235294 0.03104575163398693
0 0.47058823529411764 0.792483660130719 0.058823529411764705 0.06209150326797386
0 0.45526960784313725 0.8178104575163399 0.04044117647058824 0.03758169934640523
0 0.4154411764705882 0.8145424836601307 0.06862745098039216 0.06045751633986928
0 0.3854166666666667 0.8423202614379085 0.04044117647058824 0.03758169934640523
0 0.45159313725490197 0.8423202614379085 0.0428921568627451 0.03104575163398693
0 0.47058823529411764 0.8676470588235294 0.051470588235294115 0.03594771241830066
0 0.48590686274509803 0.8921568627450981 0.03553921568627451 0.04575163398692811
0 0.40870098039215685 0.8643790849673203 0.04779411764705882 0.0392156862745098
0 0.43995098039215685 0.8782679738562091 0.029411764705882353 0.03104575163398693
0 0.4368872549019608 0.9093137254901961 0.030637254901960783 0.03104575163398693
0 0.41299019607843135 0.940359477124183 0.0784313725490196 0.07026143790849673
0 0.3645833333333333 0.8006535947712419 0.05024509803921569 0.0392156862745098
0 0.32598039215686275 0.7818627450980392 0.03431372549019608 0.04411764705882353
0 0.3529411764705882 0.8259803921568628 0.031862745098039214 0.024509803921568627
0 0.32536764705882354 0.829248366013072 0.028186274509803922 0.06045751633986928
0 0.36213235294117646 0.8709150326797386 0.0625 0.06209150326797386
0 0.8805147058823529 0.7973856209150327 0.05269607843137255 0.05555555555555556
0 0.8125 0.7900326797385621 0.08088235294117647 0.06045751633986928
0 0.7910539215686274 0.8218954248366014 0.03553921568627451 0.026143790849673203
0 0.8400735294117647 0.8374183006535948 0.07720588235294118 0.06372549019607843
0 0.7787990196078431 0.8529411764705883 0.06495098039215687 0.05228758169934641
0 0.8946078431372549 0.8545751633986929 0.05392156862745098 0.049019607843137254
0 0.8651960784313726 0.8709150326797386 0.031862745098039214 0.05555555555555556
0 0.8216911764705882 0.8823529411764706 0.0428921568627451 0.042483660130718956
0 0.5729166666666666 0.022058823529411766 0.04044117647058824 0.04084967320261438
0 0.7524509803921569 0.01797385620915033 0.056372549019607844 0.032679738562091505
0 0.7947303921568627 0.01388888888888889 0.04044117647058824 0.024509803921568627
0 0.8265931372549019 0.014705882352941176 0.03799019607843137 0.026143790849673203
