0 0.022058823529411766 0.9037990196078431 0.03758169934640523 0.01838235294117647
0 0.07352941176470588 0.9013480392156863 0.05228758169934641 0.030637254901960783
0 0.014705882352941176 0.9221813725490196 0.026143790849673203 0.023284313725490197
0 0.049836601307189546 0.9215686274509803 0.03758169934640523 0.0196078431372549
0 0.10049019607843138 0.9117647058823529 0.04084967320261438 0.024509803921568627
0 0.026143790849673203 0.9405637254901961 0.04575163398692811 0.020833333333333332
0 0.09640522875816994 0.9405637254901961 0.07516339869281045 0.03553921568627451
0 0.05392156862745098 0.9454656862745098 0.032679738562091505 0.025735294117647058
0 0.05555555555555556 0.9736519607843137 0.08823529411764706 0.03799019607843137
0 0.10702614379084968 0.9681372549019608 0.05065359477124183 0.031862745098039214
0 0.14950980392156862 0.9791666666666666 0.04084967320261438 0.02696078431372549
0 0.15114379084967322 0.9558823529411764 0.04084967320261438 0.02696078431372549
0 0.14215686274509803 0.9283088235294118 0.0392156862745098 0.028186274509803922
0 0.19035947712418302 0.9387254901960784 0.04084967320261438 0.024509803921568627
0 0.22549019607843138 0.9301470588235294 0.0392156862745098 0.029411764705882353
0 0.2581699346405229 0.9356617647058824 0.049019607843137254 0.028186274509803922
0 0.2303921568627451 0.9626225490196079 0.05555555555555556 0.03308823529411765
0 0.18709150326797386 0.9650735294117647 0.04411764705882353 0.028186274509803922
0 0.23937908496732027 0.9871323529411764 0.05065359477124183 0.020833333333333332
0 0.3145424836601307 0.9571078431372549 0.05065359477124183 0.029411764705882353
0 0.35947712418300654 0.960171568627451 0.07189542483660132 0.0428921568627451
0 0.42728758169934644 0.9662990196078431 0.05065359477124183 0.030637254901960783
0 0.3504901960784314 0.9883578431372549 0.05065359477124183 0.023284313725490197
0 0.3888888888888889 0.9883578431372549 0.03594771241830066 0.023284313725490197
0 0.5065359477124183 0.9895833333333334 0.05555555555555556 0.020833333333333332
0 0.548202614379085 0.9908088235294118 0.04084967320261438 0.01838235294117647
0 0.5816993464052288 0.9761029411764706 0.058823529411764705 0.03308823529411765
0 0.6413398692810458 0.960171568627451 0.04084967320261438 0.04044117647058824
0 0.6944444444444444 0.9730392156862745 0.0392156862745098 0.022058823529411763
0 0.7312091503267975 0.9662990196078431 0.04084967320261438 0.03308823529411765
0 0.7598039215686275 0.9411764705882353 0.0392156862745098 0.03431372549019608
0 0.7777777777777778 0.9540441176470588 0.03594771241830066 0.020833333333333332
0 0.8243464052287582 0.9031862745098039 0.08006535947712419 0.041666666666666664
0 0.8161764705882353 0.960171568627451 0.04738562091503268 0.03553921568627451
0 0.7450980392156863 0.9834558823529411 0.0196078431372549 0.023284313725490197
0 0.7826797385620915 0.9852941176470588 0.07189542483660132 0.029411764705882353
0 0.8602941176470589 0.9834558823529411 0.06699346405228758 0.03308823529411765
0 0.8586601307189543 0.9558823529411764 0.04411764705882353 0.03431372549019608
0 0.8978758169934641 0.9436274509803921 0.04738562091503268 0.044117647058823525
0 0.9199346405228759 0.9761029411764706 0.06862745098039216 0.030637254901960783
0 0.9632352941176471 0.9803921568627451 0.03104575163398693 0.03431372549019608
0 0.977124183006536 0.9577205882352942 0.042483660130718956 0.023284313725490197
0 0.9509803921568628 0.9338235294117647 0.06862745098039216 0.0392156862745098
0 0.9076797385620915 0.9142156862745098 0.03758169934640523 0.03676470588235294
0 0.9795751633986929 0.9105392156862745 0.04084967320261438 0.031862745098039214
0 0.9272875816993464 0.8627450980392157 0.05065359477124183 0.03431372549019608
0 0.9697712418300654 0.8511029411764706 0.04411764705882353 0.020833333333333332
0 0.9616013071895425 0.8290441176470588 0.04411764705882353 0.03308823529411765
0 0.9150326797385622 0.8198529411764706 0.058823529411764705 0.029411764705882353
0 0.9803921568627452 0.8045343137254902 0.0392156862745098 0.030637254901960783
0 0.9681372549019608 0.7775735294117647 0.05065359477124183 0.025735294117647058
0 0.6225490196078431 0.9901960784313726 0.049019607843137254 0.0196078431372549
0 0.6830065359477124 0.9908088235294118 0.06209150326797386 0.01838235294117647
0 0.2769607843137255 0.9950980392156863 0.03431372549019608 0.00980392156862745
0 0.17973856209150327 0.9938725490196079 0.04575163398692811 0.012254901960784314
0 0.12173202614379085 0.9926470588235294 0.04084967320261438 0.014705882352941176
0 0.008986928104575164 0.9681372549019608 0.014705882352941176 0.03431372549019608
0 0.994281045751634 0.8670343137254902 0.011437908496732027 0.023284313725490197
