0 0.9430147058823529 0.49264705882352944 0.025735294117647058 0.024509803921568627
0 0.9185049019607843 0.6086601307189543 0.028186274509803922 0.03104575163398693
0 0.6721813725490196 0.4681372549019608 0.028186274509803922 0.01797385620915033
0 0.6145833333333334 0.477124183006536 0.03799019607843137 0.029411764705882353
0 0.5882352941176471 0.48284313725490197 0.022058823529411763 0.01797385620915033
0 0.5900735294117647 0.5040849673202614 0.03553921568627451 0.02777777777777778
0 0.6544117647058824 0.4852941176470588 0.051470588235294115 0.04575163398692811
0 0.6979166666666666 0.45996732026143794 0.020833333333333332 0.01797385620915033
0 0.7028186274509803 0.494281045751634 0.05514705882352941 0.03431372549019608
0 0.7095588235294118 0.5196078431372549 0.0196078431372549 0.026143790849673203
0 0.6825980392156863 0.5220588235294118 0.024509803921568627 0.021241830065359478
0 0.7420343137254902 0.5130718954248367 0.05759803921568627 0.0392156862745098
0 0.7849264705882353 0.5089869281045751 0.03308823529411765 0.024509803921568627
0 0.8272058823529411 0.5171568627450981 0.04656862745098039 0.03431372549019608
0 0.8462009803921569 0.5065359477124183 0.03553921568627451 0.029411764705882353
0 0.7935049019607843 0.5318627450980392 0.03308823529411765 0.01797385620915033
0 0.7432598039215687 0.5449346405228759 0.04044117647058824 0.03104575163398693
0 0.7524509803921569 0.5588235294117647 0.031862745098039214 0.022875816993464054
0 0.8339460784313726 0.5383986928104575 0.028186274509803922 0.01797385620915033
0 0.8069852941176471 0.5383986928104575 0.030637254901960783 0.01797385620915033
0 0.7965686274509803 0.5490196078431373 0.0196078431372549 0.016339869281045753
0 0.8192401960784313 0.5555555555555556 0.03799019607843137 0.022875816993464054
0 0.8308823529411764 0.5727124183006536 0.058823529411764705 0.04084967320261438
0 0.8841911764705882 0.5196078431372549 0.030637254901960783 0.022875816993464054
0 0.7769607843137255 0.553921568627451 0.03431372549019608 0.026143790849673203
0 0.7732843137254902 0.573529411764706 0.029411764705882353 0.022875816993464054
0 0.7977941176470588 0.5849673202614379 0.041666666666666664 0.026143790849673203
0 0.7205882352941176 0.5661764705882353 0.029411764705882353 0.021241830065359478
0 0.7365196078431372 0.5751633986928105 0.03676470588235294 0.022875816993464054
0 0.8670343137254902 0.5531045751633987 0.030637254901960783 0.04738562091503268
0 0.8860294117647058 0.5522875816993464 0.029411764705882353 0.04575163398692811
0 0.8792892156862745 0.5857843137254902 0.04044117647058824 0.02777777777777778
0 0.8651960784313726 0.6021241830065359 0.031862745098039214 0.02777777777777778
0 0.8915441176470588 0.6029411764705882 0.025735294117647058 0.022875816993464054
0 0.8302696078431372 0.607843137254902 0.030637254901960783 0.022875816993464054
0 0.8223039215686274 0.6258169934640523 0.01715686274509804 0.022875816993464054
0 0.7941176470588235 0.6029411764705882 0.0392156862745098 0.026143790849673203
0 0.7610294117647058 0.5923202614379085 0.03431372549019608 0.024509803921568627
0 0.7677696078431372 0.6151960784313726 0.04534313725490196 0.03104575163398693
0 0.772671568627451 0.6429738562091504 0.05514705882352941 0.03758169934640523
0 0.8094362745098039 0.6601307189542484 0.030637254901960783 0.022875816993464054
0 0.7040441176470588 0.6160130718954249 0.03799019607843137 0.029411764705882353
0 0.6666666666666666 0.6062091503267975 0.01715686274509804 0.022875816993464054
0 0.6378676470588235 0.6241830065359477 0.05759803921568627 0.03594771241830066
0 0.6740196078431372 0.6339869281045751 0.02696078431372549 0.016339869281045753
0 0.6801470588235294 0.6486928104575164 0.0392156862745098 0.026143790849673203
0 0.7322303921568627 0.6168300653594772 0.025735294117647058 0.021241830065359478
0 0.7303921568627451 0.6454248366013072 0.041666666666666664 0.029411764705882353
0 0.772671568627451 0.6715686274509804 0.0428921568627451 0.029411764705882353
0 0.7996323529411764 0.6821895424836601 0.028186274509803922 0.024509803921568627
0 0.7830882352941176 0.6919934640522876 0.02696078431372549 0.01797385620915033
0 0.7591911764705882 0.6928104575163399 0.028186274509803922 0.026143790849673203
0 0.7365196078431372 0.673202614379085 0.0392156862745098 0.032679738562091505
0 0.7052696078431372 0.6625816993464052 0.03308823529411765 0.024509803921568627
0 0.696078431372549 0.678921568627451 0.029411764705882353 0.021241830065359478
0 0.7138480392156863 0.690359477124183 0.04044117647058824 0.02777777777777778
0 0.6795343137254902 0.6683006535947713 0.025735294117647058 0.0196078431372549
0 0.6691176470588235 0.6821895424836601 0.029411764705882353 0.024509803921568627
0 0.6507352941176471 0.6503267973856209 0.02696078431372549 0.0196078431372549
0 0.6458333333333334 0.6707516339869282 0.041666666666666664 0.02777777777777778
0 0.6219362745098039 0.6609477124183006 0.028186274509803922 0.02777777777777778
0 0.5974264705882353 0.630718954248366 0.03799019607843137 0.032679738562091505
0 0.5845588235294118 0.6560457516339869 0.049019607843137254 0.03431372549019608
0 0.5674019607843137 0.6683006535947713 0.0392156862745098 0.029411764705882353
0 0.53125 0.6495098039215687 0.03799019607843137 0.02777777777777778
0 0.5625 0.6315359477124183 0.029411764705882353 0.024509803921568627
0 0.5024509803921569 0.6233660130718954 0.058823529411764705 0.04411764705882353
0 0.4957107843137255 0.6519607843137255 0.025735294117647058 0.0196078431372549
0 0.4411764705882353 0.5122549019607844 0.024509803921568627 0.02777777777777778
0 0.4534313725490196 0.5065359477124183 0.024509803921568627 0.022875816993464054
0 0.4681372549019608 0.6176470588235294 0.024509803921568627 0.032679738562091505
