0 0.6703431372549019 0.10212418300653595 0.02696078431372549 0.03758169934640523
0 0.6452205882352942 0.12826797385620917 0.05024509803921569 0.05065359477124183
0 0.6348039215686274 0.09150326797385622 0.029411764705882353 0.026143790849673203
0 0.610906862745098 0.08905228758169935 0.023284313725490197 0.03431372549019608
0 0.585171568627451 0.10375816993464053 0.030637254901960783 0.05392156862745098
0 0.5545343137254902 0.13071895424836602 0.030637254901960783 0.03594771241830066
0 0.6544117647058824 0.17483660130718956 0.03431372549019608 0.032679738562091505
0 0.6752450980392157 0.17973856209150327 0.02696078431372549 0.026143790849673203
0 0.6813725490196079 0.15604575163398693 0.029411764705882353 0.02777777777777778
0 0.6084558823529411 0.16748366013071897 0.025735294117647058 0.04738562091503268
0 0.5747549019607843 0.15522875816993464 0.024509803921568627 0.0392156862745098
0 0.5723039215686274 0.18382352941176472 0.022058823529411763 0.03104575163398693
0 0.5906862745098039 0.17647058823529413 0.024509803921568627 0.04575163398692811
0 0.6084558823529411 0.2181372549019608 0.020833333333333332 0.03104575163398693
0 0.6231617647058824 0.20833333333333334 0.030637254901960783 0.02777777777777778
0 0.5416666666666666 0.15359477124183007 0.0392156862745098 0.032679738562091505
0 0.5435049019607843 0.18709150326797386 0.03308823529411765 0.03431372549019608
0 0.5582107843137255 0.20669934640522877 0.020833333333333332 0.04738562091503268
0 0.5821078431372549 0.21405228758169936 0.031862745098039214 0.029411764705882353
0 0.5361519607843137 0.21895424836601307 0.03308823529411765 0.029411764705882353
0 0.5140931372549019 0.20179738562091504 0.023284313725490197 0.02777777777777778
0 0.5232843137254902 0.18055555555555555 0.022058823529411763 0.024509803921568627
0 0.5257352941176471 0.2696078431372549 0.041666666666666664 0.032679738562091505
0 0.5263480392156863 0.29248366013071897 0.023284313725490197 0.0196078431372549
0 0.5680147058823529 0.31699346405228757 0.025735294117647058 0.029411764705882353
0 0.5692401960784313 0.33905228758169936 0.03308823529411765 0.02777777777777778
0 0.5502450980392157 0.352124183006536 0.024509803921568627 0.021241830065359478
0 0.53125 0.3235294117647059 0.05514705882352941 0.049019607843137254
0 0.4883578431372549 0.3014705882352941 0.023284313725490197 0.01797385620915033
0 0.40379901960784315 0.9869281045751634 0.025735294117647058 0.022875816993464054
0 0.46568627450980393 0.9901960784313726 0.022058823529411763 0.0196078431372549
0 0.49754901960784315 0.9926470588235294 0.031862745098039214 0.014705882352941176
0 0.27450980392156865 0.7230392156862745 0.031862745098039214 0.03104575163398693
0 0.007965686274509803 0.6323529411764706 0.013480392156862746 0.022875816993464054
0 0.013480392156862746 0.6552287581699346 0.024509803921568627 0.022875816993464054
0 0.03860294117647059 0.6781045751633987 0.030637254901960783 0.029411764705882353
0 0.0196078431372549 0.7181372549019608 0.03676470588235294 0.06045751633986928
0 0.015318627450980392 0.7696078431372549 0.023284313725490197 0.049019607843137254
0 0.04963235294117647 0.7369281045751634 0.030637254901960783 0.022875816993464054
0 0.05514705882352941 0.7532679738562091 0.02696078431372549 0.022875816993464054
0 0.37745098039215685 0.9901960784313726 0.0196078431372549 0.0196078431372549
0 0.4301470588235294 0.9910130718954249 0.0196078431372549 0.01797385620915033
