0 0.1911764705882353 0.8125 0.09477124183006536 0.07107843137254902
0 0.1380718954248366 0.8676470588235294 0.10294117647058824 0.058823529411764705
0 0.08169934640522876 0.8462009803921569 0.032679738562091505 0.03553921568627451
0 0.05065359477124183 0.8088235294117647 0.049019607843137254 0.056372549019607844
0 0.04166666666666667 0.8511029411764706 0.03431372549019608 0.030637254901960783
0 0.031862745098039214 0.8909313725490196 0.06045751633986928 0.05392156862745098
0 0.0661764705882353 0.9160539215686274 0.06372549019607843 0.06740196078431372
0 0.18790849673202614 0.9221813725490196 0.10457516339869281 0.07230392156862744
0 0.22303921568627452 0.9656862745098039 0.06699346405228758 0.06862745098039216
0 0.28022875816993464 0.9534313725490196 0.07679738562091504 0.05392156862745098
0 0.2540849673202614 0.9031862745098039 0.07026143790849673 0.06862745098039216
0 0.21323529411764708 0.8719362745098039 0.07026143790849673 0.05759803921568627
0 0.13970588235294118 0.7916666666666666 0.03104575163398693 0.03431372549019608
0 0.2916666666666667 0.9889705882352942 0.05392156862745098 0.022058823529411763
0 0.012254901960784314 0.8474264705882353 0.021241830065359478 0.06495098039215687
0 0.018790849673202614 0.991421568627451 0.03431372549019608 0.01715686274509804
0 0.006535947712418301 0.9626225490196079 0.00980392156862745 0.03799019607843137
0 0.007352941176470588 0.7996323529411764 0.011437908496732027 0.030637254901960783
