0 0.5827205882352942 0.058823529411764705 0.01838235294117647 0.022875816993464054
0 0.5692401960784313 0.06290849673202614 0.01838235294117647 0.03431372549019608
0 0.5447303921568627 0.057189542483660136 0.020833333333333332 0.0392156862745098
0 0.5091911764705882 0.03349673202614379 0.015931372549019607 0.03104575163398693
0 0.5245098039215687 0.058823529411764705 0.0196078431372549 0.029411764705882353
0 0.5159313725490196 0.08251633986928104 0.01715686274509804 0.03758169934640523
0 0.5245098039215687 0.09477124183006536 0.012254901960784314 0.026143790849673203
0 0.5520833333333334 0.08741830065359478 0.011029411764705881 0.021241830065359478
0 0.5435049019607843 0.09885620915032681 0.013480392156862746 0.02777777777777778
0 0.5337009803921569 0.119281045751634 0.01838235294117647 0.032679738562091505
0 0.5453431372549019 0.13071895424836602 0.014705882352941176 0.029411764705882353
0 0.5729166666666666 0.11519607843137256 0.028186274509803922 0.05065359477124183
0 0.5863970588235294 0.12990196078431374 0.01838235294117647 0.03758169934640523
0 0.5980392156862745 0.13970588235294118 0.01715686274509804 0.02777777777777778
0 0.6090686274509803 0.16830065359477125 0.014705882352941176 0.026143790849673203
0 0.5974264705882353 0.17320261437908496 0.01838235294117647 0.0392156862745098
0 0.610906862745098 0.19444444444444445 0.013480392156862746 0.026143790849673203
0 0.5735294117647058 0.16748366013071897 0.029411764705882353 0.05065359477124183
0 0.5459558823529411 0.1503267973856209 0.015931372549019607 0.022875816993464054
0 0.5441176470588235 0.1715686274509804 0.0196078431372549 0.022875816993464054
0 0.5428921568627451 0.1919934640522876 0.0196078431372549 0.024509803921568627
0 0.5600490196078431 0.184640522875817 0.0196078431372549 0.032679738562091505
0 0.5821078431372549 0.21160130718954248 0.012254901960784314 0.03758169934640523
0 0.6004901960784313 0.2042483660130719 0.0196078431372549 0.016339869281045753
0 0.5919117647058824 0.21568627450980393 0.01715686274509804 0.029411764705882353
0 0.6047794117647058 0.22303921568627452 0.013480392156862746 0.024509803921568627
0 0.5661764705882353 0.2107843137254902 0.024509803921568627 0.04575163398692811
0 0.5496323529411765 0.21568627450980393 0.015931372549019607 0.022875816993464054
0 0.5514705882352942 0.23202614379084968 0.01715686274509804 0.022875816993464054
0 0.5827205882352942 0.25245098039215685 0.028186274509803922 0.05392156862745098
0 0.5986519607843137 0.24918300653594772 0.015931372549019607 0.03104575163398693
0 0.6029411764705882 0.2630718954248366 0.012254901960784314 0.022875816993464054
0 0.5637254901960784 0.2638888888888889 0.0196078431372549 0.04411764705882353
0 0.5496323529411765 0.2777777777777778 0.015931372549019607 0.022875816993464054
0 0.553921568627451 0.25163398692810457 0.01715686274509804 0.029411764705882353
0 0.5030637254901961 0.18790849673202614 0.011029411764705881 0.029411764705882353
0 0.5177696078431373 0.21160130718954248 0.01838235294117647 0.02777777777777778
0 0.508578431372549 0.21568627450980393 0.012254901960784314 0.026143790849673203
0 0.5091911764705882 0.2377450980392157 0.015931372549019607 0.03104575163398693
0 0.5165441176470588 0.26633986928104575 0.015931372549019607 0.029411764705882353
0 0.585171568627451 0.29411764705882354 0.025735294117647058 0.049019607843137254
0 0.5594362745098039 0.2900326797385621 0.020833333333333332 0.01797385620915033
0 0.5674019607843137 0.30718954248366015 0.014705882352941176 0.022875816993464054
0 0.5526960784313726 0.3055555555555556 0.01715686274509804 0.0196078431372549
0 0.5502450980392157 0.3227124183006536 0.012254901960784314 0.021241830065359478
0 0.5625 0.32516339869281047 0.022058823529411763 0.029411764705882353
0 0.5863970588235294 0.3300653594771242 0.028186274509803922 0.026143790849673203
0 0.5888480392156863 0.3472222222222222 0.020833333333333332 0.021241830065359478
0 0.5729166666666666 0.34885620915032683 0.01838235294117647 0.01797385620915033
0 0.5839460784313726 0.375 0.020833333333333332 0.03758169934640523
0 0.5471813725490196 0.35784313725490197 0.013480392156862746 0.026143790849673203
0 0.5575980392156863 0.3627450980392157 0.012254901960784314 0.022875816993464054
0 0.5661764705882353 0.37663398692810457 0.01715686274509804 0.03431372549019608
0 0.5520833333333334 0.3831699346405229 0.013480392156862746 0.024509803921568627
0 0.5759803921568627 0.4068627450980392 0.0196078431372549 0.032679738562091505
0 0.5496323529411765 0.43218954248366015 0.020833333333333332 0.04084967320261438
0 0.5471813725490196 0.4852941176470588 0.03308823529411765 0.05228758169934641
0 0.5337009803921569 0.5114379084967321 0.013480392156862746 0.026143790849673203
0 0.5465686274509803 0.5784313725490197 0.014705882352941176 0.022875816993464054
0 0.5674019607843137 0.6176470588235294 0.022058823529411763 0.049019607843137254
0 0.5477941176470588 0.6062091503267975 0.01715686274509804 0.03594771241830066
0 0.5447303921568627 0.630718954248366 0.015931372549019607 0.029411764705882353
0 0.5569852941176471 0.6372549019607844 0.015931372549019607 0.029411764705882353
0 0.5520833333333334 0.6544117647058824 0.015931372549019607 0.03104575163398693
0 0.5545343137254902 0.6838235294117647 0.015931372549019607 0.02777777777777778
0 0.5545343137254902 0.7099673202614379 0.015931372549019607 0.02777777777777778
0 0.5557598039215687 0.7393790849673203 0.020833333333333332 0.03431372549019608
0 0.6286764705882353 0.8022875816993464 0.0196078431372549 0.022875816993464054
0 0.610906862745098 0.8071895424836601 0.01838235294117647 0.0392156862745098
0 0.585171568627451 0.823529411764706 0.01838235294117647 0.0392156862745098
0 0.6372549019607843 0.8439542483660131 0.03431372549019608 0.05392156862745098
0 0.6145833333333334 0.8406862745098039 0.028186274509803922 0.03431372549019608
0 0.5502450980392157 0.8316993464052288 0.03431372549019608 0.058823529411764705
0 0.5704656862745098 0.8390522875816994 0.015931372549019607 0.03431372549019608
0 0.5575980392156863 0.8594771241830066 0.014705882352941176 0.026143790849673203
0 0.5876225490196079 0.8496732026143791 0.013480392156862746 0.022875816993464054
0 0.5986519607843137 0.8684640522875817 0.015931372549019607 0.03758169934640523
0 0.6115196078431372 0.880718954248366 0.02696078431372549 0.05228758169934641
0 0.633578431372549 0.8946078431372549 0.029411764705882353 0.04411764705882353
0 0.633578431372549 0.923202614379085 0.01715686274509804 0.026143790849673203
0 0.5526960784313726 0.8856209150326798 0.01715686274509804 0.032679738562091505
0 0.5600490196078431 0.9068627450980392 0.01715686274509804 0.032679738562091505
0 0.5919117647058824 0.8986928104575164 0.014705882352941176 0.022875816993464054
0 0.5759803921568627 0.9207516339869282 0.0196078431372549 0.03104575163398693
0 0.5919117647058824 0.923202614379085 0.01715686274509804 0.032679738562091505
0 0.6041666666666666 0.9133986928104575 0.014705882352941176 0.026143790849673203
0 0.6176470588235294 0.9330065359477124 0.0196078431372549 0.04575163398692811
0 0.6035539215686274 0.9395424836601307 0.013480392156862746 0.022875816993464054
0 0.6029411764705882 0.9746732026143791 0.029411764705882353 0.05065359477124183
0 0.5618872549019608 0.9370915032679739 0.01838235294117647 0.02777777777777778
0 0.5557598039215687 0.9526143790849674 0.020833333333333332 0.029411764705882353
0 0.5471813725490196 0.9705882352941176 0.015931372549019607 0.032679738562091505
0 0.5735294117647058 0.9591503267973857 0.0196078431372549 0.022875816993464054
0 0.5765931372549019 0.982843137254902 0.028186274509803922 0.03431372549019608
0 0.6323529411764706 0.9705882352941176 0.022058823529411763 0.032679738562091505
0 0.6237745098039216 0.9934640522875817 0.024509803921568627 0.013071895424836602
