0 0.04963235294117647 0.4297385620915033 0.028186274509803922 0.05228758169934641
0 0.06924019607843138 0.4534313725490196 0.028186274509803922 0.04411764705882353
0 0.06678921568627451 0.5106209150326797 0.0428921568627451 0.04411764705882353
0 0.09191176470588235 0.5359477124183006 0.029411764705882353 0.026143790849673203
0 0.031862745098039214 0.5171568627450981 0.029411764705882353 0.04084967320261438
0 0.027573529411764705 0.5490196078431373 0.03553921568627451 0.03594771241830066
0 0.11397058823529412 0.5555555555555556 0.029411764705882353 0.032679738562091505
0 0.02022058823529412 0.5964052287581699 0.03799019607843137 0.049019607843137254
0 0.11825980392156862 0.5964052287581699 0.030637254901960783 0.05555555555555556
0 0.13725490196078433 0.6013071895424836 0.022058823529411763 0.042483660130718956
0 0.0900735294117647 0.6372549019607844 0.023284313725490197 0.029411764705882353
0 0.07475490196078431 0.6503267973856209 0.03676470588235294 0.06535947712418301
0 0.11519607843137254 0.6633986928104575 0.031862745098039214 0.04575163398692811
0 0.14338235294117646 0.6552287581699346 0.049019607843137254 0.049019607843137254
0 0.18137254901960784 0.6593137254901961 0.03676470588235294 0.057189542483660136
0 0.20526960784313725 0.6470588235294118 0.030637254901960783 0.0392156862745098
0 0.21629901960784315 0.630718954248366 0.03553921568627451 0.03594771241830066
0 0.18566176470588236 0.7197712418300654 0.04044117647058824 0.057189542483660136
0 0.2493872549019608 0.6928104575163399 0.023284313725490197 0.04575163398692811
0 0.20955882352941177 0.763888888888889 0.02696078431372549 0.03431372549019608
0 0.2310049019607843 0.7622549019607844 0.023284313725490197 0.04084967320261438
0 0.2542892156862745 0.7867647058823529 0.030637254901960783 0.04738562091503268
0 0.27267156862745096 0.7834967320261438 0.023284313725490197 0.04084967320261438
0 0.28125 0.7483660130718954 0.020833333333333332 0.0392156862745098
0 0.08455882352941177 0.869281045751634 0.0392156862745098 0.06535947712418301
0 0.11274509803921569 0.8815359477124183 0.024509803921568627 0.04738562091503268
0 0.13357843137254902 0.9379084967320261 0.024509803921568627 0.05555555555555556
0 0.1053921568627451 0.940359477124183 0.041666666666666664 0.03758169934640523
0 0.15379901960784315 0.9820261437908497 0.03799019607843137 0.03594771241830066
0 0.007352941176470588 0.4534313725490196 0.012254901960784314 0.03758169934640523
0 0.013480392156862746 0.4852941176470588 0.022058823529411763 0.0392156862745098
0 0.09620098039215687 0.5122549019607844 0.020833333333333332 0.03431372549019608
0 0.055759803921568624 0.47303921568627455 0.030637254901960783 0.02777777777777778
0 0.005514705882352941 0.5392156862745098 0.00857843137254902 0.03594771241830066
0 0.05024509803921569 0.5433006535947713 0.024509803921568627 0.03431372549019608
0 0.05330882352941176 0.571078431372549 0.028186274509803922 0.03104575163398693
0 0.08455882352941177 0.5661764705882353 0.044117647058823525 0.04084967320261438
0 0.07720588235294118 0.6037581699346405 0.022058823529411763 0.03758169934640523
0 0.10294117647058823 0.619281045751634 0.029411764705882353 0.0392156862745098
0 0.05330882352941176 0.5915032679738562 0.028186274509803922 0.026143790849673203
0 0.05269607843137255 0.6151960784313726 0.024509803921568627 0.02777777777777778
0 0.2181372549019608 0.7238562091503268 0.02696078431372549 0.032679738562091505
0 0.21384803921568626 0.7475490196078431 0.01838235294117647 0.03431372549019608
0 0.20220588235294118 0.6928104575163399 0.022058823529411763 0.04575163398692811
0 0.21691176470588236 0.6862745098039216 0.0196078431372549 0.03594771241830066
0 0.23161764705882354 0.6821895424836601 0.0196078431372549 0.03758169934640523
0 0.23651960784313725 0.7189542483660131 0.029411764705882353 0.0392156862745098
0 0.25980392156862747 0.7254901960784313 0.024509803921568627 0.032679738562091505
0 0.25674019607843135 0.7475490196078431 0.025735294117647058 0.02777777777777778
0 0.10723039215686274 0.9117647058823529 0.03553921568627451 0.03594771241830066
0 0.09129901960784313 0.9763071895424837 0.04044117647058824 0.04738562091503268
0 0.11151960784313725 0.9722222222222222 0.022058823529411763 0.03594771241830066
0 0.12438725490196079 0.9787581699346406 0.01838235294117647 0.0392156862745098
