0 0.5416666666666666 0.3292483660130719 0.012254901960784314 0.024509803921568627
0 0.548406862745098 0.35375816993464054 0.015931372549019607 0.03431372549019608
0 0.5514705882352942 0.37336601307189543 0.012254901960784314 0.02777777777777778
0 0.5232843137254902 0.3496732026143791 0.0196078431372549 0.032679738562091505
0 0.5361519607843137 0.35947712418300654 0.015931372549019607 0.026143790849673203
0 0.5036764705882353 0.35947712418300654 0.0196078431372549 0.0392156862745098
0 0.4834558823529412 0.3619281045751634 0.015931372549019607 0.03104575163398693
0 0.5551470588235294 0.4027777777777778 0.012254901960784314 0.02777777777777778
0 0.539828431372549 0.39950980392156865 0.025735294117647058 0.05392156862745098
0 0.5098039215686274 0.3839869281045752 0.014705882352941176 0.032679738562091505
0 0.4987745098039216 0.3946078431372549 0.01715686274509804 0.03758169934640523
0 0.5140931372549019 0.41013071895424835 0.023284313725490197 0.03594771241830066
0 0.5330882352941176 0.434640522875817 0.01715686274509804 0.03594771241830066
0 0.5435049019607843 0.4428104575163399 0.013480392156862746 0.032679738562091505
0 0.5496323529411765 0.4281045751633987 0.013480392156862746 0.026143790849673203
0 0.5214460784313726 0.4256535947712418 0.013480392156862746 0.021241830065359478
0 0.5018382352941176 0.4305555555555556 0.013480392156862746 0.02777777777777778
0 0.5116421568627451 0.4419934640522876 0.015931372549019607 0.03431372549019608
0 0.5232843137254902 0.4493464052287582 0.014705882352941176 0.032679738562091505
0 0.5337009803921569 0.45915032679738566 0.01838235294117647 0.0196078431372549
0 0.5453431372549019 0.4714052287581699 0.022058823529411763 0.03431372549019608
0 0.5557598039215687 0.4795751633986928 0.015931372549019607 0.02777777777777778
0 0.4895833333333333 0.4428104575163399 0.01838235294117647 0.022875816993464054
0 0.4932598039215686 0.4632352941176471 0.025735294117647058 0.03431372549019608
0 0.5079656862745098 0.47875816993464054 0.025735294117647058 0.042483660130718956
0 0.5232843137254902 0.4893790849673203 0.01715686274509804 0.03758169934640523
0 0.5545343137254902 0.5106209150326797 0.020833333333333332 0.03758169934640523
0 0.5435049019607843 0.4991830065359477 0.030637254901960783 0.03104575163398693
0 0.49816176470588236 0.5024509803921569 0.030637254901960783 0.03758169934640523
0 0.49693627450980393 0.5383986928104575 0.030637254901960783 0.05392156862745098
0 0.5183823529411765 0.5531045751633987 0.0196078431372549 0.04084967320261438
0 0.5079656862745098 0.565359477124183 0.023284313725490197 0.03594771241830066
0 0.5337009803921569 0.5580065359477124 0.020833333333333332 0.02777777777777778
0 0.5575980392156863 0.5506535947712419 0.01715686274509804 0.0392156862745098
0 0.5373774509803921 0.5784313725490197 0.020833333333333332 0.022875816993464054
0 0.5232843137254902 0.5874183006535948 0.01715686274509804 0.03104575163398693
0 0.5220588235294118 0.6266339869281046 0.022058823529411763 0.024509803921568627
0 0.508578431372549 0.6462418300653595 0.014705882352941176 0.03104575163398693
0 0.522671568627451 0.6568627450980392 0.01838235294117647 0.032679738562091505
