0 0.6292892156862745 0.9011437908496732 0.05024509803921569 0.05392156862745098
0 0.6617647058823529 0.8921568627450981 0.049019607843137254 0.049019607843137254
0 0.6954656862745098 0.888888888888889 0.0428921568627451 0.042483660130718956
0 0.6856617647058824 0.928921568627451 0.06985294117647059 0.057189542483660136
0 0.7432598039215687 0.9387254901960784 0.05759803921568627 0.07026143790849673
0 0.8094362745098039 0.8864379084967321 0.05269607843137255 0.05065359477124183
0 0.860906862745098 0.9133986928104575 0.0625 0.06862745098039216
0 0.8143382352941176 0.9240196078431373 0.05024509803921569 0.04084967320261438
0 0.9662990196078431 0.8766339869281046 0.05269607843137255 0.04411764705882353
0 0.9718137254901961 0.9240196078431373 0.056372549019607844 0.08006535947712419
0 0.7781862745098039 0.9166666666666667 0.03676470588235294 0.026143790849673203
0 0.7990196078431372 0.9501633986928105 0.0392156862745098 0.03431372549019608
0 0.8235294117647058 0.9616013071895425 0.0392156862745098 0.03104575163398693
