0 0.9901960784313726 0.015522875816993464 0.0196078431372549 0.02777777777777778
0 0.9828431372549019 0.024509803921568627 0.029411764705882353 0.032679738562091505
0 0.9491421568627451 0.012254901960784314 0.03308823529411765 0.021241830065359478
0 0.9381127450980392 0.022875816993464054 0.028186274509803922 0.029411764705882353
0 0.9632352941176471 0.04656862745098039 0.024509803921568627 0.03758169934640523
0 0.7849264705882353 0.07924836601307189 0.025735294117647058 0.024509803921568627
0 0.7745098039215687 0.08986928104575163 0.022058823529411763 0.022875816993464054
0 0.8014705882352942 0.09068627450980392 0.0196078431372549 0.021241830065359478
0 0.8216911764705882 0.09967320261437909 0.025735294117647058 0.022875816993464054
0 0.7916666666666666 0.10212418300653595 0.022058823529411763 0.021241830065359478
0 0.78125 0.11437908496732027 0.01838235294117647 0.032679738562091505
0 0.8284313725490196 0.11683006535947713 0.029411764705882353 0.01797385620915033
0 0.7953431372549019 0.11846405228758171 0.0196078431372549 0.021241830065359478
0 0.8082107843137255 0.12663398692810457 0.028186274509803922 0.02777777777777778
0 0.8388480392156863 0.13970588235294118 0.04534313725490196 0.03758169934640523
0 0.8057598039215687 0.15114379084967322 0.025735294117647058 0.021241830065359478
0 0.8235294117647058 0.16584967320261437 0.031862745098039214 0.024509803921568627
0 0.8682598039215687 0.12663398692810457 0.023284313725490197 0.021241830065359478
0 0.8909313725490196 0.14297385620915032 0.029411764705882353 0.024509803921568627
0 0.8682598039215687 0.14787581699346405 0.020833333333333332 0.02777777777777778
0 0.8627450980392157 0.1715686274509804 0.03676470588235294 0.049019607843137254
0 0.8982843137254902 0.16094771241830066 0.029411764705882353 0.02777777777777778
0 0.8805147058823529 0.16584967320261437 0.01838235294117647 0.024509803921568627
0 0.9215686274509803 0.15849673202614378 0.024509803921568627 0.026143790849673203
0 0.9393382352941176 0.1781045751633987 0.028186274509803922 0.05228758169934641
0 0.9172794117647058 0.1911764705882353 0.030637254901960783 0.05555555555555556
0 0.852328431372549 0.19444444444444445 0.025735294117647058 0.0196078431372549
0 0.8578431372549019 0.2099673202614379 0.024509803921568627 0.01797385620915033
0 0.875 0.20915032679738563 0.022058823529411763 0.026143790849673203
0 0.8700980392156863 0.2303921568627451 0.0196078431372549 0.032679738562091505
0 0.9031862745098039 0.008169934640522876 0.02696078431372549 0.013071895424836602
0 0.960171568627451 0.19607843137254902 0.01838235294117647 0.0196078431372549
0 0.9534313725490196 0.2107843137254902 0.024509803921568627 0.016339869281045753
0 0.9350490196078431 0.21568627450980393 0.0196078431372549 0.032679738562091505
0 0.9123774509803921 0.23937908496732027 0.05269607843137255 0.04411764705882353
0 0.9901960784313726 0.2181372549019608 0.0196078431372549 0.04738562091503268
0 0.9613970588235294 0.2312091503267974 0.05024509803921569 0.03758169934640523
0 0.9779411764705882 0.2647058823529412 0.022058823529411763 0.029411764705882353
0 0.9491421568627451 0.2679738562091503 0.023284313725490197 0.022875816993464054
0 0.9166666666666666 0.3194444444444445 0.022058823529411763 0.02777777777777778
0 0.9736519607843137 0.3366013071895425 0.03553921568627451 0.05228758169934641
0 0.9638480392156863 0.3570261437908497 0.01838235294117647 0.021241830065359478
0 0.9926470588235294 0.3464052287581699 0.014705882352941176 0.026143790849673203
0 0.9822303921568627 0.375 0.03553921568627451 0.04084967320261438
0 0.20833333333333334 0.5882352941176471 0.029411764705882353 0.029411764705882353
0 0.9950980392156863 0.2630718954248366 0.00980392156862745 0.026143790849673203
0 0.9822303921568627 0.2042483660130719 0.015931372549019607 0.026143790849673203
0 0.892156862745098 0.18055555555555555 0.0196078431372549 0.01797385620915033
0 0.8829656862745098 0.19444444444444445 0.013480392156862746 0.026143790849673203
