0 0.030637254901960783 0.42483660130718953 0.022058823529411763 0.049019607843137254
0 0.012867647058823529 0.4428104575163399 0.023284313725490197 0.058823529411764705
0 0.011642156862745098 0.4852941176470588 0.020833333333333332 0.0392156862745098
0 0.015931372549019607 0.5187908496732027 0.029411764705882353 0.04738562091503268
0 0.03370098039215686 0.5277777777777778 0.013480392156862746 0.029411764705882353
0 0.46691176470588236 0.4076797385620915 0.022058823529411763 0.04084967320261438
0 0.47120098039215685 0.4607843137254902 0.03308823529411765 0.07189542483660132
0 0.42340686274509803 0.4158496732026144 0.03308823529411765 0.03104575163398693
0 0.4142156862745098 0.4550653594771242 0.04656862745098039 0.05065359477124183
0 0.4430147058823529 0.4803921568627451 0.03308823529411765 0.08169934640522876
0 0.414828431372549 0.5204248366013072 0.03308823529411765 0.06045751633986928
0 0.45955882352941174 0.5163398692810458 0.01715686274509804 0.042483660130718956
0 0.4319852941176471 0.5522875816993464 0.04044117647058824 0.058823529411764705
0 0.6047794117647058 0.03104575163398693 0.020833333333333332 0.03594771241830066
0 0.6439950980392157 0.022875816993464054 0.020833333333333332 0.032679738562091505
0 0.6231617647058824 0.057189542483660136 0.05024509803921569 0.04575163398692811
0 0.5906862745098039 0.08415032679738563 0.0196078431372549 0.03758169934640523
0 0.6078431372549019 0.1119281045751634 0.024509803921568627 0.04084967320261438
0 0.5876225490196079 0.12418300653594772 0.028186274509803922 0.058823529411764705
0 0.508578431372549 0.1380718954248366 0.031862745098039214 0.05392156862745098
