0 0.3112745098039216 0.8145424836601307 0.01715686274509804 0.03104575163398693
0 0.32965686274509803 0.7957516339869282 0.012254901960784314 0.029411764705882353
0 0.3333333333333333 0.954248366013072 0.01715686274509804 0.026143790849673203
0 0.29901960784313725 0.9910130718954249 0.022058823529411763 0.01797385620915033
0 0.26348039215686275 0.9199346405228759 0.00980392156862745 0.026143790849673203
0 0.3431372549019608 0.7843137254901961 0.014705882352941176 0.026143790849673203
0 0.3388480392156863 0.8080065359477124 0.011029411764705881 0.024509803921568627
0 0.3431372549019608 0.8341503267973857 0.012254901960784314 0.021241830065359478
0 0.29901960784313725 0.8243464052287582 0.012254901960784314 0.024509803921568627
0 0.3278186274509804 0.823529411764706 0.01838235294117647 0.026143790849673203
0 0.32169117647058826 0.8439542483660131 0.011029411764705881 0.024509803921568627
0 0.33455882352941174 0.8611111111111112 0.01715686274509804 0.03594771241830066
0 0.3088235294117647 0.8488562091503268 0.014705882352941176 0.024509803921568627
0 0.3008578431372549 0.8611111111111112 0.011029411764705881 0.022875816993464054
0 0.28860294117647056 0.8619281045751634 0.011029411764705881 0.02777777777777778
0 0.3125 0.8717320261437909 0.012254901960784314 0.021241830065359478
0 0.2971813725490196 0.8848039215686275 0.01838235294117647 0.024509803921568627
0 0.30637254901960786 0.9035947712418301 0.014705882352941176 0.026143790849673203
0 0.31862745098039214 0.8937908496732027 0.01715686274509804 0.032679738562091505
0 0.33517156862745096 0.888888888888889 0.015931372549019607 0.026143790849673203
0 0.33578431372549017 0.9166666666666667 0.01715686274509804 0.029411764705882353
0 0.2806372549019608 0.9199346405228759 0.01715686274509804 0.029411764705882353
0 0.29840686274509803 0.9133986928104575 0.020833333333333332 0.026143790849673203
0 0.3082107843137255 0.9272875816993464 0.013480392156862746 0.024509803921568627
0 0.3204656862745098 0.9313725490196079 0.013480392156862746 0.026143790849673203
0 0.3008578431372549 0.9493464052287582 0.011029411764705881 0.026143790849673203
0 0.3180147058823529 0.9591503267973857 0.011029411764705881 0.022875816993464054
0 0.2555147058823529 0.9746732026143791 0.01838235294117647 0.021241830065359478
0 0.2665441176470588 0.9926470588235294 0.01838235294117647 0.014705882352941176
0 0.27879901960784315 0.9795751633986929 0.015931372549019607 0.021241830065359478
0 0.29105392156862747 0.9714052287581699 0.013480392156862746 0.024509803921568627
0 0.3082107843137255 0.9714052287581699 0.011029411764705881 0.024509803921568627
0 0.3204656862745098 0.9795751633986929 0.011029411764705881 0.02777777777777778
0 0.3382352941176471 0.9787581699346406 0.014705882352941176 0.016339869281045753
0 0.3333333333333333 0.994281045751634 0.014705882352941176 0.011437908496732027
0 0.2824754901960784 0.9934640522875817 0.011029411764705881 0.00980392156862745
