0 0.2383578431372549 0.125 0.06004901960784314 0.03758169934640523
0 0.6795343137254902 0.11111111111111112 0.05514705882352941 0.0392156862745098
0 0.8357843137254902 0.184640522875817 0.06372549019607843 0.042483660130718956
0 0.9350490196078431 0.1519607843137255 0.058823529411764705 0.03594771241830066
0 0.9785539215686274 0.14950980392156862 0.0428921568627451 0.03104575163398693
0 0.9295343137254902 0.17401960784313725 0.07475490196078431 0.04738562091503268
0 0.9779411764705882 0.20098039215686275 0.044117647058823525 0.06209150326797386
0 0.9473039215686274 0.22140522875816995 0.0392156862745098 0.057189542483660136
0 0.9123774509803921 0.21405228758169936 0.05024509803921569 0.0392156862745098
0 0.8964460784313726 0.28022875816993464 0.04534313725490196 0.06372549019607843
0 0.8645833333333334 0.28758169934640526 0.04779411764705882 0.05555555555555556
0 0.8284313725490196 0.33169934640522875 0.08333333333333333 0.06862745098039216
0 0.8737745098039216 0.34885620915032683 0.04656862745098039 0.03758169934640523
0 0.9338235294117647 0.33496732026143794 0.056372549019607844 0.04575163398692811
0 0.9699754901960784 0.37336601307189543 0.06004901960784314 0.07352941176470588
0 0.9240196078431372 0.3897058823529412 0.058823529411764705 0.057189542483660136
0 0.9901960784313726 0.6740196078431373 0.0196078431372549 0.03758169934640523
