0 0.5778186274509803 0.9419934640522876 0.04779411764705882 0.04084967320261438
0 0.6011029411764706 0.9027777777777778 0.020833333333333332 0.02777777777777778
0 0.6047794117647058 0.9493464052287582 0.020833333333333332 0.029411764705882353
0 0.6090686274509803 0.9272875816993464 0.022058823529411763 0.024509803921568627
0 0.6237745098039216 0.9534313725490197 0.022058823529411763 0.021241830065359478
0 0.6158088235294118 0.9689542483660131 0.03308823529411765 0.026143790849673203
0 0.6446078431372549 0.928921568627451 0.049019607843137254 0.04738562091503268
0 0.6537990196078431 0.9616013071895425 0.025735294117647058 0.021241830065359478
0 0.6795343137254902 0.9468954248366014 0.0428921568627451 0.04411764705882353
0 0.7064950980392157 0.9191176470588236 0.023284313725490197 0.02777777777777778
0 0.7120098039215687 0.9509803921568628 0.02696078431372549 0.029411764705882353
0 0.7291666666666666 0.9354575163398693 0.031862745098039214 0.03431372549019608
0 0.7365196078431372 0.9624183006535948 0.0196078431372549 0.026143790849673203
0 0.7481617647058824 0.9632352941176471 0.020833333333333332 0.024509803921568627
0 0.7493872549019608 0.9223856209150327 0.023284313725490197 0.03104575163398693
0 0.7579656862745098 0.9501633986928105 0.025735294117647058 0.021241830065359478
0 0.7689950980392157 0.9665032679738562 0.023284313725490197 0.021241830065359478
0 0.789828431372549 0.9722222222222222 0.023284313725490197 0.026143790849673203
0 0.7745098039215687 0.9362745098039216 0.022058823529411763 0.0196078431372549
0 0.8020833333333334 0.9019607843137255 0.04534313725490196 0.0392156862745098
0 0.8033088235294118 0.9395424836601307 0.04534313725490196 0.042483660130718956
0 0.8192401960784313 0.9689542483660131 0.03308823529411765 0.022875816993464054
0 0.8259803921568627 0.988562091503268 0.024509803921568627 0.0196078431372549
0 0.8492647058823529 0.9861111111111112 0.022058823529411763 0.021241830065359478
0 0.8455882352941176 0.9599673202614379 0.03431372549019608 0.03104575163398693
0 0.8658088235294118 0.9836601307189543 0.013480392156862746 0.0196078431372549
0 0.875 0.977124183006536 0.022058823529411763 0.022875816993464054
0 0.8909313725490196 0.9763071895424837 0.024509803921568627 0.024509803921568627
0 0.9074754901960784 0.9705882352941176 0.020833333333333332 0.022875816993464054
0 0.9099264705882353 0.954248366013072 0.020833333333333332 0.026143790849673203
0 0.9301470588235294 0.9681372549019608 0.024509803921568627 0.02777777777777778
0 0.9313725490196079 0.9395424836601307 0.03431372549019608 0.032679738562091505
0 0.914828431372549 0.9166666666666667 0.01838235294117647 0.0196078431372549
0 0.8890931372549019 0.9109477124183006 0.023284313725490197 0.02777777777777778
0 0.8517156862745098 0.9207516339869282 0.0392156862745098 0.03758169934640523
0 0.8615196078431372 0.8978758169934641 0.02696078431372549 0.024509803921568627
0 0.9724264705882353 0.9705882352941176 0.023284313725490197 0.026143790849673203
0 0.9938725490196079 0.9722222222222222 0.012254901960784314 0.0196078431372549
