0 0.08986928104575163 0.9883578431372549 0.029411764705882353 0.023284313725490197
0 0.05555555555555556 0.9834558823529411 0.022875816993464054 0.023284313725490197
0 0.022058823529411766 0.9650735294117647 0.04084967320261438 0.03799019607843137
0 0.03349673202614379 0.9227941176470588 0.024509803921568627 0.02696078431372549
0 0.010620915032679739 0.8817401960784313 0.01797385620915033 0.04044117647058824
0 0.04820261437908497 0.8737745098039216 0.021241830065359478 0.0196078431372549
0 0.08006535947712419 0.8308823529411764 0.029411764705882353 0.02696078431372549
0 0.04166666666666667 0.8155637254901961 0.02777777777777778 0.030637254901960783
0 0.07107843137254902 0.7996323529411764 0.04084967320261438 0.028186274509803922
0 0.06209150326797386 0.7493872549019608 0.022875816993464054 0.030637254901960783
0 0.09313725490196079 0.6599264705882353 0.029411764705882353 0.04044117647058824
0 0.058823529411764705 0.6617647058823529 0.03594771241830066 0.03431372549019608
0 0.03758169934640523 0.6574754901960784 0.032679738562091505 0.03308823529411765
0 0.013071895424836602 0.6623774509803921 0.022875816993464054 0.020833333333333332
0 0.022875816993464054 0.6795343137254902 0.032679738562091505 0.03308823529411765
0 0.0196078431372549 0.7230392156862745 0.022875816993464054 0.02696078431372549
0 0.035130718954248366 0.7616421568627451 0.02777777777777778 0.025735294117647058
0 0.040032679738562095 0.7873774509803921 0.03758169934640523 0.03799019607843137
0 0.012254901960784314 0.7696078431372549 0.021241830065359478 0.024509803921568627
0 0.01715686274509804 0.7861519607843137 0.021241830065359478 0.020833333333333332
0 0.06699346405228758 0.6881127450980392 0.026143790849673203 0.028186274509803922
0 0.06127450980392157 0.7775735294117647 0.02777777777777778 0.020833333333333332
0 0.0784313725490196 0.9044117647058824 0.026143790849673203 0.014705882352941176
0 0.08496732026143791 0.9154411764705882 0.022875816993464054 0.0196078431372549
0 0.1119281045751634 0.9105392156862745 0.024509803921568627 0.0196078431372549
0 0.07761437908496732 0.9350490196078431 0.01797385620915033 0.0196078431372549
0 0.09803921568627451 0.9387254901960784 0.0196078431372549 0.022058823529411763
0 0.006535947712418301 0.6470588235294118 0.00980392156862745 0.0196078431372549
0 0.03431372549019608 0.7077205882352942 0.022875816993464054 0.023284313725490197
0 0.005718954248366014 0.7212009803921569 0.008169934640522876 0.013480392156862746
0 0.01388888888888889 0.7389705882352942 0.024509803921568627 0.01715686274509804
0 0.03758169934640523 0.7408088235294118 0.026143790849673203 0.020833333333333332
0 0.01715686274509804 0.7524509803921569 0.01797385620915033 0.0196078431372549
0 0.011437908496732027 0.7702205882352942 0.0196078431372549 0.020833333333333332
0 0.024509803921568627 0.8033088235294118 0.016339869281045753 0.01838235294117647
0 0.008169934640522876 0.8075980392156863 0.013071895424836602 0.022058823529411763
0 0.007352941176470588 0.8290441176470588 0.011437908496732027 0.01838235294117647
0 0.022058823529411766 0.829656862745098 0.021241830065359478 0.02696078431372549
0 0.006535947712418301 0.8504901960784313 0.00980392156862745 0.0196078431372549
0 0.06535947712418301 0.8192401960784313 0.022875816993464054 0.01838235294117647
0 0.06045751633986928 0.8363970588235294 0.022875816993464054 0.01838235294117647
0 0.04411764705882353 0.8394607843137255 0.022875816993464054 0.014705882352941176
0 0.02696078431372549 0.8462009803921569 0.02777777777777778 0.013480392156862746
0 0.02042483660130719 0.8566176470588235 0.021241830065359478 0.01715686274509804
0 0.0727124183006536 0.8511029411764706 0.03758169934640523 0.015931372549019607
0 0.049019607843137254 0.8529411764705882 0.016339869281045753 0.01715686274509804
0 0.035130718954248366 0.8670343137254902 0.01797385620915033 0.01838235294117647
0 0.06944444444444445 0.866421568627451 0.02777777777777778 0.014705882352941176
0 0.09722222222222222 0.8707107843137255 0.021241830065359478 0.023284313725490197
0 0.07679738562091504 0.8792892156862745 0.0196078431372549 0.01838235294117647
0 0.058823529411764705 0.8823529411764706 0.016339869281045753 0.0196078431372549
0 0.04493464052287582 0.8939950980392156 0.03431372549019608 0.020833333333333332
0 0.09803921568627451 0.892156862745098 0.022875816993464054 0.022058823529411763
0 0.02369281045751634 0.9044117647058824 0.02777777777777778 0.0196078431372549
0 0.05473856209150327 0.914828431372549 0.021241830065359478 0.01838235294117647
0 0.049019607843137254 0.9295343137254902 0.029411764705882353 0.015931372549019607
0 0.018790849673202614 0.9313725490196079 0.021241830065359478 0.022058823529411763
0 0.04166666666666667 0.9436274509803921 0.03104575163398693 0.01715686274509804
0 0.006535947712418301 0.9142156862745098 0.00980392156862745 0.0196078431372549
0 0.04084967320261438 0.9613970588235294 0.0196078431372549 0.020833333333333332
0 0.059640522875817 0.9638480392156863 0.021241830065359478 0.020833333333333332
0 0.022875816993464054 0.9871323529411764 0.029411764705882353 0.013480392156862746
