0 0.9810049019607843 0.016339869281045753 0.028186274509803922 0.029411764705882353
0 0.9810049019607843 0.05555555555555556 0.03799019607843137 0.05555555555555556
0 0.9522058823529411 0.021241830065359478 0.02696078431372549 0.026143790849673203
0 0.9558823529411764 0.04411764705882353 0.02696078431372549 0.026143790849673203
0 0.9491421568627451 0.0857843137254902 0.03308823529411765 0.02777777777777778
0 0.9846813725490196 0.11519607843137256 0.030637254901960783 0.07026143790849673
0 0.9509803921568627 0.12908496732026145 0.031862745098039214 0.058823529411764705
0 0.9123774509803921 0.10049019607843138 0.03553921568627451 0.04084967320261438
0 0.8792892156862745 0.07924836601307189 0.03308823529411765 0.03431372549019608
0 0.7095588235294118 0.018790849673202614 0.08333333333333333 0.03431372549019608
0 0.7965686274509803 0.028594771241830068 0.051470588235294115 0.04738562091503268
0 0.8314950980392157 0.03594771241830066 0.028186274509803922 0.022875816993464054
0 0.8462009803921569 0.06535947712418301 0.04044117647058824 0.0392156862745098
0 0.8143382352941176 0.06290849673202614 0.030637254901960783 0.02777777777777778
0 0.7922794117647058 0.0661764705882353 0.030637254901960783 0.03104575163398693
0 0.7530637254901961 0.08169934640522876 0.07965686274509803 0.058823529411764705
0 0.7334558823529411 0.13480392156862744 0.07475490196078431 0.08006535947712419
0 0.7775735294117647 0.11683006535947713 0.025735294117647058 0.03758169934640523
0 0.7867647058823529 0.14787581699346405 0.029411764705882353 0.02777777777777778
0 0.8241421568627451 0.12091503267973856 0.07475490196078431 0.06862745098039216
0 0.8688725490196079 0.11029411764705882 0.041666666666666664 0.03758169934640523
0 0.8860294117647058 0.1576797385620915 0.05392156862745098 0.06045751633986928
0 0.9240196078431372 0.18218954248366015 0.029411764705882353 0.02777777777777778
0 0.9246323529411764 0.16339869281045752 0.03553921568627451 0.032679738562091505
0 0.8376225490196079 0.16258169934640523 0.028186274509803922 0.021241830065359478
0 0.8511029411764706 0.1854575163398693 0.04534313725490196 0.03431372549019608
0 0.8958333333333334 0.20833333333333334 0.03431372549019608 0.02777777777777778
0 0.8063725490196079 0.1642156862745098 0.031862745098039214 0.02777777777777778
0 0.6519607843137255 0.011437908496732027 0.02696078431372549 0.0196078431372549
0 0.664828431372549 0.02777777777777778 0.030637254901960783 0.022875816993464054
0 0.6911764705882353 0.06454248366013073 0.031862745098039214 0.03104575163398693
0 0.5735294117647058 0.008986928104575164 0.04656862745098039 0.014705882352941176
0 0.5888480392156863 0.022875816993464054 0.03553921568627451 0.026143790849673203
0 0.6299019607843137 0.026143790849673203 0.049019607843137254 0.042483660130718956
0 0.602328431372549 0.04738562091503268 0.03553921568627451 0.032679738562091505
0 0.5661764705882353 0.03022875816993464 0.022058823529411763 0.03758169934640523
0 0.579656862745098 0.06290849673202614 0.03431372549019608 0.03104575163398693
0 0.4803921568627451 0.013071895424836602 0.029411764705882353 0.022875816993464054
0 0.5177696078431373 0.05065359477124183 0.07230392156862744 0.07189542483660132
0 0.46629901960784315 0.0392156862745098 0.05759803921568627 0.04575163398692811
0 0.4068627450980392 0.022875816993464054 0.03676470588235294 0.022875816993464054
0 0.3995098039215686 0.06127450980392157 0.09068627450980392 0.06045751633986928
0 0.46629901960784315 0.07761437908496732 0.03308823529411765 0.03104575163398693
0 0.44424019607843135 0.0923202614379085 0.025735294117647058 0.02777777777777778
0 0.48590686274509803 0.10130718954248366 0.030637254901960783 0.03594771241830066
0 0.4650735294117647 0.13316993464052287 0.03553921568627451 0.02777777777777778
0 0.4209558823529412 0.14624183006535948 0.08700980392156862 0.06045751633986928
0 0.36703431372549017 0.08660130718954248 0.05269607843137255 0.042483660130718956
0 0.2616421568627451 0.03349673202614379 0.04044117647058824 0.04411764705882353
0 0.3082107843137255 0.058823529411764705 0.06004901960784314 0.05555555555555556
0 0.26838235294117646 0.06127450980392157 0.03676470588235294 0.02777777777777778
0 0.25306372549019607 0.10866013071895425 0.03308823529411765 0.024509803921568627
0 0.3694852941176471 0.008169934640522876 0.03553921568627451 0.013071895424836602
0 0.9350490196078431 0.5669934640522876 0.0392156862745098 0.0392156862745098
0 0.9846813725490196 0.7026143790849674 0.030637254901960783 0.042483660130718956
0 0.9595588235294118 0.6666666666666667 0.031862745098039214 0.032679738562091505
0 0.9381127450980392 0.684640522875817 0.0625 0.05555555555555556
0 0.9154411764705882 0.7107843137254902 0.061274509803921566 0.0392156862745098
0 0.9050245098039216 0.6339869281045751 0.04044117647058824 0.04575163398692811
0 0.866421568627451 0.6413398692810458 0.061274509803921566 0.06372549019607843
0 0.8143382352941176 0.6339869281045751 0.0428921568627451 0.03594771241830066
0 0.8321078431372549 0.6813725490196079 0.06372549019607843 0.04575163398692811
0 0.6825980392156863 0.6854575163398693 0.09068627450980392 0.06699346405228758
0 0.6274509803921569 0.6862745098039216 0.02696078431372549 0.042483660130718956
0 0.5943627450980392 0.630718954248366 0.029411764705882353 0.032679738562091505
0 0.5435049019607843 0.6184640522875817 0.07230392156862744 0.06045751633986928
0 0.5759803921568627 0.6805555555555556 0.08823529411764705 0.06372549019607843
0 0.5183823529411765 0.6805555555555556 0.0392156862745098 0.03104575163398693
0 0.40931372549019607 0.5890522875816994 0.061274509803921566 0.04738562091503268
0 0.4325980392156863 0.6290849673202614 0.0857843137254902 0.07189542483660132
0 0.36703431372549017 0.6086601307189543 0.05024509803921569 0.04738562091503268
0 0.32598039215686275 0.6225490196078431 0.058823529411764705 0.05228758169934641
0 0.9834558823529411 0.3651960784313726 0.03308823529411765 0.04411764705882353
0 0.9816176470588235 0.4076797385620915 0.03676470588235294 0.03431372549019608
0 0.9534313725490196 0.4215686274509804 0.044117647058823525 0.03594771241830066
0 0.9497549019607843 0.37173202614379086 0.03431372549019608 0.02777777777777778
0 0.9025735294117647 0.33496732026143794 0.03308823529411765 0.029411764705882353
0 0.9166666666666666 0.36356209150326796 0.029411764705882353 0.03104575163398693
0 0.892156862745098 0.35784313725490197 0.03431372549019608 0.032679738562091505
0 0.8118872549019608 0.38480392156862747 0.030637254901960783 0.04084967320261438
0 0.7751225490196079 0.3562091503267974 0.030637254901960783 0.05228758169934641
0 0.7475490196078431 0.35866013071895425 0.031862745098039214 0.05392156862745098
0 0.7230392156862745 0.34558823529411764 0.03676470588235294 0.057189542483660136
0 0.6930147058823529 0.3178104575163399 0.03308823529411765 0.03104575163398693
0 0.6415441176470588 0.06045751633986928 0.03308823529411765 0.029411764705882353
