0 0.5964052287581699 0.3075980392156863 0.049019607843137254 0.024509803921568627
0 0.625 0.28860294117647056 0.04411764705882353 0.028186274509803922
0 0.6486928104575164 0.3272058823529412 0.05228758169934641 0.029411764705882353
0 0.7009803921568628 0.33455882352941174 0.05228758169934641 0.024509803921568627
0 0.7467320261437909 0.34558823529411764 0.042483660130718956 0.029411764705882353
0 0.7867647058823529 0.32169117647058826 0.05392156862745098 0.04044117647058824
0 0.7058823529411765 0.4068627450980392 0.05228758169934641 0.03676470588235294
0 0.7614379084967321 0.4154411764705882 0.04575163398692811 0.0392156862745098
0 0.7467320261437909 0.2757352941176471 0.058823529411764705 0.0392156862745098
0 0.698529411764706 0.29534313725490197 0.10294117647058824 0.06862745098039216
