0 0.6636029411764706 0.2246732026143791 0.025735294117647058 0.04411764705882353
0 0.6439950980392157 0.21241830065359477 0.020833333333333332 0.042483660130718956
0 0.6458333333333334 0.16584967320261437 0.031862745098039214 0.04411764705882353
0 0.6139705882352942 0.15441176470588236 0.044117647058823525 0.06372549019607843
0 0.5814950980392157 0.13480392156862744 0.023284313725490197 0.03431372549019608
0 0.6568627450980392 0.09150326797385622 0.03431372549019608 0.058823529411764705
0 0.6176470588235294 0.07761437908496732 0.049019607843137254 0.04084967320261438
0 0.5533088235294118 0.08660130718954248 0.03799019607843137 0.049019607843137254
0 0.5870098039215687 0.09722222222222222 0.03676470588235294 0.05392156862745098
0 0.5692401960784313 0.06944444444444445 0.03553921568627451 0.03104575163398693
0 0.5337009803921569 0.03839869281045752 0.03308823529411765 0.05392156862745098
0 0.5631127450980392 0.028594771241830068 0.030637254901960783 0.05392156862745098
0 0.5876225490196079 0.01715686274509804 0.03308823529411765 0.03104575163398693
0 0.6225490196078431 0.022058823529411766 0.041666666666666664 0.04084967320261438
0 0.4987745098039216 0.015522875816993464 0.03676470588235294 0.02777777777777778
0 0.6127450980392157 0.03839869281045752 0.02696078431372549 0.03431372549019608
0 0.5894607843137255 0.04084967320261438 0.029411764705882353 0.03594771241830066
0 0.6341911764705882 0.1119281045751634 0.025735294117647058 0.03431372549019608
