0 0.20915032679738563 0.5435049019607843 0.05555555555555556 0.03553921568627451
0 0.15441176470588236 0.5569852941176471 0.05392156862745098 0.04044117647058824
0 0.10212418300653595 0.5514705882352942 0.05065359477124183 0.03431372549019608
0 0.09395424836601307 0.6053921568627451 0.03758169934640523 0.024509803921568627
0 0.11601307189542484 0.5955882352941176 0.03594771241830066 0.041666666666666664
0 0.1650326797385621 0.6299019607843137 0.04575163398692811 0.02696078431372549
0 0.667483660130719 0.6801470588235294 0.05065359477124183 0.02696078431372549
0 0.7091503267973857 0.6868872549019608 0.058823529411764705 0.03553921568627451
0 0.7687908496732027 0.6997549019607843 0.05392156862745098 0.03431372549019608
0 0.7745098039215687 0.7787990196078431 0.058823529411764705 0.028186274509803922
0 0.8186274509803921 0.7732843137254902 0.05228758169934641 0.03431372549019608
0 0.7026143790849674 0.7696078431372549 0.058823529411764705 0.031862745098039214
0 0.7099673202614379 0.8161764705882353 0.06045751633986928 0.03431372549019608
0 0.09722222222222222 0.7714460784313726 0.057189542483660136 0.04044117647058824
0 0.059640522875817 0.7389705882352942 0.06045751633986928 0.03431372549019608
0 0.021241830065359478 0.7291666666666666 0.0392156862745098 0.02696078431372549
0 0.13562091503267976 0.8314950980392157 0.049019607843137254 0.030637254901960783
0 0.16258169934640523 0.8449754901960784 0.05392156862745098 0.028186274509803922
0 0.2549019607843137 0.8688725490196079 0.049019607843137254 0.031862745098039214
0 0.2834967320261438 0.8535539215686274 0.04411764705882353 0.04044117647058824
0 0.36601307189542487 0.8719362745098039 0.058823529411764705 0.028186274509803922
0 0.411764705882353 0.8645833333333334 0.042483660130718956 0.03308823529411765
0 0.44607843137254904 0.8676470588235294 0.05555555555555556 0.02696078431372549
0 0.6102941176470589 0.8486519607843137 0.06699346405228758 0.03553921568627451
0 0.4803921568627451 0.8811274509803921 0.049019607843137254 0.029411764705882353
0 0.44689542483660133 0.892156862745098 0.06045751633986928 0.03431372549019608
0 0.32679738562091504 0.8535539215686274 0.05555555555555556 0.028186274509803922
0 0.04656862745098039 0.8431372549019608 0.05392156862745098 0.02696078431372549
0 0.07434640522875817 0.8584558823529411 0.05392156862745098 0.03553921568627451
0 0.06781045751633988 0.8811274509803921 0.07026143790849673 0.031862745098039214
0 0.08660130718954248 0.9056372549019608 0.058823529411764705 0.03676470588235294
0 0.15849673202614378 0.9270833333333334 0.0784313725490196 0.04044117647058824
0 0.1642156862745098 0.9595588235294118 0.08006535947712419 0.041666666666666664
0 0.09803921568627451 0.9656862745098039 0.058823529411764705 0.03431372549019608
0 0.2107843137254902 0.96875 0.05228758169934641 0.028186274509803922
0 0.24673202614379086 0.9871323529411764 0.06209150326797386 0.025735294117647058
0 0.30718954248366015 0.977328431372549 0.06209150326797386 0.03308823529411765
0 0.3104575163398693 0.9430147058823529 0.049019607843137254 0.03308823529411765
0 0.43137254901960786 0.9191176470588235 0.04575163398692811 0.02696078431372549
0 0.41830065359477125 0.9528186274509803 0.04575163398692811 0.03553921568627451
0 0.3839869281045752 0.9552696078431372 0.049019607843137254 0.030637254901960783
0 0.3741830065359477 0.9785539215686274 0.08496732026143791 0.0428921568627451
0 0.5089869281045751 0.9387254901960784 0.04411764705882353 0.031862745098039214
0 0.5204248366013072 0.9681372549019608 0.03431372549019608 0.03431372549019608
0 0.5751633986928105 0.9638480392156863 0.09477124183006536 0.04779411764705882
0 0.6936274509803921 0.8756127450980392 0.06045751633986928 0.03308823529411765
0 0.7320261437908497 0.866421568627451 0.05228758169934641 0.03676470588235294
0 0.763888888888889 0.8700980392156863 0.04738562091503268 0.031862745098039214
0 0.7295751633986929 0.8878676470588235 0.057189542483660136 0.030637254901960783
0 0.7851307189542484 0.8872549019607843 0.08333333333333334 0.044117647058823525
0 0.8627450980392157 0.8682598039215687 0.08169934640522876 0.0428921568627451
0 0.8823529411764706 0.8933823529411764 0.049019607843137254 0.031862745098039214
0 0.8382352941176471 0.8897058823529411 0.05228758169934641 0.031862745098039214
0 0.8504901960784313 0.9301470588235294 0.08660130718954248 0.056372549019607844
0 0.7687908496732027 0.9117647058823529 0.07679738562091504 0.044117647058823525
0 0.7736928104575164 0.9405637254901961 0.09640522875816994 0.03799019607843137
0 0.6821895424836601 0.9080882352941176 0.04738562091503268 0.044117647058823525
0 0.9517973856209151 0.9466911764705882 0.06045751633986928 0.04534313725490196
0 0.7107843137254902 0.9332107843137255 0.07189542483660132 0.03553921568627451
0 0.01797385620915033 0.5575980392156863 0.032679738562091505 0.03431372549019608
0 0.18382352941176472 0.5643382352941176 0.03431372549019608 0.023284313725490197
0 0.1772875816993464 0.6035539215686274 0.09967320261437909 0.0428921568627451
0 0.5171568627450981 0.9044117647058824 0.05065359477124183 0.02696078431372549
0 0.7941176470588236 0.9736519607843137 0.058823529411764705 0.023284313725490197
0 0.6397058823529412 0.9479166666666666 0.04084967320261438 0.030637254901960783
0 0.4575163398692811 0.9399509803921569 0.04575163398692811 0.022058823529411763
0 0.46895424836601307 0.9589460784313726 0.042483660130718956 0.01838235294117647
0 0.43300653594771243 0.977328431372549 0.042483660130718956 0.023284313725490197
0 0.4763071895424837 0.9791666666666666 0.03431372549019608 0.029411764705882353
0 0.7336601307189543 0.6721813725490196 0.049019607843137254 0.028186274509803922
0 0.018790849673202614 0.7475490196078431 0.03431372549019608 0.022058823529411763
0 0.012254901960784314 0.8792892156862745 0.021241830065359478 0.030637254901960783
0 0.012254901960784314 0.8406862745098039 0.021241830065359478 0.02696078431372549
0 0.5563725490196079 0.9295343137254902 0.03431372549019608 0.023284313725490197
0 0.03758169934640523 0.96875 0.06862745098039216 0.04044117647058824
0 0.08088235294117647 0.9877450980392156 0.03758169934640523 0.022058823529411763
0 0.12826797385620917 0.9840686274509803 0.04738562091503268 0.022058823529411763
0 0.34395424836601307 0.9332107843137255 0.05065359477124183 0.020833333333333332
0 0.38562091503267976 0.9252450980392156 0.04575163398692811 0.022058823529411763
0 0.5972222222222222 0.985906862745098 0.06045751633986928 0.025735294117647058
0 0.6642156862745098 0.9761029411764706 0.06045751633986928 0.020833333333333332
0 0.6397058823529412 0.991421568627451 0.03431372549019608 0.014705882352941176
