0 0.31004901960784315 0.7205882352941176 0.044117647058823525 0.04575163398692811
0 0.07230392156862744 0.7189542483660131 0.051470588235294115 0.042483660130718956
0 0.0661764705882353 0.7785947712418301 0.03676470588235294 0.05065359477124183
0 0.07291666666666667 0.8186274509803921 0.04534313725490196 0.04575163398692811
0 0.15931372549019607 0.7598039215686275 0.07598039215686274 0.07189542483660132
0 0.22549019607843138 0.7491830065359477 0.0392156862745098 0.04084967320261438
0 0.20894607843137256 0.7916666666666667 0.03308823529411765 0.05065359477124183
0 0.24877450980392157 0.8014705882352942 0.06372549019607843 0.057189542483660136
0 0.25612745098039214 0.8464052287581699 0.08333333333333333 0.06862745098039216
0 0.20526960784313725 0.8415032679738562 0.04534313725490196 0.049019607843137254
0 0.1764705882352941 0.8472222222222222 0.031862745098039214 0.02777777777777778
0 0.023284313725490197 0.8774509803921569 0.044117647058823525 0.042483660130718956
0 0.034926470588235295 0.9199346405228759 0.06495098039215687 0.06862745098039216
0 0.028799019607843136 0.9616013071895425 0.05514705882352941 0.06045751633986928
0 0.08700980392156862 0.954248366013072 0.07352941176470588 0.058823529411764705
0 0.11887254901960784 0.9052287581699346 0.0784313725490196 0.0784313725490196
0 0.17830882352941177 0.9207516339869282 0.06495098039215687 0.06045751633986928
0 0.2193627450980392 0.9142156862745099 0.02696078431372549 0.03758169934640523
0 0.2181372549019608 0.9387254901960784 0.03431372549019608 0.03104575163398693
0 0.18933823529411764 0.9550653594771242 0.0428921568627451 0.03104575163398693
0 0.2071078431372549 0.9795751633986929 0.0392156862745098 0.03431372549019608
0 0.2708333333333333 0.9444444444444444 0.04656862745098039 0.04575163398692811
0 0.2800245098039216 0.9820261437908497 0.04779411764705882 0.03594771241830066
0 0.34558823529411764 0.8447712418300654 0.03431372549019608 0.03594771241830066
0 0.3694852941176471 0.8227124183006537 0.04044117647058824 0.03758169934640523
0 0.4111519607843137 0.9215686274509804 0.03799019607843137 0.03594771241830066
0 0.36519607843137253 0.9575163398692811 0.044117647058823525 0.049019607843137254
0 0.43504901960784315 0.8423202614379085 0.04656862745098039 0.04084967320261438
0 0.4797794117647059 0.7973856209150327 0.05759803921568627 0.05228758169934641
0 0.47058823529411764 0.9084967320261438 0.08333333333333333 0.05228758169934641
0 0.47120098039215685 0.9501633986928105 0.06004901960784314 0.04411764705882353
0 0.4528186274509804 0.9803921568627452 0.06985294117647059 0.0392156862745098
0 0.5263480392156863 0.9452614379084968 0.06495098039215687 0.05392156862745098
0 0.5649509803921569 0.8905228758169935 0.056372549019607844 0.05555555555555556
0 0.6292892156862745 0.954248366013072 0.07230392156862744 0.06535947712418301
0 0.6691176470588235 0.9746732026143791 0.049019607843137254 0.05065359477124183
0 0.7034313725490196 0.928921568627451 0.05392156862745098 0.057189542483660136
0 0.6709558823529411 0.8937908496732027 0.05514705882352941 0.049019607843137254
0 0.6568627450980392 0.7728758169934641 0.041666666666666664 0.07516339869281045
0 0.5980392156862745 0.704248366013072 0.0392156862745098 0.05228758169934641
0 0.7015931372549019 0.7197712418300654 0.04534313725490196 0.04084967320261438
0 0.7604166666666666 0.869281045751634 0.05024509803921569 0.049019607843137254
0 0.7628676470588235 0.9370915032679739 0.05514705882352941 0.05065359477124183
0 0.7218137254901961 0.9705882352941176 0.0392156862745098 0.032679738562091505
0 0.7138480392156863 0.9852941176470589 0.06985294117647059 0.029411764705882353
0 0.7720588235294118 0.9697712418300654 0.044117647058823525 0.04411764705882353
0 0.8008578431372549 0.9509803921568628 0.025735294117647058 0.032679738562091505
0 0.789828431372549 0.9877450980392157 0.030637254901960783 0.024509803921568627
0 0.8118872549019608 0.9869281045751634 0.03799019607843137 0.026143790849673203
0 0.8327205882352942 0.9534313725490197 0.05514705882352941 0.06372549019607843
0 0.8756127450980392 0.934640522875817 0.04534313725490196 0.049019607843137254
0 0.9344362745098039 0.9240196078431373 0.03799019607843137 0.06699346405228758
0 0.9730392156862745 0.9787581699346406 0.031862745098039214 0.029411764705882353
0 0.5723039215686274 0.9877450980392157 0.041666666666666664 0.024509803921568627
0 0.09926470588235294 0.7720588235294118 0.02696078431372549 0.04411764705882353
0 0.11519607843137254 0.7606209150326798 0.022058823529411763 0.03758169934640523
0 0.10845588235294118 0.8439542483660131 0.03553921568627451 0.03431372549019608
0 0.1403186274509804 0.8529411764705883 0.03308823529411765 0.029411764705882353
0 0.1292892156862745 0.9468954248366014 0.03553921568627451 0.02777777777777778
0 0.1868872549019608 0.8782679738562091 0.025735294117647058 0.03104575163398693
0 0.23284313725490197 0.9517973856209151 0.029411764705882353 0.03758169934640523
0 0.26286764705882354 0.9027777777777778 0.06740196078431372 0.05392156862745098
0 0.36703431372549017 0.9918300653594772 0.03553921568627451 0.016339869281045753
0 0.5765931372549019 0.9460784313725491 0.04534313725490196 0.04575163398692811
