0 0.24816176470588236 0.8464052287581699 0.06740196078431372 0.06209150326797386
0 0.22487745098039216 0.8880718954248367 0.03799019607843137 0.03104575163398693
0 0.21384803921568626 0.9158496732026145 0.03308823529411765 0.03758169934640523
0 0.22181372549019607 0.9436274509803921 0.03676470588235294 0.03431372549019608
0 0.13419117647058823 0.9003267973856209 0.030637254901960783 0.049019607843137254
0 0.16299019607843138 0.9583333333333334 0.08823529411764705 0.08333333333333334
0 0.517156862745098 0.9125816993464052 0.029411764705882353 0.03431372549019608
0 0.5588235294117647 0.9052287581699346 0.061274509803921566 0.04575163398692811
0 0.5784313725490196 0.9460784313725491 0.07352941176470588 0.06209150326797386
0 0.5526960784313726 0.9779411764705883 0.04656862745098039 0.03758169934640523
0 0.5073529411764706 0.9632352941176471 0.0392156862745098 0.04738562091503268
0 0.48161764705882354 0.9444444444444444 0.04656862745098039 0.049019607843137254
