0 0.9117647058823529 0.3112745098039216 0.044117647058823525 0.08006535947712419
0 0.46691176470588236 0.6045751633986929 0.029411764705882353 0.05555555555555556
0 0.9724264705882353 0.25653594771241833 0.020833333333333332 0.029411764705882353
0 0.9656862745098039 0.28513071895424835 0.024509803921568627 0.03758169934640523
0 0.985906862745098 0.2769607843137255 0.023284313725490197 0.04411764705882353
0 0.9828431372549019 0.315359477124183 0.03431372549019608 0.042483660130718956
0 0.9810049019607843 0.34395424836601307 0.025735294117647058 0.02777777777777778
0 0.9895833333333334 0.3643790849673203 0.020833333333333332 0.032679738562091505
0 0.9656862745098039 0.4542483660130719 0.024509803921568627 0.049019607843137254
0 0.9111519607843137 0.4534313725490196 0.03308823529411765 0.06699346405228758
0 0.7745098039215687 0.8300653594771242 0.01715686274509804 0.029411764705882353
0 0.7475490196078431 0.6176470588235294 0.024509803921568627 0.029411764705882353
0 0.8927696078431372 0.4714052287581699 0.01838235294117647 0.02777777777777778
0 0.8817401960784313 0.4411764705882353 0.025735294117647058 0.029411764705882353
0 0.8854166666666666 0.42320261437908496 0.020833333333333332 0.029411764705882353
0 0.9154411764705882 0.41258169934640526 0.022058823529411763 0.03431372549019608
0 0.9301470588235294 0.4795751633986928 0.0196078431372549 0.04411764705882353
0 0.9411764705882353 0.4428104575163399 0.031862745098039214 0.06209150326797386
0 0.9577205882352942 0.4035947712418301 0.04044117647058824 0.06535947712418301
0 0.9969362745098039 0.2973856209150327 0.006127450980392157 0.0196078431372549
