0 0.04411764705882353 0.5177696078431373 0.026143790849673203 0.025735294117647058
0 0.042483660130718956 0.5367647058823529 0.022875816993464054 0.022058823529411763
0 0.011437908496732027 0.48590686274509803 0.0196078431372549 0.023284313725490197
0 0.0196078431372549 0.5061274509803921 0.0196078431372549 0.0196078431372549
0 0.021241830065359478 0.5251225490196079 0.022875816993464054 0.01838235294117647
0 0.024509803921568627 0.5416666666666666 0.022875816993464054 0.022058823529411763
0 0.03594771241830066 0.5667892156862745 0.026143790849673203 0.023284313725490197
0 0.04411764705882353 0.5870098039215687 0.026143790849673203 0.0196078431372549
0 0.04493464052287582 0.6029411764705882 0.021241830065359478 0.024509803921568627
0 0.015522875816993464 0.5582107843137255 0.02777777777777778 0.015931372549019607
0 0.02042483660130719 0.5704656862745098 0.021241830065359478 0.01838235294117647
0 0.025326797385620915 0.5863970588235294 0.01797385620915033 0.01838235294117647
0 0.018790849673202614 0.6035539215686274 0.024509803921568627 0.020833333333333332
0 0.025326797385620915 0.6207107843137255 0.021241830065359478 0.020833333333333332
0 0.029411764705882353 0.6372549019607843 0.016339869281045753 0.01715686274509804
0 0.016339869281045753 0.6317401960784313 0.0196078431372549 0.01838235294117647
0 0.010620915032679739 0.6488970588235294 0.01797385620915033 0.028186274509803922
0 0.007352941176470588 0.6715686274509803 0.011437908496732027 0.022058823529411763
0 0.005718954248366014 0.5030637254901961 0.008169934640522876 0.01838235294117647
0 0.007352941176470588 0.5208333333333334 0.011437908496732027 0.0196078431372549
0 0.00980392156862745 0.5821078431372549 0.016339869281045753 0.01715686274509804
