0 0.10661764705882353 0.5841503267973857 0.041666666666666664 0.07352941176470588
0 0.14644607843137256 0.6552287581699346 0.0428921568627451 0.06535947712418301
0 0.09987745098039215 0.6552287581699346 0.05024509803921569 0.0784313725490196
0 0.023284313725490197 0.6968954248366013 0.044117647058823525 0.07352941176470588
0 0.04044117647058824 0.7246732026143791 0.051470588235294115 0.08660130718954248
0 0.07720588235294118 0.7140522875816994 0.031862745098039214 0.06535947712418301
0 0.11213235294117647 0.7050653594771242 0.03308823529411765 0.057189542483660136
0 0.11029411764705882 0.7508169934640523 0.044117647058823525 0.06045751633986928
0 0.1403186274509804 0.763888888888889 0.05024509803921569 0.06699346405228758
0 0.056372549019607844 0.7900326797385621 0.031862745098039214 0.06372549019607843
0 0.03002450980392157 0.8071895424836601 0.01838235294117647 0.049019607843137254
0 0.06862745098039216 0.8545751633986929 0.061274509803921566 0.10784313725490197
0 0.017769607843137254 0.9436274509803921 0.03308823529411765 0.04738562091503268
0 0.09313725490196079 0.9019607843137255 0.03676470588235294 0.06862745098039216
0 0.12254901960784313 0.9035947712418301 0.03431372549019608 0.05555555555555556
0 0.12377450980392157 0.9714052287581699 0.029411764705882353 0.04411764705882353
0 0.00980392156862745 0.8088235294117647 0.01715686274509804 0.042483660130718956
0 0.026348039215686275 0.8423202614379085 0.03553921568627451 0.04411764705882353
0 0.024509803921568627 0.8946078431372549 0.03676470588235294 0.06045751633986928
0 0.10600490196078431 0.9436274509803921 0.020833333333333332 0.04738562091503268
0 0.04963235294117647 0.9305555555555556 0.03308823529411765 0.05065359477124183
0 0.0741421568627451 0.9526143790849674 0.03308823529411765 0.06862745098039216
0 0.00980392156862745 0.9795751633986929 0.01715686274509804 0.03104575163398693
0 0.03860294117647059 0.9812091503267975 0.04044117647058824 0.03758169934640523
0 0.06678921568627451 0.9926470588235294 0.020833333333333332 0.014705882352941176
