0 0.45036764705882354 0.4493464052287582 0.03799019607843137 0.03594771241830066
0 0.44730392156862747 0.4803921568627451 0.04656862745098039 0.03594771241830066
0 0.45894607843137253 0.5187908496732027 0.030637254901960783 0.04084967320261438
0 0.4877450980392157 0.5212418300653595 0.03676470588235294 0.04575163398692811
0 0.4963235294117647 0.5563725490196079 0.044117647058823525 0.03758169934640523
0 0.5238970588235294 0.5800653594771242 0.023284313725490197 0.04575163398692811
0 0.5471813725490196 0.6029411764705882 0.03799019607843137 0.049019607843137254
0 0.4332107843137255 0.5947712418300654 0.023284313725490197 0.04575163398692811
0 0.47120098039215685 0.6013071895424836 0.06004901960784314 0.11111111111111112
0 0.508578431372549 0.6021241830065359 0.02696078431372549 0.04411764705882353
0 0.5287990196078431 0.6241830065359477 0.03553921568627451 0.03594771241830066
0 0.6133578431372549 0.6691176470588236 0.03799019607843137 0.06699346405228758
0 0.6378676470588235 0.678921568627451 0.030637254901960783 0.04084967320261438
0 0.6452205882352942 0.5645424836601307 0.03799019607843137 0.057189542483660136
0 0.6709558823529411 0.5702614379084967 0.023284313725490197 0.042483660130718956
0 0.6875 0.5980392156862745 0.041666666666666664 0.0392156862745098
0 0.7126225490196079 0.5743464052287582 0.06740196078431372 0.05065359477124183
0 0.6948529411764706 0.5318627450980392 0.041666666666666664 0.03431372549019608
0 0.7647058823529411 0.4763071895424837 0.03431372549019608 0.03431372549019608
0 0.7806372549019608 0.5049019607843137 0.029411764705882353 0.042483660130718956
0 0.9681372549019608 0.16339869281045752 0.029411764705882353 0.042483660130718956
0 0.9534313725490196 0.34068627450980393 0.022058823529411763 0.04084967320261438
0 0.9797794117647058 0.3562091503267974 0.03799019607843137 0.03594771241830066
0 0.9264705882352942 0.3472222222222222 0.03431372549019608 0.03104575163398693
0 0.8823529411764706 0.352124183006536 0.06372549019607843 0.06045751633986928
0 0.923406862745098 0.39869281045751637 0.07475490196078431 0.06535947712418301
0 0.8780637254901961 0.3929738562091503 0.030637254901960783 0.024509803921568627
0 0.852328431372549 0.3946078431372549 0.03553921568627451 0.024509803921568627
0 0.9877450980392156 0.40931372549019607 0.024509803921568627 0.03758169934640523
0 0.9056372549019608 0.43137254901960786 0.03431372549019608 0.03594771241830066
0 0.9044117647058824 0.4714052287581699 0.0392156862745098 0.03758169934640523
0 0.8541666666666666 0.434640522875817 0.07352941176470588 0.06535947712418301
0 0.8370098039215687 0.47385620915032683 0.029411764705882353 0.032679738562091505
0 0.8143382352941176 0.48447712418300654 0.028186274509803922 0.05392156862745098
0 0.8480392156862745 0.5155228758169935 0.061274509803921566 0.08660130718954248
0 0.8860294117647058 0.5220588235294118 0.02696078431372549 0.02777777777777778
0 0.9136029411764706 0.5277777777777778 0.04044117647058824 0.032679738562091505
0 0.8805147058823529 0.5416666666666666 0.03308823529411765 0.024509803921568627
0 0.8927696078431372 0.5743464052287582 0.06740196078431372 0.05065359477124183
0 0.9497549019607843 0.5334967320261438 0.03431372549019608 0.03758169934640523
0 0.9803921568627451 0.5261437908496732 0.0392156862745098 0.03594771241830066
0 0.9669117647058824 0.565359477124183 0.0661764705882353 0.058823529411764705
0 0.8547794117647058 0.6127450980392157 0.03799019607843137 0.05555555555555556
0 0.8927696078431372 0.613562091503268 0.030637254901960783 0.03104575163398693
0 0.9491421568627451 0.6266339869281046 0.06985294117647059 0.057189542483660136
0 0.9883578431372549 0.6021241830065359 0.023284313725490197 0.04084967320261438
0 0.9669117647058824 0.6830065359477124 0.0661764705882353 0.07189542483660132
0 0.9295343137254902 0.678921568627451 0.025735294117647058 0.04084967320261438
0 0.9191176470588235 0.7132352941176471 0.022058823529411763 0.04084967320261438
0 0.9019607843137255 0.6715686274509804 0.01715686274509804 0.03594771241830066
0 0.9117647058823529 0.6380718954248367 0.03431372549019608 0.03104575163398693
0 0.8743872549019608 0.6968954248366013 0.030637254901960783 0.04084967320261438
0 0.9889705882352942 0.7222222222222222 0.022058823529411763 0.026143790849673203
0 0.9840686274509803 0.7622549019607844 0.031862745098039214 0.06699346405228758
0 0.6531862745098039 0.7124183006535948 0.03431372549019608 0.04575163398692811
0 0.6035539215686274 0.7124183006535948 0.03553921568627451 0.03594771241830066
0 0.04350490196078431 0.678921568627451 0.03553921568627451 0.03758169934640523
0 0.026348039215686275 0.7017973856209151 0.03553921568627451 0.03431372549019608
0 0.07720588235294118 0.883169934640523 0.058823529411764705 0.04738562091503268
0 0.06372549019607843 0.9183006535947713 0.03431372549019608 0.029411764705882353
0 0.015931372549019607 0.888888888888889 0.029411764705882353 0.022875816993464054
0 0.016544117647058824 0.9117647058823529 0.030637254901960783 0.022875816993464054
0 0.014705882352941176 0.948529411764706 0.02696078431372549 0.05392156862745098
0 0.044117647058823525 0.9754901960784313 0.03676470588235294 0.0392156862745098
0 0.1556372549019608 0.9575163398692811 0.031862745098039214 0.042483660130718956
0 0.1605392156862745 0.9820261437908497 0.029411764705882353 0.032679738562091505
0 0.991421568627451 0.2540849673202614 0.01715686274509804 0.05065359477124183
