0 0.13174019607843138 0.8423202614379085 0.06740196078431372 0.06372549019607843
0 0.12806372549019607 0.738562091503268 0.03799019607843137 0.0392156862745098
0 0.10600490196078431 0.7263071895424836 0.030637254901960783 0.02777777777777778
0 0.0900735294117647 0.7426470588235294 0.04044117647058824 0.04084967320261438
0 0.0741421568627451 0.7181372549019608 0.0428921568627451 0.03431372549019608
0 0.08088235294117647 0.6797385620915033 0.061274509803921566 0.049019607843137254
0 0.05698529411764706 0.6519607843137255 0.04779411764705882 0.03594771241830066
0 0.09803921568627451 0.6331699346405228 0.02696078431372549 0.024509803921568627
0 0.06985294117647059 0.6241830065359477 0.04656862745098039 0.032679738562091505
0 0.052083333333333336 0.6086601307189543 0.03553921568627451 0.03104575163398693
0 0.029411764705882353 0.5906862745098039 0.041666666666666664 0.04411764705882353
0 0.041666666666666664 0.7859477124183006 0.056372549019607844 0.03594771241830066
0 0.08149509803921569 0.7933006535947713 0.0428921568627451 0.03104575163398693
0 0.08823529411764705 0.7704248366013072 0.031862745098039214 0.03104575163398693
0 0.11458333333333333 0.7630718954248367 0.03308823529411765 0.03594771241830066
0 0.037377450980392156 0.7189542483660131 0.03553921568627451 0.049019607843137254
0 0.052083333333333336 0.7001633986928105 0.030637254901960783 0.02777777777777778
0 0.04044117647058824 0.6813725490196079 0.029411764705882353 0.032679738562091505
0 0.02267156862745098 0.6617647058823529 0.03308823529411765 0.029411764705882353
0 0.018995098039215685 0.7344771241830066 0.03553921568627451 0.04411764705882353
0 0.04656862745098039 0.815359477124183 0.031862745098039214 0.022875816993464054
0 0.049019607843137254 0.8357843137254902 0.0392156862745098 0.02777777777777778
0 0.0784313725490196 0.8455882352941176 0.0392156862745098 0.03431372549019608
0 0.04963235294117647 0.8562091503267975 0.03553921568627451 0.029411764705882353
0 0.06678921568627451 0.8725490196078431 0.03308823529411765 0.029411764705882353
0 0.04105392156862745 0.8823529411764706 0.03553921568627451 0.03594771241830066
0 0.0196078431372549 0.8602941176470589 0.03431372549019608 0.03104575163398693
0 0.02022058823529412 0.8161764705882353 0.028186274509803922 0.04411764705882353
0 0.12377450980392157 0.5874183006535948 0.044117647058823525 0.04411764705882353
0 0.1017156862745098 0.5767973856209151 0.03676470588235294 0.03594771241830066
0 0.08026960784313725 0.5620915032679739 0.030637254901960783 0.03594771241830066
0 0.06678921568627451 0.5874183006535948 0.03799019607843137 0.03758169934640523
0 0.09803921568627451 0.6070261437908497 0.03431372549019608 0.02777777777777778
0 0.022058823529411763 0.6299019607843137 0.03431372549019608 0.02777777777777778
0 0.00980392156862745 0.698529411764706 0.014705882352941176 0.03104575163398693
0 0.11213235294117647 0.7900326797385621 0.03308823529411765 0.02777777777777778
0 0.03308823529411765 0.7565359477124183 0.03431372549019608 0.022875816993464054
0 0.061887254901960786 0.7516339869281046 0.025735294117647058 0.026143790849673203
