0 0.9197303921568627 0.5473856209150327 0.025735294117647058 0.022875816993464054
0 0.8327205882352942 0.5571895424836601 0.028186274509803922 0.026143790849673203
0 0.9362745098039216 0.5743464052287582 0.031862745098039214 0.03431372549019608
0 0.9558823529411764 0.6013071895424836 0.022058823529411763 0.029411764705882353
0 0.9852941176470588 0.6176470588235294 0.024509803921568627 0.026143790849673203
0 0.9037990196078431 0.5857843137254902 0.03308823529411765 0.02777777777777778
0 0.8731617647058824 0.5915032679738562 0.01838235294117647 0.032679738562091505
0 0.8854166666666666 0.6119281045751634 0.030637254901960783 0.024509803921568627
0 0.8602941176470588 0.6168300653594772 0.02696078431372549 0.03104575163398693
0 0.8406862745098039 0.6323529411764706 0.031862745098039214 0.032679738562091505
0 0.9332107843137255 0.6184640522875817 0.03799019607843137 0.06045751633986928
0 0.9105392156862745 0.6437908496732027 0.031862745098039214 0.026143790849673203
0 0.9240196078431372 0.6576797385620915 0.0196078431372549 0.02777777777777778
0 0.9393382352941176 0.6854575163398693 0.030637254901960783 0.04738562091503268
0 0.9791666666666666 0.6666666666666667 0.041666666666666664 0.049019607843137254
0 0.9871323529411764 0.7165032679738562 0.025735294117647058 0.057189542483660136
0 0.9822303921568627 0.7565359477124183 0.03553921568627451 0.05555555555555556
0 0.8841911764705882 0.6707516339869282 0.03553921568627451 0.03104575163398693
0 0.8511029411764706 0.6838235294117647 0.05024509803921569 0.04411764705882353
0 0.8915441176470588 0.6993464052287582 0.0428921568627451 0.0392156862745098
0 0.9197303921568627 0.7156862745098039 0.0428921568627451 0.032679738562091505
0 0.9485294117647058 0.7679738562091504 0.02696078431372549 0.032679738562091505
0 0.9650735294117647 0.7973856209150327 0.023284313725490197 0.029411764705882353
0 0.9393382352941176 0.8006535947712419 0.028186274509803922 0.03594771241830066
0 0.9080882352941176 0.7736928104575164 0.041666666666666664 0.03431372549019608
0 0.8302696078431372 0.7205882352941176 0.025735294117647058 0.042483660130718956
0 0.8492647058823529 0.7467320261437909 0.0196078431372549 0.03594771241830066
0 0.8688725490196079 0.7785947712418301 0.031862745098039214 0.05065359477124183
0 0.7892156862745098 0.6821895424836601 0.031862745098039214 0.021241830065359478
0 0.7616421568627451 0.6699346405228759 0.028186274509803922 0.022875816993464054
0 0.6917892156862745 0.6478758169934641 0.030637254901960783 0.02777777777777778
0 0.7205882352941176 0.6495098039215687 0.03431372549019608 0.02777777777777778
0 0.7144607843137255 0.6805555555555556 0.056372549019607844 0.04411764705882353
0 0.6881127450980392 0.7140522875816994 0.04044117647058824 0.03594771241830066
0 0.7230392156862745 0.7214052287581699 0.03676470588235294 0.03104575163398693
0 0.7628676470588235 0.7279411764705882 0.05269607843137255 0.04738562091503268
0 0.803921568627451 0.7361111111111112 0.03431372549019608 0.05065359477124183
0 0.8186274509803921 0.7712418300653595 0.0392156862745098 0.029411764705882353
0 0.6537990196078431 0.7287581699346406 0.03553921568627451 0.029411764705882353
0 0.6924019607843137 0.7475490196078431 0.022058823529411763 0.03431372549019608
0 0.5214460784313726 0.6380718954248367 0.025735294117647058 0.03104575163398693
0 0.48590686274509803 0.7794117647058824 0.023284313725490197 0.0392156862745098
0 0.3082107843137255 0.7450980392156863 0.028186274509803922 0.032679738562091505
0 0.3278186274509804 0.7736928104575164 0.03553921568627451 0.03431372549019608
0 0.27205882352941174 0.7450980392156863 0.03676470588235294 0.049019607843137254
0 0.2806372549019608 0.7908496732026145 0.031862745098039214 0.026143790849673203
0 0.20588235294117646 0.6200980392156863 0.031862745098039214 0.03104575163398693
0 0.19362745098039216 0.7050653594771242 0.031862745098039214 0.03104575163398693
0 0.2193627450980392 0.7279411764705882 0.041666666666666664 0.03758169934640523
0 0.20220588235294118 0.755718954248366 0.0392156862745098 0.03758169934640523
0 0.18443627450980393 0.7736928104575164 0.028186274509803922 0.04411764705882353
0 0.1764705882352941 0.7941176470588236 0.024509803921568627 0.026143790849673203
0 0.38112745098039214 0.880718954248366 0.03431372549019608 0.03594771241830066
0 0.24325980392156862 0.8668300653594772 0.03553921568627451 0.03431372549019608
0 0.2738970588235294 0.8872549019607844 0.0428921568627451 0.042483660130718956
0 0.22977941176470587 0.9133986928104575 0.025735294117647058 0.029411764705882353
0 0.18566176470588236 0.9436274509803921 0.03308823529411765 0.04411764705882353
0 0.21752450980392157 0.9820261437908497 0.0625 0.03594771241830066
0 0.022058823529411763 0.7769607843137255 0.029411764705882353 0.04084967320261438
0 0.1488970588235294 0.9836601307189543 0.04044117647058824 0.032679738562091505
0 0.015931372549019607 0.9836601307189543 0.029411764705882353 0.026143790849673203
0 0.3321078431372549 0.9215686274509804 0.031862745098039214 0.029411764705882353
0 0.33026960784313725 0.9558823529411765 0.03308823529411765 0.029411764705882353
0 0.3131127450980392 0.977124183006536 0.028186274509803922 0.026143790849673203
0 0.3431372549019608 0.9754901960784313 0.03431372549019608 0.032679738562091505
0 0.3860294117647059 0.9419934640522876 0.03676470588235294 0.02777777777777778
0 0.4142156862745098 0.9362745098039216 0.022058823529411763 0.03594771241830066
0 0.43566176470588236 0.940359477124183 0.03308823529411765 0.03104575163398693
0 0.4068627450980392 0.9714052287581699 0.051470588235294115 0.03431372549019608
0 0.4895833333333333 0.9436274509803921 0.025735294117647058 0.03758169934640523
0 0.6096813725490196 0.8905228758169935 0.03799019607843137 0.03594771241830066
0 0.6029411764705882 0.923202614379085 0.03676470588235294 0.029411764705882353
0 0.6574754901960784 0.9240196078431373 0.030637254901960783 0.02777777777777778
0 0.6825980392156863 0.9321895424836601 0.029411764705882353 0.03104575163398693
0 0.6341911764705882 0.9477124183006537 0.028186274509803922 0.029411764705882353
0 0.6629901960784313 0.9558823529411765 0.049019607843137254 0.0392156862745098
0 0.5196078431372549 0.9787581699346406 0.02696078431372549 0.026143790849673203
0 0.5490196078431373 0.977124183006536 0.031862745098039214 0.026143790849673203
0 0.5857843137254902 0.9844771241830066 0.03676470588235294 0.03104575163398693
0 0.6017156862745098 0.9681372549019608 0.022058823529411763 0.03431372549019608
0 0.6170343137254902 0.9877450980392157 0.023284313725490197 0.024509803921568627
0 0.6433823529411765 0.9869281045751634 0.029411764705882353 0.026143790849673203
0 0.6697303921568627 0.9852941176470589 0.025735294117647058 0.029411764705882353
0 0.6979166666666666 0.9812091503267975 0.025735294117647058 0.02777777777777778
0 0.7267156862745098 0.9566993464052288 0.02696078431372549 0.024509803921568627
0 0.7291666666666666 0.9820261437908497 0.051470588235294115 0.032679738562091505
0 0.741421568627451 0.8308823529411765 0.029411764705882353 0.03104575163398693
0 0.8125 0.8357843137254902 0.03676470588235294 0.03104575163398693
0 0.7904411764705882 0.9583333333333334 0.029411764705882353 0.02777777777777778
0 0.789828431372549 0.9787581699346406 0.03553921568627451 0.03594771241830066
0 0.9399509803921569 0.8251633986928105 0.02696078431372549 0.026143790849673203
0 0.8939950980392156 0.8145424836601307 0.028186274509803922 0.03431372549019608
0 0.9558823529411764 0.8823529411764706 0.022058823529411763 0.04575163398692811
0 0.9301470588235294 0.9166666666666667 0.02696078431372549 0.022875816993464054
0 0.9154411764705882 0.9428104575163399 0.029411764705882353 0.026143790849673203
0 0.8645833333333334 0.9411764705882353 0.030637254901960783 0.029411764705882353
0 0.9754901960784313 0.9534313725490197 0.041666666666666664 0.03431372549019608
0 0.96875 0.9844771241830066 0.028186274509803922 0.03104575163398693
0 0.9172794117647058 0.9730392156862745 0.03308823529411765 0.03758169934640523
0 0.8939950980392156 0.9746732026143791 0.04779411764705882 0.05065359477124183
0 0.8455882352941176 0.9787581699346406 0.056372549019607844 0.042483660130718956
0 0.9840686274509803 0.977124183006536 0.022058823529411763 0.026143790849673203
0 0.8486519607843137 0.40441176470588236 0.025735294117647058 0.02777777777777778
0 0.7463235294117647 0.3480392156862745 0.041666666666666664 0.03594771241830066
0 0.960171568627451 0.014705882352941176 0.025735294117647058 0.026143790849673203
0 0.17830882352941177 0.46568627450980393 0.03308823529411765 0.05228758169934641
0 0.007965686274509803 0.9566993464052288 0.013480392156862746 0.03104575163398693
0 0.007965686274509803 0.8014705882352942 0.013480392156862746 0.02777777777777778
0 0.00857843137254902 0.8709150326797386 0.014705882352941176 0.029411764705882353
0 0.9822303921568627 0.8308823529411765 0.03553921568627451 0.04084967320261438
0 0.9883578431372549 0.798202614379085 0.023284313725490197 0.02777777777777778
