0 0.014705882352941176 0.19526143790849673 0.02696078431372549 0.04084967320261438
0 0.023284313725490197 0.2246732026143791 0.044117647058823525 0.03758169934640523
0 0.014093137254901961 0.2687908496732026 0.025735294117647058 0.05065359477124183
0 0.8057598039215687 0.1919934640522876 0.04044117647058824 0.03758169934640523
0 0.8645833333333334 0.1985294117647059 0.03799019607843137 0.03104575163398693
0 0.8321078431372549 0.2107843137254902 0.056372549019607844 0.0392156862745098
0 0.8247549019607843 0.25163398692810457 0.051470588235294115 0.049019607843137254
0 0.866421568627451 0.28104575163398693 0.049019607843137254 0.0392156862745098
0 0.8768382352941176 0.24019607843137256 0.06985294117647059 0.058823529411764705
0 0.90625 0.19444444444444445 0.04534313725490196 0.04575163398692811
0 0.9466911764705882 0.18790849673202614 0.05269607843137255 0.03594771241830066
0 0.9895833333333334 0.1968954248366013 0.020833333333333332 0.04084967320261438
0 0.9718137254901961 0.20669934640522877 0.0392156862745098 0.03104575163398693
0 0.9368872549019608 0.22712418300653595 0.05514705882352941 0.042483660130718956
0 0.9754901960784313 0.2426470588235294 0.041666666666666664 0.04411764705882353
0 0.9362745098039216 0.2638888888888889 0.049019607843137254 0.03431372549019608
0 0.9908088235294118 0.2573529411764706 0.01838235294117647 0.04411764705882353
0 0.9938725490196079 0.2965686274509804 0.012254901960784314 0.02777777777777778
0 0.9375 0.3006535947712418 0.061274509803921566 0.042483660130718956
0 0.9736519607843137 0.3300653594771242 0.05269607843137255 0.05228758169934641
