0 0.7843137254901961 0.042483660130718956 0.024509803921568627 0.04575163398692811
0 0.8088235294117647 0.07761437908496732 0.03431372549019608 0.06372549019607843
0 0.7542892156862745 0.0923202614379085 0.03308823529411765 0.06045751633986928
0 0.7328431372549019 0.13316993464052287 0.024509803921568627 0.04738562091503268
0 0.7512254901960784 0.14379084967320263 0.031862745098039214 0.058823529411764705
0 0.7867647058823529 0.12173202614379085 0.024509803921568627 0.04738562091503268
0 0.8082107843137255 0.14787581699346405 0.020833333333333332 0.04084967320261438
0 0.8235294117647058 0.16830065359477125 0.024509803921568627 0.04575163398692811
0 0.7689950980392157 0.18709150326797386 0.023284313725490197 0.05065359477124183
0 0.8014705882352942 0.2034313725490196 0.031862745098039214 0.05392156862745098
0 0.7285539215686274 0.18382352941176472 0.030637254901960783 0.07352941176470588
0 0.7089460784313726 0.22058823529411764 0.028186274509803922 0.058823529411764705
0 0.7475490196078431 0.21895424836601307 0.029411764705882353 0.06862745098039216
0 0.7689950980392157 0.24101307189542484 0.025735294117647058 0.05065359477124183
0 0.7886029411764706 0.27369281045751637 0.030637254901960783 0.06045751633986928
0 0.7653186274509803 0.28839869281045755 0.028186274509803922 0.05065359477124183
0 0.7267156862745098 0.2916666666666667 0.03431372549019608 0.06045751633986928
0 0.7432598039215687 0.32026143790849676 0.03308823529411765 0.07189542483660132
0 0.8033088235294118 0.3104575163398693 0.028186274509803922 0.058823529411764705
0 0.7702205882352942 0.33415032679738566 0.025735294117647058 0.04738562091503268
0 0.7849264705882353 0.36683006535947715 0.028186274509803922 0.04084967320261438
0 0.8106617647058824 0.3700980392156863 0.03553921568627451 0.05392156862745098
0 0.7561274509803921 0.37663398692810457 0.031862745098039214 0.06045751633986928
0 0.7138480392156863 0.35866013071895425 0.025735294117647058 0.06045751633986928
0 0.7751225490196079 0.39869281045751637 0.025735294117647058 0.05228758169934641
0 0.7212009803921569 0.4076797385620915 0.023284313725490197 0.057189542483660136
0 0.7058823529411764 0.41421568627450983 0.0196078431372549 0.04411764705882353
0 0.6838235294117647 0.45016339869281047 0.01715686274509804 0.03431372549019608
0 0.8045343137254902 0.4150326797385621 0.03308823529411765 0.04575163398692811
0 0.7530637254901961 0.4281045751633987 0.025735294117647058 0.06209150326797386
0 0.9442401960784313 0.31209150326797386 0.03553921568627451 0.04575163398692811
0 0.9136029411764706 0.36601307189542487 0.03799019607843137 0.058823529411764705
0 0.9430147058823529 0.37336601307189543 0.025735294117647058 0.04411764705882353
0 0.9779411764705882 0.3570261437908497 0.022058823529411763 0.03431372549019608
0 0.9644607843137255 0.37826797385620914 0.024509803921568627 0.03431372549019608
0 0.9712009803921569 0.4076797385620915 0.03553921568627451 0.057189542483660136
0 0.991421568627451 0.4305555555555556 0.01715686274509804 0.05392156862745098
0 0.9185049019607843 0.41258169934640526 0.03308823529411765 0.06045751633986928
0 0.9430147058823529 0.4281045751633987 0.025735294117647058 0.05228758169934641
0 0.9761029411764706 0.4607843137254902 0.03308823529411765 0.05555555555555556
0 0.9387254901960784 0.4803921568627451 0.029411764705882353 0.04575163398692811
0 0.9105392156862745 0.4795751633986928 0.029411764705882353 0.04084967320261438
0 0.892156862745098 0.46568627450980393 0.024509803921568627 0.0392156862745098
0 0.7886029411764706 0.45669934640522875 0.03308823529411765 0.04738562091503268
0 0.7579656862745098 0.4632352941176471 0.020833333333333332 0.04411764705882353
0 0.7248774509803921 0.48284313725490197 0.04534313725490196 0.08006535947712419
0 0.6899509803921569 0.4820261437908497 0.024509803921568627 0.05228758169934641
0 0.772671568627451 0.488562091503268 0.028186274509803922 0.0392156862745098
0 0.7922794117647058 0.5261437908496732 0.03308823529411765 0.06209150326797386
0 0.7156862745098039 0.5408496732026143 0.041666666666666664 0.058823529411764705
0 0.7549019607843137 0.5416666666666666 0.03676470588235294 0.06372549019607843
0 0.8235294117647058 0.5620915032679739 0.0392156862745098 0.06862745098039216
0 0.9662990196078431 0.4893790849673203 0.020833333333333332 0.03758169934640523
0 0.9491421568627451 0.5098039215686274 0.020833333333333332 0.0392156862745098
0 0.9644607843137255 0.5294117647058824 0.024509803921568627 0.04575163398692811
0 0.8890931372549019 0.5065359477124183 0.025735294117647058 0.04575163398692811
0 0.9221813725490196 0.5098039215686274 0.028186274509803922 0.0392156862745098
0 0.9050245098039216 0.5343137254901961 0.028186274509803922 0.05228758169934641
0 0.8737745098039216 0.5449346405228759 0.029411764705882353 0.03104575163398693
0 0.9761029411764706 0.5686274509803921 0.03308823529411765 0.06209150326797386
0 0.9307598039215687 0.5498366013071896 0.025735294117647058 0.05065359477124183
0 0.9368872549019608 0.6233660130718954 0.028186274509803922 0.057189542483660136
0 0.9822303921568627 0.6143790849673203 0.025735294117647058 0.049019607843137254
0 0.9607843137254902 0.6462418300653595 0.02696078431372549 0.05392156862745098
0 0.9767156862745098 0.6707516339869282 0.03676470588235294 0.03758169934640523
0 0.90625 0.6045751633986929 0.030637254901960783 0.06535947712418301
0 0.8817401960784313 0.5996732026143791 0.028186274509803922 0.05228758169934641
0 0.767156862745098 0.5898692810457516 0.03676470588235294 0.042483660130718956
0 0.803921568627451 0.5988562091503268 0.03431372549019608 0.03431372549019608
0 0.7389705882352942 0.5841503267973857 0.029411764705882353 0.03104575163398693
0 0.7071078431372549 0.6094771241830066 0.029411764705882353 0.058823529411764705
0 0.7787990196078431 0.6233660130718954 0.03553921568627451 0.05392156862745098
0 0.7849264705882353 0.6838235294117647 0.04044117647058824 0.07352941176470588
0 0.8486519607843137 0.6356209150326798 0.04044117647058824 0.07516339869281045
0 0.9405637254901961 0.6707516339869282 0.03308823529411765 0.04084967320261438
0 0.8866421568627451 0.6683006535947713 0.025735294117647058 0.049019607843137254
0 0.9056372549019608 0.6919934640522876 0.03431372549019608 0.05392156862745098
0 0.7426470588235294 0.6446078431372549 0.01715686274509804 0.04084967320261438
0 0.7389705882352942 0.7083333333333334 0.044117647058823525 0.07352941176470588
0 0.8143382352941176 0.6993464052287582 0.030637254901960783 0.05228758169934641
0 0.8247549019607843 0.7287581699346406 0.04656862745098039 0.042483660130718956
0 0.8553921568627451 0.6838235294117647 0.029411764705882353 0.05392156862745098
0 0.8725490196078431 0.7181372549019608 0.031862745098039214 0.06045751633986928
0 0.9080882352941176 0.7312091503267975 0.03431372549019608 0.03758169934640523
0 0.9381127450980392 0.7214052287581699 0.01838235294117647 0.03758169934640523
0 0.9417892156862745 0.7647058823529412 0.03308823529411765 0.04575163398692811
0 0.9123774509803921 0.7614379084967321 0.0428921568627451 0.03594771241830066
0 0.7622549019607843 0.7712418300653595 0.031862745098039214 0.07189542483660132
0 0.7873774509803921 0.7900326797385621 0.03553921568627451 0.07026143790849673
0 0.8265931372549019 0.7712418300653595 0.028186274509803922 0.05555555555555556
0 0.8486519607843137 0.7549019607843137 0.023284313725490197 0.042483660130718956
0 0.8774509803921569 0.7598039215686275 0.03676470588235294 0.04575163398692811
0 0.8498774509803921 0.7851307189542484 0.020833333333333332 0.03758169934640523
0 0.8799019607843137 0.803921568627451 0.02696078431372549 0.042483660130718956
0 0.8572303921568627 0.821078431372549 0.028186274509803922 0.05392156862745098
0 0.8106617647058824 0.7998366013071896 0.01838235294117647 0.03758169934640523
0 0.8376225490196079 0.8112745098039216 0.023284313725490197 0.04084967320261438
0 0.8259803921568627 0.8423202614379085 0.03431372549019608 0.03104575163398693
0 0.8474264705882353 0.8602941176470589 0.028186274509803922 0.03431372549019608
0 0.696078431372549 0.5318627450980392 0.024509803921568627 0.057189542483660136
0 0.7659313725490196 0.04166666666666667 0.024509803921568627 0.03758169934640523
0 0.9877450980392156 0.5065359477124183 0.01715686274509804 0.042483660130718956
0 0.8743872549019608 0.5212418300653595 0.015931372549019607 0.029411764705882353
0 0.9950980392156863 0.37745098039215685 0.00980392156862745 0.042483660130718956
0 0.8235294117647058 0.3284313725490196 0.01715686274509804 0.0392156862745098
