0 0.6887254901960784 0.3423202614379085 0.049019607843137254 0.06372549019607843
0 0.4178921568627451 0.19281045751633988 0.041666666666666664 0.032679738562091505
0 0.4466911764705882 0.18872549019607843 0.03553921568627451 0.04411764705882353
0 0.4797794117647059 0.19444444444444445 0.03799019607843137 0.0392156862745098
0 0.522671568627451 0.18627450980392157 0.04044117647058824 0.03594771241830066
0 0.5269607843137255 0.21160130718954248 0.041666666666666664 0.03104575163398693
0 0.3952205882352941 0.21650326797385622 0.04044117647058824 0.03758169934640523
0 0.3743872549019608 0.27532679738562094 0.03799019607843137 0.03758169934640523
0 0.4466911764705882 0.22712418300653595 0.06985294117647059 0.05228758169934641
0 0.5012254901960784 0.2246732026143791 0.04656862745098039 0.03431372549019608
0 0.5422794117647058 0.2450980392156863 0.05269607843137255 0.042483660130718956
0 0.4221813725490196 0.2630718954248366 0.06985294117647059 0.04575163398692811
0 0.4846813725490196 0.2589869281045752 0.06985294117647059 0.04738562091503268
0 0.5741421568627451 0.2712418300653595 0.020833333333333332 0.049019607843137254
0 0.5962009803921569 0.28921568627450983 0.03799019607843137 0.042483660130718956
0 0.539828431372549 0.28431372549019607 0.04779411764705882 0.042483660130718956
0 0.4767156862745098 0.3161764705882353 0.06372549019607843 0.05065359477124183
0 0.5183823529411765 0.3145424836601307 0.03431372549019608 0.02777777777777778
0 0.5667892156862745 0.30637254901960786 0.05269607843137255 0.04411764705882353
0 0.5974264705882353 0.33415032679738566 0.03553921568627451 0.03431372549019608
0 0.5723039215686274 0.3374183006535948 0.02696078431372549 0.03104575163398693
0 0.5367647058823529 0.34558823529411764 0.056372549019607844 0.04084967320261438
0 0.6415441176470588 0.34477124183006536 0.025735294117647058 0.0392156862745098
0 0.4632352941176471 0.3472222222222222 0.031862745098039214 0.03104575163398693
0 0.5012254901960784 0.3504901960784314 0.029411764705882353 0.04411764705882353
0 0.5563725490196079 0.3643790849673203 0.024509803921568627 0.03594771241830066
0 0.6102941176470588 0.37336601307189543 0.0661764705882353 0.057189542483660136
0 0.6341911764705882 0.4084967320261438 0.03308823529411765 0.032679738562091505
0 0.47181372549019607 0.3946078431372549 0.031862745098039214 0.06045751633986928
0 0.4987745098039216 0.4011437908496732 0.02696078431372549 0.04411764705882353
0 0.5410539215686274 0.39869281045751637 0.06740196078431372 0.06209150326797386
0 0.5821078431372549 0.4076797385620915 0.03431372549019608 0.02777777777777778
0 0.6011029411764706 0.4256535947712418 0.04044117647058824 0.03431372549019608
0 0.5698529411764706 0.4387254901960784 0.029411764705882353 0.024509803921568627
0 0.5214460784313726 0.45179738562091504 0.06740196078431372 0.06699346405228758
0 0.4730392156862745 0.434640522875817 0.03431372549019608 0.03594771241830066
0 0.45955882352941174 0.28513071895424835 0.031862745098039214 0.02777777777777778
0 0.4944852941176471 0.286764705882353 0.030637254901960783 0.03104575163398693
