0 0.15808823529411764 0.18872549019607843 0.024509803921568627 0.03431372549019608
0 0.17708333333333334 0.026143790849673203 0.03308823529411765 0.049019607843137254
0 0.15318627450980393 0.01715686274509804 0.024509803921568627 0.03104575163398693
0 0.11825980392156862 0.05147058823529412 0.025735294117647058 0.02777777777777778
0 0.19362745098039216 0.042483660130718956 0.01715686274509804 0.029411764705882353
0 0.15502450980392157 0.05800653594771242 0.05024509803921569 0.05392156862745098
0 0.14276960784313725 0.08741830065359478 0.028186274509803922 0.03758169934640523
0 0.1881127450980392 0.26143790849673204 0.020833333333333332 0.03594771241830066
0 0.16666666666666666 0.2434640522875817 0.024509803921568627 0.04575163398692811
0 0.19240196078431374 0.21323529411764708 0.0196078431372549 0.03431372549019608
0 0.18137254901960784 0.18218954248366015 0.01715686274509804 0.03758169934640523
0 0.1881127450980392 0.15849673202614378 0.023284313725490197 0.04575163398692811
0 0.14338235294117646 0.15441176470588236 0.022058823529411763 0.04084967320261438
0 0.1642156862745098 0.14624183006535948 0.01715686274509804 0.03104575163398693
0 0.16544117647058823 0.1119281045751634 0.0196078431372549 0.04411764705882353
0 0.18198529411764705 0.10866013071895425 0.01838235294117647 0.04084967320261438
0 0.19607843137254902 0.125 0.01715686274509804 0.03758169934640523
0 0.18627450980392157 0.07352941176470588 0.0196078431372549 0.03594771241830066
