0 0.14787581699346405 0.7640931372549019 0.04084967320261438 0.028186274509803922
0 0.08333333333333334 0.7818627450980392 0.05555555555555556 0.02696078431372549
0 0.12908496732026145 0.7916666666666666 0.049019607843137254 0.024509803921568627
0 0.16830065359477125 0.7892156862745098 0.04575163398692811 0.022058823529411763
0 0.29330065359477125 0.735906862745098 0.05392156862745098 0.030637254901960783
0 0.33088235294117646 0.7536764705882353 0.04084967320261438 0.029411764705882353
0 0.29820261437908496 0.7677696078431372 0.06045751633986928 0.028186274509803922
0 0.26143790849673204 0.7843137254901961 0.05228758169934641 0.02696078431372549
0 0.3186274509803922 0.789828431372549 0.06535947712418301 0.028186274509803922
0 0.36683006535947715 0.7738970588235294 0.04411764705882353 0.020833333333333332
0 0.4281045751633987 0.7787990196078431 0.042483660130718956 0.020833333333333332
0 0.46568627450980393 0.7769607843137255 0.0392156862745098 0.024509803921568627
0 0.13562091503267976 0.8174019607843137 0.042483660130718956 0.0196078431372549
0 0.28921568627450983 0.8143382352941176 0.05228758169934641 0.03308823529411765
0 0.3962418300653595 0.7910539215686274 0.04411764705882353 0.023284313725490197
0 0.46568627450980393 0.803921568627451 0.04575163398692811 0.022058823529411763
0 0.548202614379085 0.8118872549019608 0.05065359477124183 0.025735294117647058
0 0.505718954248366 0.8143382352941176 0.05065359477124183 0.023284313725490197
0 0.37173202614379086 0.8241421568627451 0.08333333333333334 0.05269607843137255
0 0.4281045751633987 0.8106617647058824 0.042483660130718956 0.020833333333333332
0 0.488562091503268 0.84375 0.09150326797385622 0.0428921568627451
0 0.5612745098039216 0.8535539215686274 0.04411764705882353 0.020833333333333332
0 0.3014705882352941 0.8547794117647058 0.07679738562091504 0.03799019607843137
0 0.37336601307189543 0.8645833333333334 0.04738562091503268 0.023284313725490197
0 0.04820261437908497 0.8841911764705882 0.05392156862745098 0.025735294117647058
0 0.02042483660130719 0.9025735294117647 0.03758169934640523 0.020833333333333332
0 0.013071895424836602 0.9699754901960784 0.022875816993464054 0.020833333333333332
0 0.042483660130718956 0.9724264705882353 0.042483660130718956 0.023284313725490197
0 0.049836601307189546 0.9295343137254902 0.04084967320261438 0.023284313725490197
0 0.059640522875817 0.9479166666666666 0.02777777777777778 0.028186274509803922
0 0.10294117647058824 0.9356617647058824 0.07189542483660132 0.04534313725490196
0 0.07598039215686275 0.9718137254901961 0.03104575163398693 0.03431372549019608
0 0.12990196078431374 0.9730392156862745 0.08006535947712419 0.03676470588235294
0 0.18709150326797386 0.9644607843137255 0.05392156862745098 0.024509803921568627
0 0.1593137254901961 0.9387254901960784 0.04738562091503268 0.02696078431372549
0 0.19362745098039216 0.9325980392156863 0.04411764705882353 0.0196078431372549
0 0.1715686274509804 0.9209558823529411 0.04575163398692811 0.020833333333333332
0 0.14950980392156862 0.9001225490196079 0.05065359477124183 0.023284313725490197
0 0.18709150326797386 0.875 0.05065359477124183 0.02696078431372549
0 0.22875816993464054 0.8731617647058824 0.0392156862745098 0.03799019607843137
0 0.2704248366013072 0.8841911764705882 0.04411764705882353 0.028186274509803922
0 0.22957516339869283 0.9019607843137255 0.06699346405228758 0.03676470588235294
0 0.09722222222222222 0.991421568627451 0.05065359477124183 0.01715686274509804
0 0.20751633986928106 0.9503676470588235 0.03594771241830066 0.015931372549019607
0 0.24591503267973858 0.9632352941176471 0.07026143790849673 0.029411764705882353
0 0.17973856209150327 0.9840686274509803 0.03594771241830066 0.02696078431372549
0 0.28839869281045755 0.9791666666666666 0.07679738562091504 0.03431372549019608
0 0.315359477124183 0.9105392156862745 0.06535947712418301 0.031862745098039214
0 0.2434640522875817 0.9338235294117647 0.06535947712418301 0.031862745098039214
0 0.33986928104575165 0.8890931372549019 0.049019607843137254 0.020833333333333332
0 0.43218954248366015 0.8511029411764706 0.057189542483660136 0.030637254901960783
0 0.4150326797385621 0.8658088235294118 0.029411764705882353 0.028186274509803922
0 0.3946078431372549 0.8854166666666666 0.024509803921568627 0.025735294117647058
0 0.3700980392156863 0.9044117647058824 0.04738562091503268 0.0392156862745098
0 0.3366013071895425 0.9356617647058824 0.049019607843137254 0.01838235294117647
0 0.286764705882353 0.9252450980392156 0.03104575163398693 0.02696078431372549
0 0.3178104575163399 0.9497549019607843 0.04084967320261438 0.022058823529411763
0 0.4477124183006536 0.8731617647058824 0.0392156862745098 0.01838235294117647
0 0.4812091503267974 0.8786764705882353 0.03104575163398693 0.029411764705882353
0 0.41830065359477125 0.9099264705882353 0.06209150326797386 0.023284313725490197
0 0.4477124183006536 0.8927696078431372 0.032679738562091505 0.020833333333333332
0 0.48284313725490197 0.9050245098039216 0.04738562091503268 0.025735294117647058
0 0.4575163398692811 0.9319852941176471 0.08169934640522876 0.03799019607843137
0 0.37826797385620914 0.9307598039215687 0.05065359477124183 0.020833333333333332
0 0.4076797385620915 0.9405637254901961 0.03104575163398693 0.030637254901960783
0 0.3823529411764706 0.9589460784313726 0.032679738562091505 0.0428921568627451
0 0.3545751633986928 0.9577205882352942 0.03594771241830066 0.028186274509803922
0 0.3415032679738562 0.9748774509803921 0.04575163398692811 0.01838235294117647
0 0.33333333333333337 0.9908088235294118 0.07189542483660132 0.01838235294117647
0 0.4199346405228758 0.9736519607843137 0.0392156862745098 0.028186274509803922
0 0.4011437908496732 0.9895833333333334 0.04738562091503268 0.020833333333333332
0 0.46405228758169936 0.9754901960784313 0.06862745098039216 0.049019607843137254
0 0.5212418300653595 0.8823529411764706 0.0392156862745098 0.022058823529411763
0 0.6013071895424836 0.875 0.08496732026143791 0.0392156862745098
0 0.5449346405228759 0.897671568627451 0.04084967320261438 0.01838235294117647
0 0.5776143790849674 0.9074754901960784 0.03431372549019608 0.025735294117647058
0 0.5130718954248367 0.9283088235294118 0.0392156862745098 0.020833333333333332
0 0.5555555555555556 0.9405637254901961 0.06535947712418301 0.06985294117647059
0 0.513888888888889 0.9816176470588235 0.05392156862745098 0.03676470588235294
0 0.548202614379085 0.9846813725490196 0.03431372549019608 0.030637254901960783
0 0.5980392156862745 0.9283088235294118 0.042483660130718956 0.03308823529411765
0 0.6021241830065359 0.9742647058823529 0.06045751633986928 0.051470588235294115
0 0.6323529411764706 0.9019607843137255 0.03594771241830066 0.024509803921568627
0 0.6723856209150327 0.8884803921568627 0.05065359477124183 0.022058823529411763
0 0.7132352941176471 0.8970588235294118 0.05065359477124183 0.022058823529411763
0 0.6781045751633987 0.9136029411764706 0.0392156862745098 0.020833333333333332
0 0.6356209150326798 0.9246323529411764 0.0392156862745098 0.01838235294117647
0 0.6650326797385621 0.9344362745098039 0.05228758169934641 0.020833333333333332
0 0.6421568627450981 0.9485294117647058 0.049019607843137254 0.024509803921568627
0 0.6699346405228759 0.954656862745098 0.03594771241830066 0.01715686274509804
0 0.6470588235294118 0.9840686274509803 0.05228758169934641 0.024509803921568627
0 0.7001633986928105 0.9571078431372549 0.03758169934640523 0.02696078431372549
0 0.7050653594771242 0.9816176470588235 0.04084967320261438 0.024509803921568627
0 0.6805555555555556 0.9901960784313726 0.03431372549019608 0.0196078431372549
0 0.7271241830065359 0.9430147058823529 0.05555555555555556 0.025735294117647058
0 0.744281045751634 0.9166666666666666 0.03758169934640523 0.03431372549019608
0 0.7459150326797386 0.8645833333333334 0.03758169934640523 0.01838235294117647
0 0.7696078431372549 0.8939950980392156 0.04575163398692811 0.03308823529411765
0 0.7761437908496732 0.9319852941176471 0.04575163398692811 0.030637254901960783
0 0.7663398692810458 0.9558823529411764 0.05228758169934641 0.024509803921568627
0 0.7851307189542484 0.9816176470588235 0.05065359477124183 0.03676470588235294
0 0.8145424836601307 0.9767156862745098 0.04084967320261438 0.029411764705882353
0 0.8374183006535948 0.9712009803921569 0.03431372549019608 0.023284313725490197
0 0.7957516339869282 0.8841911764705882 0.029411764705882353 0.020833333333333332
0 0.803921568627451 0.9166666666666666 0.0392156862745098 0.022058823529411763
0 0.8308823529411765 0.9264705882352942 0.03758169934640523 0.01715686274509804
0 0.8333333333333334 0.8553921568627451 0.04575163398692811 0.0196078431372549
0 0.8284313725490197 0.8756127450980392 0.05228758169934641 0.025735294117647058
0 0.8333333333333334 0.9044117647058824 0.032679738562091505 0.03431372549019608
0 0.8562091503267975 0.9123774509803921 0.026143790849673203 0.030637254901960783
0 0.8611111111111112 0.9865196078431372 0.032679738562091505 0.02696078431372549
0 0.8929738562091504 0.9497549019607843 0.06699346405228758 0.04656862745098039
0 0.9624183006535948 0.977328431372549 0.07516339869281045 0.04534313725490196
0 0.9852941176470589 0.8958333333333334 0.029411764705882353 0.031862745098039214
0 0.954248366013072 0.9019607843137255 0.042483660130718956 0.022058823529411763
0 0.9566993464052288 0.8725490196078431 0.05392156862745098 0.022058823529411763
0 0.9632352941176471 0.8511029411764706 0.04738562091503268 0.01838235294117647
0 0.883169934640523 0.8713235294117647 0.04411764705882353 0.022058823529411763
0 0.9158496732026145 0.8854166666666666 0.03758169934640523 0.01838235294117647
0 0.917483660130719 0.9050245098039216 0.03431372549019608 0.025735294117647058
0 0.8864379084967321 0.9019607843137255 0.04084967320261438 0.024509803921568627
0 0.940359477124183 0.9344362745098039 0.07026143790849673 0.03553921568627451
0 0.7483660130718954 0.9932598039215687 0.03594771241830066 0.013480392156862746
0 0.8178104575163399 0.9540441176470588 0.05065359477124183 0.020833333333333332
0 0.8815359477124183 0.9803921568627451 0.04738562091503268 0.03676470588235294
0 0.2173202614379085 0.9846813725490196 0.0392156862745098 0.01838235294117647
0 0.026143790849673203 0.9491421568627451 0.03594771241830066 0.01838235294117647
