0 0.3553921568627451 0.3145424836601307 0.051470588235294115 0.057189542483660136
0 0.34129901960784315 0.3619281045751634 0.03553921568627451 0.03758169934640523
0 0.28431372549019607 0.38480392156862747 0.056372549019607844 0.04411764705882353
0 0.24142156862745098 0.3831699346405229 0.044117647058823525 0.04738562091503268
0 0.20588235294117646 0.3709150326797386 0.04656862745098039 0.04575163398692811
0 0.23713235294117646 0.34068627450980393 0.06495098039215687 0.05065359477124183
0 0.25674019607843135 0.3055555555555556 0.04534313725490196 0.049019607843137254
0 0.27941176470588236 0.28513071895424835 0.04656862745098039 0.03758169934640523
0 0.21017156862745098 0.2704248366013072 0.04534313725490196 0.06372549019607843
0 0.13725490196078433 0.24101307189542484 0.049019607843137254 0.04738562091503268
0 0.10661764705882353 0.2630718954248366 0.049019607843137254 0.049019607843137254
0 0.12806372549019607 0.29820261437908496 0.06985294117647059 0.057189542483660136
0 0.16482843137254902 0.33169934640522875 0.05514705882352941 0.05555555555555556
0 0.11151960784313725 0.3553921568627451 0.07107843137254902 0.06372549019607843
0 0.12990196078431374 0.3872549019607843 0.058823529411764705 0.06209150326797386
0 0.09191176470588235 0.32516339869281047 0.056372549019607844 0.03594771241830066
0 0.07230392156862744 0.28758169934640526 0.06372549019607843 0.04575163398692811
0 0.031862745098039214 0.2549019607843137 0.058823529411764705 0.05555555555555556
0 0.0196078431372549 0.2099673202614379 0.03431372549019608 0.06372549019607843
0 0.03982843137254902 0.34885620915032683 0.05514705882352941 0.04084967320261438
0 0.02696078431372549 0.37826797385620914 0.031862745098039214 0.02777777777777778
0 0.18198529411764705 0.2900326797385621 0.05514705882352941 0.06372549019607843
0 0.2493872549019608 0.26552287581699346 0.03553921568627451 0.03758169934640523
0 0.011642156862745098 0.29820261437908496 0.020833333333333332 0.024509803921568627
0 0.042279411764705885 0.3104575163398693 0.03799019607843137 0.03594771241830066
