0 0.9689542483660131 0.013480392156862746 0.042483660130718956 0.0196078431372549
0 0.9763071895424837 0.027573529411764705 0.02777777777777778 0.015931372549019607
0 0.9297385620915033 0.025735294117647058 0.04575163398692811 0.022058823529411763
0 0.8602941176470589 0.015318627450980392 0.03431372549019608 0.028186274509803922
0 0.8047385620915033 0.007965686274509803 0.04411764705882353 0.013480392156862746
0 0.8839869281045752 0.02389705882352941 0.03594771241830066 0.028186274509803922
0 0.8169934640522876 0.03615196078431372 0.042483660130718956 0.04044117647058824
0 0.8643790849673203 0.03553921568627451 0.032679738562091505 0.0196078431372549
0 0.8970588235294118 0.044117647058823525 0.032679738562091505 0.0196078431372549
0 0.9264705882352942 0.044730392156862746 0.03594771241830066 0.01838235294117647
0 0.9452614379084968 0.06924019607843138 0.04084967320261438 0.030637254901960783
0 0.8447712418300654 0.052083333333333336 0.0392156862745098 0.020833333333333332
0 0.7467320261437909 0.04105392156862745 0.032679738562091505 0.015931372549019607
0 0.7769607843137255 0.0625 0.03758169934640523 0.0196078431372549
0 0.8186274509803921 0.0784313725490196 0.032679738562091505 0.0196078431372549
0 0.8725490196078431 0.06066176470588235 0.049019607843137254 0.023284313725490197
0 0.8668300653594772 0.08149509803921569 0.021241830065359478 0.020833333333333332
0 0.9093137254901961 0.0900735294117647 0.05392156862745098 0.023284313725490197
0 0.9142156862745099 0.11029411764705882 0.04084967320261438 0.01715686274509804
0 0.8276143790849674 0.09620098039215687 0.03431372549019608 0.013480392156862746
0 0.8790849673202614 0.12009803921568628 0.0392156862745098 0.022058823529411763
0 0.8398692810457516 0.1329656862745098 0.042483660130718956 0.01838235294117647
0 0.5383986928104575 0.06740196078431372 0.05392156862745098 0.024509803921568627
0 0.5392156862745098 0.10723039215686274 0.029411764705882353 0.01838235294117647
0 0.5089869281045751 0.1323529411764706 0.024509803921568627 0.014705882352941176
0 0.5204248366013072 0.14276960784313725 0.02777777777777778 0.015931372549019607
0 0.5122549019607844 0.12009803921568628 0.03104575163398693 0.01715686274509804
0 0.5310457516339869 0.1605392156862745 0.032679738562091505 0.0196078431372549
0 0.5531045751633987 0.13051470588235295 0.03758169934640523 0.01838235294117647
0 0.5890522875816994 0.10845588235294118 0.03431372549019608 0.013480392156862746
0 0.5931372549019608 0.125 0.049019607843137254 0.029411764705882353
0 0.6070261437908497 0.1446078431372549 0.03758169934640523 0.01715686274509804
0 0.5612745098039216 0.1488970588235294 0.04411764705882353 0.015931372549019607
0 0.571078431372549 0.17401960784313725 0.06045751633986928 0.029411764705882353
0 0.6094771241830066 0.17769607843137256 0.032679738562091505 0.024509803921568627
0 0.638888888888889 0.1642156862745098 0.026143790849673203 0.0196078431372549
0 0.6666666666666667 0.16605392156862744 0.032679738562091505 0.020833333333333332
0 0.6331699346405228 0.1329656862745098 0.03431372549019608 0.015931372549019607
0 0.6552287581699346 0.14522058823529413 0.029411764705882353 0.01838235294117647
0 0.6323529411764706 0.11029411764705882 0.0392156862745098 0.0196078431372549
0 0.6601307189542484 0.09803921568627451 0.042483660130718956 0.0196078431372549
0 0.7026143790849674 0.09129901960784313 0.042483660130718956 0.020833333333333332
0 0.7369281045751634 0.08700980392156862 0.029411764705882353 0.01715686274509804
0 0.7173202614379085 0.15992647058823528 0.032679738562091505 0.01838235294117647
0 0.6887254901960784 0.14522058823529413 0.03104575163398693 0.01838235294117647
0 0.690359477124183 0.19914215686274508 0.057189542483660136 0.028186274509803922
0 0.755718954248366 0.18627450980392157 0.05392156862745098 0.02696078431372549
0 0.7704248366013072 0.10784313725490197 0.03104575163398693 0.0196078431372549
0 0.7818627450980392 0.0974264705882353 0.02777777777777778 0.01838235294117647
0 0.8022875816993464 0.11029411764705882 0.0392156862745098 0.024509803921568627
0 0.7957516339869282 0.13051470588235295 0.0392156862745098 0.020833333333333332
0 0.8316993464052288 0.16482843137254902 0.032679738562091505 0.015931372549019607
0 0.9624183006535948 0.21446078431372548 0.0392156862745098 0.022058823529411763
0 0.9697712418300654 0.32536764705882354 0.04738562091503268 0.01838235294117647
0 0.9526143790849674 0.44362745098039214 0.03594771241830066 0.02696078431372549
0 0.46486928104575165 0.10661764705882353 0.03104575163398693 0.014705882352941176
0 0.46405228758169936 0.1213235294117647 0.029411764705882353 0.014705882352941176
0 0.4746732026143791 0.14583333333333334 0.02777777777777778 0.029411764705882353
0 0.5 0.1568627450980392 0.022875816993464054 0.0196078431372549
0 0.45588235294117646 0.13725490196078433 0.032679738562091505 0.014705882352941176
0 0.4338235294117647 0.1488970588235294 0.04411764705882353 0.023284313725490197
0 0.41258169934640526 0.17279411764705882 0.05065359477124183 0.02696078431372549
0 0.30637254901960786 0.20649509803921567 0.03431372549019608 0.01838235294117647
0 0.2761437908496732 0.26776960784313725 0.06209150326797386 0.030637254901960783
0 0.12254901960784315 0.27267156862745096 0.058823529411764705 0.030637254901960783
0 0.07026143790849673 0.29840686274509803 0.058823529411764705 0.03308823529411765
0 0.03594771241830066 0.36151960784313725 0.05555555555555556 0.02696078431372549
0 0.47385620915032683 0.4466911764705882 0.032679738562091505 0.023284313725490197
0 0.4395424836601307 0.4540441176470588 0.03594771241830066 0.01838235294117647
0 0.3284313725490196 0.46629901960784315 0.03594771241830066 0.023284313725490197
0 0.23937908496732027 0.48590686274509803 0.03758169934640523 0.023284313725490197
0 0.2107843137254902 0.4993872549019608 0.0392156862745098 0.01838235294117647
0 0.18872549019607843 0.4895833333333333 0.03431372549019608 0.013480392156862746
0 0.19035947712418302 0.4779411764705882 0.03758169934640523 0.01715686274509804
0 0.07679738562091504 0.2708333333333333 0.022875816993464054 0.012254901960784314
0 0.2712418300653595 0.47487745098039214 0.029411764705882353 0.01838235294117647
0 0.2573529411764706 0.45894607843137253 0.04411764705882353 0.020833333333333332
0 0.9844771241830066 0.06985294117647059 0.03104575163398693 0.0196078431372549
0 0.8014705882352942 0.18075980392156862 0.03758169934640523 0.023284313725490197
0 0.6715686274509804 0.11274509803921569 0.032679738562091505 0.0196078431372549
0 0.488562091503268 0.12193627450980392 0.026143790849673203 0.015931372549019607
