0 0.9399509803921569 0.28104575163398693 0.029411764705882353 0.06209150326797386
0 0.9797794117647058 0.3284313725490196 0.03799019607843137 0.06862745098039216
0 0.9515931372549019 0.352124183006536 0.04044117647058824 0.07352941176470588
0 0.9883578431372549 0.38153594771241833 0.023284313725490197 0.06699346405228758
0 0.9754901960784313 0.47385620915032683 0.049019607843137254 0.06209150326797386
0 0.9699754901960784 0.5098039215686274 0.0428921568627451 0.06862745098039216
0 0.9172794117647058 0.48447712418300654 0.03308823529411765 0.07026143790849673
0 0.9129901960784313 0.6143790849673203 0.03431372549019608 0.08823529411764706
0 0.9417892156862745 0.5866013071895425 0.04044117647058824 0.05555555555555556
0 0.9589460784313726 0.6323529411764706 0.03308823529411765 0.06862745098039216
0 0.9375 0.6511437908496732 0.031862745098039214 0.06699346405228758
0 0.8988970588235294 0.6895424836601307 0.05759803921568627 0.11111111111111112
0 0.9252450980392156 0.7647058823529412 0.03431372549019608 0.07516339869281045
0 0.8933823529411764 0.8243464052287582 0.03676470588235294 0.06699346405228758
0 0.9123774509803921 0.8472222222222222 0.025735294117647058 0.06699346405228758
0 0.9368872549019608 0.829248366013072 0.030637254901960783 0.06372549019607843
0 0.9301470588235294 0.9027777777777778 0.02696078431372549 0.06372549019607843
0 0.8952205882352942 0.5204248366013072 0.028186274509803922 0.06372549019607843
0 0.9534313725490196 0.4158496732026144 0.02696078431372549 0.06045751633986928
0 0.9724264705882353 0.26633986928104575 0.03308823529411765 0.06209150326797386
0 0.9301470588235294 0.5408496732026143 0.02696078431372549 0.05555555555555556
0 0.8792892156862745 0.7516339869281046 0.025735294117647058 0.05555555555555556
0 0.9007352941176471 0.7655228758169935 0.024509803921568627 0.057189542483660136
0 0.9203431372549019 0.6895424836601307 0.02696078431372549 0.049019607843137254
