0 0.9117647058823529 0.9052287581699346 0.0392156862745098 0.0392156862745098
0 0.897671568627451 0.8839869281045752 0.03553921568627451 0.03594771241830066
0 0.9037990196078431 0.9362745098039216 0.03308823529411765 0.0392156862745098
0 0.8633578431372549 0.869281045751634 0.030637254901960783 0.049019607843137254
0 0.821078431372549 0.8774509803921569 0.061274509803921566 0.05228758169934641
0 0.8174019607843137 0.8316993464052288 0.044117647058823525 0.0392156862745098
0 0.7438725490196079 0.8390522875816994 0.029411764705882353 0.05065359477124183
0 0.6390931372549019 0.8366013071895425 0.030637254901960783 0.03594771241830066
0 0.4957107843137255 0.8276143790849674 0.03799019607843137 0.04411764705882353
0 0.6096813725490196 0.6879084967320261 0.023284313725490197 0.042483660130718956
0 0.6274509803921569 0.7058823529411765 0.022058823529411763 0.0392156862745098
0 0.6482843137254902 0.6952614379084967 0.031862745098039214 0.02777777777777778
0 0.6574754901960784 0.6740196078431373 0.03553921568627451 0.03431372549019608
0 0.6458333333333334 0.6544117647058824 0.029411764705882353 0.03104575163398693
0 0.6262254901960784 0.6748366013071896 0.029411764705882353 0.029411764705882353
0 0.6188725490196079 0.6584967320261438 0.029411764705882353 0.03594771241830066
0 0.7763480392156863 0.8529411764705883 0.025735294117647058 0.026143790849673203
0 0.7591911764705882 0.8684640522875817 0.025735294117647058 0.02777777777777778
0 0.7849264705882353 0.8709150326797386 0.023284313725490197 0.029411764705882353
