0 0.8423202614379085 0.6525735294117647 0.024509803921568627 0.023284313725490197
0 0.8929738562091504 0.7199754901960784 0.024509803921568627 0.020833333333333332
0 0.9648692810457516 0.7787990196078431 0.024509803921568627 0.023284313725490197
0 0.9910130718954249 0.7965686274509803 0.01797385620915033 0.024509803921568627
0 0.8929738562091504 0.7653186274509803 0.02777777777777778 0.028186274509803922
0 0.7663398692810458 0.7444852941176471 0.022875816993464054 0.01838235294117647
0 0.7410130718954249 0.7683823529411764 0.021241830065359478 0.024509803921568627
0 0.7540849673202614 0.7965686274509803 0.021241830065359478 0.0196078431372549
0 0.9117647058823529 0.8057598039215687 0.032679738562091505 0.023284313725490197
0 0.9754901960784313 0.8480392156862745 0.0196078431372549 0.0196078431372549
0 0.9550653594771242 0.8492647058823529 0.02777777777777778 0.029411764705882353
0 0.9640522875816994 0.8694852941176471 0.03594771241830066 0.023284313725490197
0 0.9150326797385622 0.8621323529411764 0.022875816993464054 0.020833333333333332
0 0.8611111111111112 0.8731617647058824 0.042483660130718956 0.01838235294117647
0 0.809640522875817 0.8756127450980392 0.024509803921568627 0.025735294117647058
0 0.8978758169934641 0.8792892156862745 0.02777777777777778 0.020833333333333332
0 0.9060457516339869 0.897671568627451 0.024509803921568627 0.023284313725490197
0 0.9550653594771242 0.892156862745098 0.024509803921568627 0.01715686274509804
0 0.9861111111111112 0.9031862745098039 0.02777777777777778 0.029411764705882353
0 0.9869281045751634 0.9276960784313726 0.022875816993464054 0.0196078431372549
0 0.8986928104575164 0.9227941176470588 0.0392156862745098 0.03431372549019608
0 0.8684640522875817 0.923406862745098 0.03431372549019608 0.04044117647058824
0 0.821078431372549 0.9319852941176471 0.03104575163398693 0.028186274509803922
0 0.7377450980392157 0.9577205882352942 0.024509803921568627 0.025735294117647058
0 0.7271241830065359 0.9865196078431372 0.026143790849673203 0.02696078431372549
0 0.8529411764705883 0.9454656862745098 0.016339869281045753 0.011029411764705881
0 0.8660130718954249 0.9558823529411764 0.026143790849673203 0.024509803921568627
0 0.8366013071895425 0.9528186274509803 0.013071895424836602 0.01838235294117647
0 0.8480392156862745 0.9712009803921569 0.026143790849673203 0.025735294117647058
0 0.8267973856209151 0.9834558823529411 0.029411764705882353 0.03308823529411765
0 0.8570261437908497 0.9901960784313726 0.024509803921568627 0.0196078431372549
0 0.9379084967320261 0.9485294117647058 0.022875816993464054 0.024509803921568627
0 0.9493464052287582 0.9693627450980392 0.029411764705882353 0.02696078431372549
0 0.9264705882352942 0.9730392156862745 0.022875816993464054 0.02696078431372549
0 0.9044117647058824 0.9895833333333334 0.024509803921568627 0.020833333333333332
0 0.7704248366013072 0.9944852941176471 0.021241830065359478 0.011029411764705881
0 0.7957516339869282 0.9920343137254902 0.022875816993464054 0.013480392156862746
