0 0.04963235294117647 0.863562091503268 0.030637254901960783 0.03104575163398693
0 0.07107843137254902 0.880718954248366 0.022058823529411763 0.03594771241830066
0 0.037377450980392156 0.9019607843137255 0.0625 0.049019607843137254
0 0.01715686274509804 0.9395424836601307 0.031862745098039214 0.03594771241830066
0 0.016544117647058824 0.9681372549019608 0.030637254901960783 0.03758169934640523
0 0.04044117647058824 0.9689542483660131 0.03431372549019608 0.03594771241830066
0 0.056372549019607844 0.9387254901960784 0.061274509803921566 0.04411764705882353
0 0.07291666666666667 0.9656862745098039 0.030637254901960783 0.029411764705882353
0 0.0900735294117647 0.888888888888889 0.03799019607843137 0.032679738562091505
0 0.11948529411764705 0.9199346405228759 0.04534313725490196 0.03594771241830066
0 0.14705882352941177 0.928921568627451 0.029411764705882353 0.04738562091503268
0 0.2034313725490196 0.9084967320261438 0.04656862745098039 0.03594771241830066
0 0.16911764705882354 0.9133986928104575 0.04656862745098039 0.029411764705882353
0 0.1838235294117647 0.9330065359477124 0.049019607843137254 0.03594771241830066
0 0.25183823529411764 0.9150326797385622 0.05514705882352941 0.05228758169934641
0 0.2892156862745098 0.9444444444444444 0.041666666666666664 0.026143790849673203
0 0.28308823529411764 0.9648692810457516 0.0392156862745098 0.03758169934640523
0 0.321078431372549 0.9305555555555556 0.056372549019607844 0.05065359477124183
0 0.31985294117647056 0.9681372549019608 0.044117647058823525 0.04411764705882353
0 0.35784313725490197 0.9624183006535948 0.056372549019607844 0.042483660130718956
0 0.35355392156862747 0.888888888888889 0.04534313725490196 0.042483660130718956
0 0.3474264705882353 0.9158496732026145 0.05024509803921569 0.03104575163398693
0 0.39828431372549017 0.9493464052287582 0.041666666666666664 0.042483660130718956
0 0.3872549019607843 0.9738562091503268 0.029411764705882353 0.022875816993464054
0 0.38786764705882354 0.9142156862745099 0.05269607843137255 0.04738562091503268
0 0.4424019607843137 0.8766339869281046 0.056372549019607844 0.04084967320261438
0 0.42401960784313725 0.9027777777777778 0.04656862745098039 0.02777777777777778
0 0.4491421568627451 0.9240196078431373 0.06004901960784314 0.04411764705882353
0 0.4497549019607843 0.9526143790849674 0.02696078431372549 0.026143790849673203
0 0.4583333333333333 0.9673202614379085 0.024509803921568627 0.022875816993464054
0 0.4926470588235294 0.940359477124183 0.06372549019607843 0.04738562091503268
0 0.5104166666666666 0.8946078431372549 0.025735294117647058 0.01797385620915033
0 0.5428921568627451 0.8815359477124183 0.051470588235294115 0.03431372549019608
0 0.5447303921568627 0.9395424836601307 0.05024509803921569 0.032679738562091505
0 0.5049019607843137 0.9640522875816994 0.022058823529411763 0.016339869281045753
0 0.5582107843137255 0.9697712418300654 0.03308823529411765 0.03431372549019608
0 0.5870098039215687 0.948529411764706 0.031862745098039214 0.05065359477124183
0 0.6188725490196079 0.9395424836601307 0.044117647058823525 0.05228758169934641
0 0.6060049019607843 0.9142156862745099 0.023284313725490197 0.01797385620915033
0 0.5949754901960784 0.8848039215686275 0.028186274509803922 0.03431372549019608
0 0.6213235294117647 0.8946078431372549 0.031862745098039214 0.03758169934640523
0 0.4834558823529412 0.8660130718954249 0.03553921568627451 0.0392156862745098
0 0.39276960784313725 0.8766339869281046 0.04779411764705882 0.03431372549019608
0 0.6525735294117647 0.8415032679738562 0.030637254901960783 0.029411764705882353
0 0.6537990196078431 0.8782679738562091 0.05269607843137255 0.04411764705882353
0 0.647671568627451 0.9101307189542484 0.015931372549019607 0.026143790849673203
0 0.6531862745098039 0.9305555555555556 0.022058823529411763 0.03104575163398693
0 0.6691176470588235 0.9093137254901961 0.01715686274509804 0.024509803921568627
0 0.6446078431372549 0.9550653594771242 0.0196078431372549 0.021241830065359478
0 0.6433823529411765 0.9738562091503268 0.03431372549019608 0.032679738562091505
0 0.6672794117647058 0.9591503267973857 0.01838235294117647 0.029411764705882353
0 0.6770833333333334 0.9240196078431373 0.028186274509803922 0.03431372549019608
0 0.6997549019607843 0.9526143790849674 0.04656862745098039 0.0392156862745098
0 0.7095588235294118 0.9125816993464052 0.029411764705882353 0.021241830065359478
0 0.7022058823529411 0.9321895424836601 0.024509803921568627 0.021241830065359478
0 0.6911764705882353 0.8921568627450981 0.022058823529411763 0.0196078431372549
0 0.6917892156862745 0.8676470588235294 0.025735294117647058 0.022875816993464054
0 0.7156862745098039 0.8880718954248367 0.03431372549019608 0.03431372549019608
0 0.7389705882352942 0.9338235294117647 0.05392156862745098 0.04084967320261438
0 0.7732843137254902 0.940359477124183 0.022058823529411763 0.021241830065359478
0 0.7524509803921569 0.9681372549019608 0.044117647058823525 0.03431372549019608
0 0.7738970588235294 0.9861111111111112 0.023284313725490197 0.01797385620915033
0 0.7861519607843137 0.9591503267973857 0.01838235294117647 0.022875816993464054
0 0.7303921568627451 0.8472222222222222 0.03676470588235294 0.03758169934640523
0 0.7512254901960784 0.8741830065359477 0.02696078431372549 0.042483660130718956
0 0.7763480392156863 0.8415032679738562 0.023284313725490197 0.0196078431372549
0 0.7781862745098039 0.9019607843137255 0.041666666666666664 0.05555555555555556
0 0.7861519607843137 0.8562091503267975 0.023284313725490197 0.026143790849673203
0 0.7953431372549019 0.8774509803921569 0.024509803921568627 0.026143790849673203
0 0.8388480392156863 0.9681372549019608 0.015931372549019607 0.021241830065359478
0 0.8082107843137255 0.917483660130719 0.020833333333333332 0.024509803921568627
0 0.8069852941176471 0.857843137254902 0.020833333333333332 0.016339869281045753
0 0.8100490196078431 0.8398692810457516 0.0196078431372549 0.022875816993464054
0 0.8002450980392157 0.823529411764706 0.0196078431372549 0.0196078431372549
0 0.8192401960784313 0.8790849673202614 0.028186274509803922 0.04575163398692811
0 0.8094362745098039 0.948529411764706 0.04044117647058824 0.03758169934640523
0 0.8118872549019608 0.9795751633986929 0.05514705882352941 0.03431372549019608
0 0.8363970588235294 0.9387254901960784 0.0428921568627451 0.03758169934640523
0 0.8572303921568627 0.9950980392156863 0.020833333333333332 0.00980392156862745
0 0.8688725490196079 0.9812091503267975 0.03431372549019608 0.02777777777777778
0 0.9117647058823529 0.988562091503268 0.02696078431372549 0.0196078431372549
0 0.8259803921568627 0.8366013071895425 0.014705882352941176 0.029411764705882353
0 0.8443627450980392 0.8341503267973857 0.022058823529411763 0.024509803921568627
0 0.8480392156862745 0.8643790849673203 0.024509803921568627 0.0196078431372549
0 0.8645833333333334 0.8717320261437909 0.025735294117647058 0.03104575163398693
0 0.8866421568627451 0.8651960784313726 0.023284313725490197 0.024509803921568627
0 0.8848039215686274 0.8815359477124183 0.0196078431372549 0.01797385620915033
0 0.8829656862745098 0.8978758169934641 0.015931372549019607 0.01797385620915033
0 0.9007352941176471 0.9019607843137255 0.01715686274509804 0.013071895424836602
0 0.8915441176470588 0.9158496732026145 0.020833333333333332 0.01797385620915033
0 0.8756127450980392 0.9264705882352942 0.020833333333333332 0.022875816993464054
0 0.892156862745098 0.934640522875817 0.012254901960784314 0.026143790849673203
0 0.8707107843137255 0.9501633986928105 0.03308823529411765 0.03104575163398693
0 0.8511029411764706 0.9060457516339869 0.04779411764705882 0.04084967320261438
0 0.8431372549019608 0.8129084967320261 0.0196078431372549 0.024509803921568627
0 0.9142156862745098 0.9338235294117647 0.029411764705882353 0.024509803921568627
0 0.9087009803921569 0.9616013071895425 0.04779411764705882 0.03431372549019608
0 0.914828431372549 0.9076797385620915 0.030637254901960783 0.03104575163398693
0 0.9117647058823529 0.8815359477124183 0.0392156862745098 0.02777777777777778
0 0.9417892156862745 0.9779411764705883 0.025735294117647058 0.03104575163398693
0 0.9632352941176471 0.9901960784313726 0.014705882352941176 0.0196078431372549
0 0.9840686274509803 0.994281045751634 0.024509803921568627 0.011437908496732027
0 0.9810049019607843 0.9803921568627452 0.023284313725490197 0.016339869281045753
0 0.9810049019607843 0.9673202614379085 0.023284313725490197 0.016339869281045753
0 0.9638480392156863 0.9509803921568628 0.04779411764705882 0.026143790849673203
0 0.9522058823529411 0.917483660130719 0.05392156862745098 0.04084967320261438
0 0.9908088235294118 0.9272875816993464 0.01838235294117647 0.03431372549019608
0 0.9908088235294118 0.8970588235294118 0.01838235294117647 0.029411764705882353
0 0.9791666666666666 0.8815359477124183 0.024509803921568627 0.02777777777777778
0 0.9491421568627451 0.8790849673202614 0.030637254901960783 0.026143790849673203
0 0.9693627450980392 0.8627450980392157 0.029411764705882353 0.026143790849673203
0 0.9938725490196079 0.8570261437908497 0.012254901960784314 0.02777777777777778
0 0.9852941176470588 0.8398692810457516 0.024509803921568627 0.026143790849673203
0 0.9466911764705882 0.8480392156862745 0.03553921568627451 0.032679738562091505
0 0.9056372549019608 0.8480392156862745 0.0392156862745098 0.029411764705882353
0 0.9227941176470588 0.8267973856209151 0.03676470588235294 0.03594771241830066
0 0.9699754901960784 0.8080065359477124 0.05024509803921569 0.03758169934640523
0 0.8915441176470588 0.8218954248366014 0.023284313725490197 0.022875816993464054
0 0.8682598039215687 0.809640522875817 0.025735294117647058 0.03431372549019608
0 0.9215686274509803 0.7875816993464052 0.01715686274509804 0.016339869281045753
0 0.9895833333333334 0.7720588235294118 0.020833333333333332 0.021241830065359478
0 0.9944852941176471 0.7516339869281046 0.011029411764705881 0.016339869281045753
0 0.9957107843137255 0.7320261437908497 0.00857843137254902 0.022875816993464054
0 0.985906862745098 0.7075163398692811 0.020833333333333332 0.026143790849673203
0 0.9736519607843137 0.7352941176470589 0.03553921568627451 0.029411764705882353
0 0.960171568627451 0.7124183006535948 0.028186274509803922 0.026143790849673203
0 0.9522058823529411 0.690359477124183 0.02696078431372549 0.021241830065359478
0 0.9319852941176471 0.7140522875816994 0.028186274509803922 0.032679738562091505
0 0.9068627450980392 0.6870915032679739 0.024509803921568627 0.024509803921568627
0 0.9215686274509803 0.744281045751634 0.02696078431372549 0.024509803921568627
0 0.9436274509803921 0.7614379084967321 0.049019607843137254 0.042483660130718956
0 0.9074754901960784 0.7214052287581699 0.020833333333333332 0.02777777777777778
0 0.8854166666666666 0.704248366013072 0.023284313725490197 0.022875816993464054
0 0.8872549019607843 0.7271241830065359 0.022058823529411763 0.022875816993464054
0 0.8829656862745098 0.763888888888889 0.04044117647058824 0.02777777777777778
0 0.8909313725490196 0.7867647058823529 0.029411764705882353 0.024509803921568627
0 0.8615196078431372 0.7826797385620915 0.022058823529411763 0.0196078431372549
0 0.8278186274509803 0.7736928104575164 0.023284313725490197 0.02777777777777778
0 0.8480392156862745 0.7524509803921569 0.031862745098039214 0.024509803921568627
0 0.8578431372549019 0.7279411764705882 0.031862745098039214 0.03758169934640523
0 0.8308823529411764 0.7320261437908497 0.022058823529411763 0.022875816993464054
0 0.798406862745098 0.7459150326797386 0.028186274509803922 0.02777777777777778
0 0.8063725490196079 0.7614379084967321 0.024509803921568627 0.016339869281045753
0 0.7892156862745098 0.7875816993464052 0.049019607843137254 0.058823529411764705
0 0.7549019607843137 0.7581699346405228 0.03431372549019608 0.032679738562091505
0 0.7732843137254902 0.7279411764705882 0.024509803921568627 0.024509803921568627
0 0.8082107843137255 0.7140522875816994 0.025735294117647058 0.022875816993464054
0 0.8333333333333334 0.696078431372549 0.02696078431372549 0.029411764705882353
0 0.8033088235294118 0.6911764705882353 0.025735294117647058 0.022875816993464054
0 0.7732843137254902 0.7017973856209151 0.031862745098039214 0.03104575163398693
0 0.10661764705882353 0.9493464052287582 0.04656862745098039 0.042483660130718956
0 0.11519607843137254 0.8905228758169935 0.024509803921568627 0.029411764705882353
0 0.13848039215686275 0.8921568627450981 0.031862745098039214 0.032679738562091505
0 0.08088235294117647 0.9125816993464052 0.041666666666666664 0.03104575163398693
0 0.13480392156862744 0.9697712418300654 0.031862745098039214 0.02777777777777778
0 0.1525735294117647 0.9583333333333334 0.025735294117647058 0.024509803921568627
0 0.18933823529411764 0.9624183006535948 0.04779411764705882 0.03594771241830066
0 0.23713235294117646 0.9493464052287582 0.03553921568627451 0.032679738562091505
0 0.49142156862745096 0.9084967320261438 0.031862745098039214 0.022875816993464054
0 0.5294117647058824 0.9624183006535948 0.02696078431372549 0.026143790849673203
0 0.53125 0.9133986928104575 0.04044117647058824 0.029411764705882353
0 0.5533088235294118 0.8995098039215687 0.015931372549019607 0.021241830065359478
