0 0.7444852941176471 0.12826797385620917 0.01838235294117647 0.02777777777777778
0 0.7377450980392157 0.1781045751633987 0.022058823529411763 0.032679738562091505
0 0.7193627450980392 0.2042483660130719 0.029411764705882353 0.0392156862745098
0 0.991421568627451 0.14950980392156862 0.01715686274509804 0.04084967320261438
0 0.9920343137254902 0.18790849673202614 0.015931372549019607 0.04575163398692811
0 0.9908088235294118 0.2246732026143791 0.01838235294117647 0.03431372549019608
0 0.9895833333333334 0.29411764705882354 0.020833333333333332 0.029411764705882353
0 0.9877450980392156 0.3374183006535948 0.024509803921568627 0.04084967320261438
0 0.96875 0.35375816993464054 0.015931372549019607 0.02777777777777778
0 0.6642156862745098 0.3758169934640523 0.02696078431372549 0.03594771241830066
0 0.9779411764705882 0.39052287581699346 0.03676470588235294 0.07189542483660132
0 0.9558823529411764 0.3790849673202614 0.02696078431372549 0.042483660130718956
0 0.9313725490196079 0.4011437908496732 0.02696078431372549 0.04411764705882353
0 0.9485294117647058 0.4281045751633987 0.03431372549019608 0.06209150326797386
0 0.9258578431372549 0.4395424836601307 0.020833333333333332 0.029411764705882353
0 0.9865196078431372 0.46895424836601307 0.02696078431372549 0.06209150326797386
0 0.954656862745098 0.4795751633986928 0.03676470588235294 0.07026143790849673
0 0.9240196078431372 0.4754901960784314 0.024509803921568627 0.049019607843137254
0 0.9050245098039216 0.4991830065359477 0.030637254901960783 0.05065359477124183
0 0.9387254901960784 0.5155228758169935 0.0196078431372549 0.04411764705882353
0 0.9730392156862745 0.5089869281045751 0.029411764705882353 0.06372549019607843
0 0.9650735294117647 0.5620915032679739 0.04534313725490196 0.058823529411764705
0 0.9093137254901961 0.5343137254901961 0.03431372549019608 0.0392156862745098
0 0.9338235294117647 0.5457516339869282 0.01715686274509804 0.032679738562091505
0 0.9154411764705882 0.5661764705882353 0.041666666666666664 0.04411764705882353
0 0.9350490196078431 0.5841503267973857 0.02696078431372549 0.05392156862745098
0 0.914828431372549 0.6037581699346405 0.025735294117647058 0.04084967320261438
0 0.9491421568627451 0.5988562091503268 0.025735294117647058 0.04411764705882353
0 0.9846813725490196 0.607843137254902 0.030637254901960783 0.06862745098039216
0 0.9662990196078431 0.6315359477124183 0.020833333333333332 0.02777777777777778
0 0.946078431372549 0.6397058823529412 0.02696078431372549 0.04411764705882353
0 0.9111519607843137 0.6462418300653595 0.01838235294117647 0.03431372549019608
0 0.9270833333333334 0.6486928104575164 0.020833333333333332 0.0392156862745098
0 0.9877450980392156 0.6535947712418301 0.024509803921568627 0.04575163398692811
0 0.9571078431372549 0.6723856209150327 0.031862745098039214 0.04084967320261438
0 0.9105392156862745 0.6813725490196079 0.022058823529411763 0.042483660130718956
0 0.928921568627451 0.6879084967320261 0.029411764705882353 0.04575163398692811
0 0.9724264705882353 0.690359477124183 0.025735294117647058 0.05065359477124183
0 0.9920343137254902 0.6911764705882353 0.015931372549019607 0.03594771241830066
0 0.9901960784313726 0.7287581699346406 0.0196078431372549 0.042483660130718956
0 0.9742647058823529 0.732843137254902 0.01715686274509804 0.03431372549019608
0 0.977328431372549 0.7647058823529412 0.025735294117647058 0.026143790849673203
0 0.6262254901960784 0.5727124183006536 0.02696078431372549 0.03431372549019608
0 0.6262254901960784 0.6143790849673203 0.02696078431372549 0.03594771241830066
0 0.6348039215686274 0.6299019607843137 0.024509803921568627 0.03758169934640523
0 0.6158088235294118 0.6478758169934641 0.020833333333333332 0.03431372549019608
0 0.6115196078431372 0.6838235294117647 0.029411764705882353 0.04738562091503268
0 0.6390931372549019 0.6584967320261438 0.023284313725490197 0.03594771241830066
0 0.6605392156862745 0.6535947712418301 0.029411764705882353 0.04575163398692811
0 0.6807598039215687 0.6805555555555556 0.01838235294117647 0.03104575163398693
0 0.6654411764705882 0.678921568627451 0.024509803921568627 0.03104575163398693
0 0.6384803921568627 0.6919934640522876 0.03431372549019608 0.03758169934640523
0 0.6256127450980392 0.7222222222222222 0.01838235294117647 0.032679738562091505
0 0.6102941176470588 0.7369281045751634 0.0196078431372549 0.026143790849673203
0 0.6813725490196079 0.7156862745098039 0.0196078431372549 0.042483660130718956
0 0.7022058823529411 0.690359477124183 0.02696078431372549 0.03758169934640523
0 0.7071078431372549 0.7034313725490197 0.01715686274509804 0.03431372549019608
0 0.6544117647058824 0.7393790849673203 0.03431372549019608 0.06699346405228758
0 0.7218137254901961 0.7148692810457516 0.022058823529411763 0.04084967320261438
0 0.7346813725490196 0.7116013071895425 0.013480392156862746 0.03104575163398693
0 0.7444852941176471 0.7075163398692811 0.023284313725490197 0.0392156862745098
0 0.7598039215686274 0.7107843137254902 0.014705882352941176 0.026143790849673203
0 0.7738970588235294 0.7173202614379085 0.020833333333333332 0.032679738562091505
0 0.7469362745098039 0.7295751633986929 0.023284313725490197 0.03758169934640523
0 0.7610294117647058 0.7475490196078431 0.024509803921568627 0.024509803921568627
0 0.6942401960784313 0.7426470588235294 0.015931372549019607 0.03431372549019608
0 0.7120098039215687 0.7450980392156863 0.029411764705882353 0.049019607843137254
0 0.6807598039215687 0.75 0.023284313725490197 0.03594771241830066
0 0.6151960784313726 0.7573529411764706 0.0196078431372549 0.024509803921568627
0 0.6317401960784313 0.7573529411764706 0.01838235294117647 0.02777777777777778
0 0.6954656862745098 0.7696078431372549 0.023284313725490197 0.03594771241830066
0 0.6764705882352942 0.7867647058823529 0.022058823529411763 0.04411764705882353
0 0.6501225490196079 0.7941176470588236 0.03308823529411765 0.05555555555555556
0 0.6225490196078431 0.7892156862745098 0.022058823529411763 0.04575163398692811
0 0.6053921568627451 0.7794117647058824 0.02696078431372549 0.022875816993464054
0 0.6011029411764706 0.8120915032679739 0.028186274509803922 0.042483660130718956
0 0.5753676470588235 0.8259803921568628 0.023284313725490197 0.03758169934640523
0 0.585171568627451 0.8627450980392157 0.020833333333333332 0.0392156862745098
0 0.6011029411764706 0.8439542483660131 0.01838235294117647 0.024509803921568627
0 0.6329656862745098 0.8218954248366014 0.025735294117647058 0.03594771241830066
0 0.6182598039215687 0.8406862745098039 0.023284313725490197 0.03758169934640523
0 0.7113970588235294 0.7990196078431373 0.03308823529411765 0.03594771241830066
0 0.6899509803921569 0.823529411764706 0.0196078431372549 0.0392156862745098
0 0.6672794117647058 0.8276143790849674 0.028186274509803922 0.04738562091503268
0 0.6458333333333334 0.8504901960784313 0.022058823529411763 0.03758169934640523
0 0.6029411764705882 0.869281045751634 0.02696078431372549 0.03594771241830066
0 0.6207107843137255 0.8774509803921569 0.023284313725490197 0.029411764705882353
0 0.6004901960784313 0.9109477124183006 0.02696078431372549 0.04738562091503268
0 0.7837009803921569 0.7614379084967321 0.030637254901960783 0.049019607843137254
0 0.7628676470588235 0.7728758169934641 0.023284313725490197 0.0392156862745098
0 0.7408088235294118 0.7671568627450981 0.01838235294117647 0.03104575163398693
0 0.7432598039215687 0.803921568627451 0.020833333333333332 0.03594771241830066
0 0.727328431372549 0.8431372549019608 0.023284313725490197 0.042483660130718956
0 0.7052696078431372 0.8496732026143791 0.020833333333333332 0.042483660130718956
0 0.6844362745098039 0.8602941176470589 0.028186274509803922 0.04084967320261438
0 0.6550245098039216 0.8872549019607844 0.020833333333333332 0.032679738562091505
0 0.6354166666666666 0.9019607843137255 0.03308823529411765 0.029411764705882353
0 0.664828431372549 0.9060457516339869 0.025735294117647058 0.04084967320261438
0 0.6127450980392157 0.9411764705882353 0.0196078431372549 0.029411764705882353
0 0.6482843137254902 0.9468954248366014 0.022058823529411763 0.04411764705882353
0 0.6703431372549019 0.9419934640522876 0.022058823529411763 0.04084967320261438
0 0.6813725490196079 0.9697712418300654 0.029411764705882353 0.04084967320261438
0 0.9172794117647058 0.7320261437908497 0.03553921568627451 0.06209150326797386
0 0.8933823529411764 0.7369281045751634 0.0196078431372549 0.032679738562091505
0 0.9295343137254902 0.7606209150326798 0.013480392156862746 0.03431372549019608
0 0.8449754901960784 0.7377450980392157 0.030637254901960783 0.03104575163398693
0 0.8590686274509803 0.7508169934640523 0.024509803921568627 0.03104575163398693
0 0.8713235294117647 0.7573529411764706 0.02696078431372549 0.03104575163398693
0 0.8890931372549019 0.7777777777777778 0.028186274509803922 0.04575163398692811
0 0.9178921568627451 0.7802287581699346 0.031862745098039214 0.04411764705882353
0 0.8235294117647058 0.7655228758169935 0.022058823529411763 0.03431372549019608
0 0.8517156862745098 0.7794117647058824 0.01715686274509804 0.026143790849673203
0 0.8694852941176471 0.7933006535947713 0.020833333333333332 0.03431372549019608
0 0.9019607843137255 0.8186274509803921 0.03431372549019608 0.06535947712418301
0 0.9246323529411764 0.8243464052287582 0.023284313725490197 0.04411764705882353
0 0.8180147058823529 0.8104575163398693 0.04044117647058824 0.06535947712418301
0 0.8394607843137255 0.7998366013071896 0.01715686274509804 0.03431372549019608
0 0.8547794117647058 0.8316993464052288 0.03799019607843137 0.06535947712418301
0 0.8768382352941176 0.8341503267973857 0.028186274509803922 0.057189542483660136
0 0.8878676470588235 0.8611111111111112 0.023284313725490197 0.032679738562091505
0 0.7886029411764706 0.8055555555555556 0.020833333333333332 0.03594771241830066
0 0.7947303921568627 0.8349673202614379 0.020833333333333332 0.03594771241830066
0 0.8051470588235294 0.8611111111111112 0.0196078431372549 0.032679738562091505
0 0.7598039215686274 0.8227124183006537 0.01715686274509804 0.02777777777777778
0 0.7579656862745098 0.8504901960784313 0.01838235294117647 0.03431372549019608
0 0.7751225490196079 0.8529411764705883 0.01838235294117647 0.042483660130718956
0 0.6942401960784313 0.8815359477124183 0.01838235294117647 0.03104575163398693
0 0.7064950980392157 0.9003267973856209 0.025735294117647058 0.04575163398692811
0 0.7426470588235294 0.8725490196078431 0.01715686274509804 0.032679738562091505
0 0.7555147058823529 0.8872549019607844 0.020833333333333332 0.032679738562091505
0 0.7267156862745098 0.9019607843137255 0.03431372549019608 0.04575163398692811
0 0.7487745098039216 0.9297385620915033 0.03431372549019608 0.05555555555555556
0 0.7181372549019608 0.9436274509803921 0.022058823529411763 0.04738562091503268
0 0.7095588235294118 0.977124183006536 0.029411764705882353 0.04575163398692811
0 0.8376225490196079 0.8790849673202614 0.028186274509803922 0.05555555555555556
0 0.8627450980392157 0.8676470588235294 0.024509803921568627 0.03594771241830066
0 0.9742647058823529 0.8709150326797386 0.029411764705882353 0.04575163398692811
0 0.9871323529411764 0.8848039215686275 0.023284313725490197 0.03431372549019608
0 0.9803921568627451 0.9158496732026145 0.022058823529411763 0.04738562091503268
0 0.9564950980392156 0.8962418300653595 0.020833333333333332 0.024509803921568627
0 0.9620098039215687 0.923202614379085 0.0196078431372549 0.029411764705882353
0 0.9411764705882353 0.9248366013071896 0.022058823529411763 0.032679738562091505
0 0.9466911764705882 0.9616013071895425 0.03553921568627451 0.06699346405228758
0 0.9816176470588235 0.9616013071895425 0.024509803921568627 0.03758169934640523
0 0.9123774509803921 0.8872549019607844 0.025735294117647058 0.03594771241830066
0 0.8946078431372549 0.9256535947712419 0.041666666666666664 0.07026143790849673
0 0.7837009803921569 0.8905228758169935 0.020833333333333332 0.029411764705882353
0 0.8014705882352942 0.8954248366013072 0.024509803921568627 0.0392156862745098
0 0.8180147058823529 0.8962418300653595 0.023284313725490197 0.03758169934640523
0 0.7781862745098039 0.9199346405228759 0.031862745098039214 0.029411764705882353
0 0.8143382352941176 0.9272875816993464 0.04534313725490196 0.03104575163398693
0 0.7830882352941176 0.9436274509803921 0.02696078431372549 0.03431372549019608
0 0.767156862745098 0.9665032679738562 0.022058823529411763 0.03758169934640523
0 0.8584558823529411 0.917483660130719 0.023284313725490197 0.04411764705882353
0 0.8676470588235294 0.9419934640522876 0.024509803921568627 0.03758169934640523
0 0.9185049019607843 0.9509803921568628 0.028186274509803922 0.032679738562091505
0 0.9178921568627451 0.9763071895424837 0.029411764705882353 0.02777777777777778
0 0.8075980392156863 0.9763071895424837 0.03676470588235294 0.04411764705882353
0 0.8314950980392157 0.9460784313725491 0.01838235294117647 0.0392156862745098
0 0.8370098039215687 0.977124183006536 0.022058823529411763 0.029411764705882353
0 0.8676470588235294 0.9787581699346406 0.03676470588235294 0.042483660130718956
0 0.7205882352941176 0.08986928104575163 0.01715686274509804 0.026143790849673203
