0 0.6066176470588235 0.10866013071895425 0.041666666666666664 0.05392156862745098
0 0.6966911764705882 0.10620915032679738 0.04044117647058824 0.042483660130718956
0 0.7947303921568627 0.05473856209150327 0.05759803921568627 0.07352941176470588
0 0.7555147058823529 0.11029411764705882 0.03553921568627451 0.03758169934640523
0 0.8253676470588235 0.11846405228758171 0.04534313725490196 0.06372549019607843
0 0.7953431372549019 0.13071895424836602 0.0392156862745098 0.042483660130718956
0 0.7855392156862745 0.1593137254901961 0.051470588235294115 0.05065359477124183
0 0.741421568627451 0.1568627450980392 0.044117647058823525 0.04575163398692811
0 0.9154411764705882 0.15522875816993464 0.06862745098039216 0.07189542483660132
0 0.9895833333333334 0.031862745098039214 0.020833333333333332 0.03431372549019608
0 0.9926470588235294 0.09068627450980392 0.014705882352941176 0.04084967320261438
0 0.985906862745098 0.18055555555555555 0.028186274509803922 0.03431372549019608
0 0.9736519607843137 0.19444444444444445 0.04044117647058824 0.04575163398692811
0 0.9368872549019608 0.19444444444444445 0.05024509803921569 0.05228758169934641
0 0.954656862745098 0.2246732026143791 0.044117647058823525 0.04411764705882353
0 0.8860294117647058 0.21160130718954248 0.061274509803921566 0.06699346405228758
0 0.8400735294117647 0.22303921568627452 0.04779411764705882 0.07026143790849673
0 0.897671568627451 0.25326797385620914 0.04534313725490196 0.032679738562091505
0 0.8927696078431372 0.29820261437908496 0.04779411764705882 0.06372549019607843
0 0.8498774509803921 0.27941176470588236 0.05269607843137255 0.05555555555555556
0 0.7990196078431372 0.21568627450980393 0.04656862745098039 0.0392156862745098
0 0.7677696078431372 0.2508169934640523 0.03799019607843137 0.06045751633986928
0 0.7941176470588235 0.25163398692810457 0.04656862745098039 0.06209150326797386
0 0.7536764705882353 0.28104575163398693 0.03676470588235294 0.05555555555555556
0 0.789828431372549 0.2908496732026144 0.023284313725490197 0.058823529411764705
0 0.7352941176470588 0.3137254901960784 0.044117647058823525 0.042483660130718956
0 0.6844362745098039 0.3243464052287582 0.05759803921568627 0.057189542483660136
0 0.8014705882352942 0.33415032679738566 0.044117647058823525 0.05065359477124183
0 0.8394607843137255 0.3431372549019608 0.044117647058823525 0.04575163398692811
0 0.8602941176470588 0.375 0.05392156862745098 0.07679738562091504
0 0.860906862745098 0.42401960784313725 0.05024509803921569 0.04738562091503268
0 0.8884803921568627 0.44607843137254904 0.061274509803921566 0.06209150326797386
0 0.9172794117647058 0.4035947712418301 0.030637254901960783 0.05228758169934641
0 0.9473039215686274 0.4215686274509804 0.051470588235294115 0.04575163398692811
0 0.9730392156862745 0.3897058823529412 0.0392156862745098 0.05065359477124183
0 0.9613970588235294 0.45833333333333337 0.028186274509803922 0.06372549019607843
0 0.946078431372549 0.4820261437908497 0.049019607843137254 0.07189542483660132
0 0.7886029411764706 0.4158496732026144 0.05514705882352941 0.08660130718954248
0 0.7751225490196079 0.35375816993464054 0.05759803921568627 0.05392156862745098
0 0.8247549019607843 0.4477124183006536 0.03431372549019608 0.07189542483660132
0 0.8382352941176471 0.5196078431372549 0.05392156862745098 0.06209150326797386
0 0.8756127450980392 0.5612745098039216 0.05024509803921569 0.06699346405228758
0 0.9852941176470588 0.494281045751634 0.029411764705882353 0.05065359477124183
0 0.9767156862745098 0.016339869281045753 0.029411764705882353 0.029411764705882353
0 0.8075980392156863 0.008986928104575164 0.04656862745098039 0.014705882352941176
0 0.7261029411764706 0.11519607843137256 0.03308823529411765 0.03104575163398693
0 0.8308823529411764 0.17973856209150327 0.03676470588235294 0.03594771241830066
