0 0.48713235294117646 0.19934640522875818 0.07230392156862744 0.06209150326797386
0 0.4540441176470588 0.1715686274509804 0.04534313725490196 0.049019607843137254
0 0.4497549019607843 0.21895424836601307 0.03431372549019608 0.0392156862745098
0 0.41237745098039214 0.18300653594771243 0.04779411764705882 0.05228758169934641
0 0.3995098039215686 0.21486928104575165 0.04656862745098039 0.04084967320261438
0 0.4834558823529412 0.33986928104575165 0.0625 0.05555555555555556
0 0.45465686274509803 0.3839869281045752 0.044117647058823525 0.05228758169934641
0 0.47549019607843135 0.3758169934640523 0.03431372549019608 0.0392156862745098
0 0.5159313725490196 0.4019607843137255 0.0661764705882353 0.06209150326797386
0 0.4730392156862745 0.42728758169934644 0.049019607843137254 0.05392156862745098
0 0.5281862745098039 0.4256535947712418 0.044117647058823525 0.05065359477124183
0 0.5643382352941176 0.4215686274509804 0.04044117647058824 0.05555555555555556
0 0.5943627450980392 0.41911764705882354 0.0392156862745098 0.04738562091503268
0 0.6084558823529411 0.45996732026143794 0.03799019607843137 0.03104575163398693
0 0.6311274509803921 0.40604575163398693 0.051470588235294115 0.04084967320261438
0 0.6593137254901961 0.37663398692810457 0.041666666666666664 0.07026143790849673
0 0.6832107843137255 0.40604575163398693 0.04044117647058824 0.04411764705882353
0 0.6617647058823529 0.4281045751633987 0.0392156862745098 0.032679738562091505
0 0.7107843137254902 0.4795751633986928 0.08333333333333333 0.08333333333333334
0 0.7083333333333334 0.40604575163398693 0.0392156862745098 0.04084967320261438
0 0.7322303921568627 0.39133986928104575 0.04534313725490196 0.06699346405228758
0 0.7156862745098039 0.43709150326797386 0.041666666666666664 0.04084967320261438
0 0.7702205882352942 0.46405228758169936 0.03799019607843137 0.049019607843137254
0 0.7977941176470588 0.4746732026143791 0.03676470588235294 0.04738562091503268
0 0.8186274509803921 0.4084967320261438 0.056372549019607844 0.07189542483660132
0 0.803921568627451 0.3504901960784314 0.05392156862745098 0.04738562091503268
0 0.8731617647058824 0.3480392156862745 0.04044117647058824 0.042483660130718956
0 0.9099264705882353 0.4223856209150327 0.0625 0.07352941176470588
0 0.9142156862745098 0.37990196078431376 0.029411764705882353 0.03104575163398693
0 0.9522058823529411 0.4395424836601307 0.03431372549019608 0.03594771241830066
0 0.6317401960784313 0.4395424836601307 0.030637254901960783 0.032679738562091505
0 0.6568627450980392 0.4575163398692811 0.029411764705882353 0.029411764705882353
0 0.7028186274509803 0.33986928104575165 0.025735294117647058 0.0392156862745098
0 0.6942401960784313 0.3651960784313726 0.04044117647058824 0.057189542483660136
0 0.7297794117647058 0.3553921568627451 0.03553921568627451 0.03104575163398693
0 0.7843137254901961 0.42647058823529416 0.058823529411764705 0.049019607843137254
0 0.7444852941176471 0.4542483660130719 0.03308823529411765 0.042483660130718956
0 0.8406862745098039 0.4485294117647059 0.02696078431372549 0.03104575163398693
0 0.9473039215686274 0.41258169934640526 0.02696078431372549 0.024509803921568627
0 0.8829656862745098 0.37990196078431376 0.04534313725490196 0.05392156862745098
0 0.8370098039215687 0.3709150326797386 0.03431372549019608 0.032679738562091505
0 0.8511029411764706 0.4150326797385621 0.04044117647058824 0.06535947712418301
0 0.8768382352941176 0.428921568627451 0.023284313725490197 0.04411764705882353
