0 0.985906862745098 0.06781045751633988 0.028186274509803922 0.05065359477124183
0 0.9816176470588235 0.12990196078431374 0.024509803921568627 0.06045751633986928
0 0.9908088235294118 0.4281045751633987 0.01838235294117647 0.04575163398692811
0 0.9607843137254902 0.5204248366013072 0.024509803921568627 0.04084967320261438
0 0.9797794117647058 0.5955882352941176 0.025735294117647058 0.04411764705882353
0 0.9589460784313726 0.2361111111111111 0.023284313725490197 0.04738562091503268
0 0.9963235294117647 0.04656862745098039 0.007352941176470588 0.03104575163398693
0 0.9963235294117647 0.09640522875816994 0.007352941176470588 0.022875816993464054
0 0.9944852941176471 0.12091503267973856 0.011029411764705881 0.032679738562091505
0 0.991421568627451 0.16094771241830066 0.01715686274509804 0.03431372549019608
0 0.9926470588235294 0.20016339869281047 0.014705882352941176 0.03104575163398693
0 0.9816176470588235 0.2246732026143791 0.03676470588235294 0.057189542483660136
0 0.9901960784313726 0.3161764705882353 0.0196078431372549 0.03431372549019608
0 0.9613970588235294 0.3227124183006536 0.03308823529411765 0.03431372549019608
0 0.977328431372549 0.3472222222222222 0.028186274509803922 0.03758169934640523
0 0.9779411764705882 0.37990196078431376 0.029411764705882353 0.02777777777777778
0 0.9957107843137255 0.3619281045751634 0.00857843137254902 0.04738562091503268
0 0.9767156862745098 0.411764705882353 0.029411764705882353 0.04575163398692811
0 0.9430147058823529 0.46405228758169936 0.04044117647058824 0.06209150326797386
0 0.9724264705882353 0.4852941176470588 0.025735294117647058 0.029411764705882353
0 0.9938725490196079 0.49754901960784315 0.012254901960784314 0.03431372549019608
0 0.9430147058823529 0.5302287581699346 0.023284313725490197 0.03758169934640523
0 0.9595588235294118 0.5604575163398693 0.029411764705882353 0.04575163398692811
0 0.9797794117647058 0.5433006535947713 0.023284313725490197 0.04738562091503268
0 0.9932598039215687 0.5580065359477124 0.013480392156862746 0.06699346405228758
0 0.9564950980392156 0.6045751633986929 0.025735294117647058 0.04575163398692811
0 0.9613970588235294 0.6486928104575164 0.01838235294117647 0.03594771241830066
0 0.9834558823529411 0.6413398692810458 0.03308823529411765 0.04411764705882353
0 0.9803921568627451 0.690359477124183 0.0392156862745098 0.07026143790849673
0 0.9221813725490196 0.7434640522875817 0.025735294117647058 0.042483660130718956
0 0.9779411764705882 0.7401960784313726 0.022058823529411763 0.03594771241830066
0 0.9871323529411764 0.763888888888889 0.025735294117647058 0.05392156862745098
0 0.9730392156862745 0.7908496732026145 0.029411764705882353 0.029411764705882353
0 0.9650735294117647 0.8218954248366014 0.023284313725490197 0.042483660130718956
0 0.9920343137254902 0.823529411764706 0.015931372549019607 0.05228758169934641
0 0.9791666666666666 0.8431372549019608 0.014705882352941176 0.032679738562091505
0 0.9393382352941176 0.869281045751634 0.028186274509803922 0.022875816993464054
0 0.96875 0.8651960784313726 0.025735294117647058 0.03104575163398693
0 0.9938725490196079 0.8774509803921569 0.012254901960784314 0.05228758169934641
0 0.9356617647058824 0.9076797385620915 0.030637254901960783 0.05065359477124183
0 0.9534313725490196 0.9011437908496732 0.022058823529411763 0.04084967320261438
0 0.9693627450980392 0.8954248366013072 0.0196078431372549 0.032679738562091505
0 0.9871323529411764 0.9223856209150327 0.01838235294117647 0.04084967320261438
0 0.9748774509803921 0.9305555555555556 0.023284313725490197 0.04084967320261438
0 0.954656862745098 0.940359477124183 0.0196078431372549 0.03758169934640523
0 0.9466911764705882 0.9763071895424837 0.028186274509803922 0.03431372549019608
0 0.9650735294117647 0.9697712418300654 0.015931372549019607 0.03431372549019608
0 0.9767156862745098 0.9787581699346406 0.01715686274509804 0.03594771241830066
0 0.991421568627451 0.9656862745098039 0.01715686274509804 0.049019607843137254
