0 0.14705882352941177 0.4419934640522876 0.0392156862745098 0.03431372549019608
0 0.17830882352941177 0.440359477124183 0.025735294117647058 0.021241830065359478
0 0.2034313725490196 0.4526143790849673 0.029411764705882353 0.022875816993464054
0 0.18566176470588236 0.46486928104575165 0.028186274509803922 0.024509803921568627
0 0.11825980392156862 0.4281045751633987 0.023284313725490197 0.022875816993464054
0 0.11642156862745098 0.44689542483660133 0.02696078431372549 0.021241830065359478
0 0.12316176470588235 0.47794117647058826 0.05269607843137255 0.04411764705882353
0 0.1256127450980392 0.513888888888889 0.03553921568627451 0.04084967320261438
0 0.09681372549019608 0.5049019607843137 0.0196078431372549 0.022875816993464054
0 0.09620098039215687 0.5285947712418301 0.028186274509803922 0.024509803921568627
0 0.09252450980392157 0.5612745098039216 0.028186274509803922 0.04411764705882353
0 0.16237745098039216 0.4991830065359477 0.03799019607843137 0.06045751633986928
0 0.16605392156862744 0.5416666666666666 0.03308823529411765 0.03104575163398693
0 0.1917892156862745 0.5106209150326797 0.0428921568627451 0.03431372549019608
0 0.23774509803921567 0.5032679738562091 0.03676470588235294 0.032679738562091505
0 0.24509803921568626 0.5302287581699346 0.04656862745098039 0.03758169934640523
0 0.20833333333333334 0.5490196078431373 0.058823529411764705 0.05228758169934641
0 0.19117647058823528 0.5718954248366013 0.029411764705882353 0.032679738562091505
0 0.26409313725490197 0.5008169934640523 0.01838235294117647 0.03104575163398693
0 0.30330882352941174 0.5 0.03799019607843137 0.026143790849673203
0 0.31066176470588236 0.5334967320261438 0.03553921568627451 0.04738562091503268
0 0.2579656862745098 0.5833333333333334 0.04779411764705882 0.06535947712418301
0 0.2971813725490196 0.5751633986928105 0.05514705882352941 0.049019607843137254
0 0.3517156862745098 0.5310457516339869 0.0392156862745098 0.0392156862745098
0 0.3602941176470588 0.5620915032679739 0.049019607843137254 0.0392156862745098
0 0.33455882352941174 0.5964052287581699 0.0196078431372549 0.022875816993464054
0 0.29840686274509803 0.6143790849673203 0.023284313725490197 0.0196078431372549
0 0.3425245098039216 0.625 0.030637254901960783 0.03104575163398693
0 0.3290441176470588 0.6119281045751634 0.028186274509803922 0.02777777777777778
0 0.38909313725490197 0.5465686274509804 0.028186274509803922 0.024509803921568627
0 0.37806372549019607 0.5988562091503268 0.05514705882352941 0.04411764705882353
0 0.4491421568627451 0.5857843137254902 0.03308823529411765 0.03104575163398693
0 0.414828431372549 0.5841503267973857 0.03799019607843137 0.02777777777777778
0 0.3952205882352941 0.5669934640522876 0.025735294117647058 0.026143790849673203
0 0.42401960784313725 0.5988562091503268 0.02696078431372549 0.021241830065359478
0 0.41605392156862747 0.6143790849673203 0.020833333333333332 0.022875816993464054
0 0.6623774509803921 0.6691176470588236 0.030637254901960783 0.024509803921568627
0 0.6905637254901961 0.6625816993464052 0.028186274509803922 0.021241830065359478
0 0.6868872549019608 0.6944444444444444 0.025735294117647058 0.03594771241830066
0 0.704656862745098 0.7214052287581699 0.024509803921568627 0.03104575163398693
0 0.7463235294117647 0.738562091503268 0.031862745098039214 0.03594771241830066
0 0.7365196078431372 0.6781045751633987 0.06372549019607843 0.0392156862745098
0 0.741421568627451 0.704248366013072 0.0392156862745098 0.03594771241830066
0 0.7879901960784313 0.698529411764706 0.051470588235294115 0.05065359477124183
0 0.7787990196078431 0.7312091503267975 0.03799019607843137 0.03758169934640523
0 0.8314950980392157 0.7295751633986929 0.05514705882352941 0.057189542483660136
0 0.8676470588235294 0.7148692810457516 0.049019607843137254 0.057189542483660136
0 0.21446078431372548 0.49101307189542487 0.029411764705882353 0.021241830065359478
0 0.3314950980392157 0.5702614379084967 0.020833333333333332 0.022875816993464054
0 0.3480392156862745 0.5849673202614379 0.012254901960784314 0.026143790849673203
