0 0.41973039215686275 0.07352941176470588 0.03308823529411765 0.022875816993464054
0 0.4154411764705882 0.09150326797385622 0.02696078431372549 0.022875816993464054
0 0.41605392156862747 0.11111111111111112 0.025735294117647058 0.022875816993464054
0 0.39338235294117646 0.10130718954248366 0.022058823529411763 0.022875816993464054
0 0.3903186274509804 0.08333333333333334 0.028186274509803922 0.029411764705882353
0 0.3676470588235294 0.09150326797385622 0.029411764705882353 0.022875816993464054
0 0.35661764705882354 0.07434640522875817 0.029411764705882353 0.021241830065359478
0 0.9491421568627451 0.021241830065359478 0.015931372549019607 0.03594771241830066
0 0.9810049019607843 0.013071895424836602 0.03799019607843137 0.022875816993464054
0 0.9197303921568627 0.016339869281045753 0.028186274509803922 0.026143790849673203
0 0.8890931372549019 0.021241830065359478 0.01838235294117647 0.026143790849673203
0 0.8694852941176471 0.01797385620915033 0.023284313725490197 0.032679738562091505
0 0.8425245098039216 0.013071895424836602 0.0428921568627451 0.022875816993464054
