0 0.020833333333333332 0.016339869281045753 0.024509803921568627 0.029411764705882353
0 0.04044117647058824 0.02696078431372549 0.022058823529411763 0.04411764705882353
0 0.007352941176470588 0.040032679738562095 0.012254901960784314 0.04738562091503268
0 0.02389705882352941 0.05392156862745098 0.03308823529411765 0.049019607843137254
0 0.049019607843137254 0.06862745098039216 0.02696078431372549 0.04575163398692811
0 0.02144607843137255 0.08986928104575163 0.025735294117647058 0.04575163398692811
0 0.011642156862745098 0.09722222222222222 0.020833333333333332 0.04738562091503268
0 0.04718137254901961 0.11111111111111112 0.03799019607843137 0.07516339869281045
0 0.016544117647058824 0.13480392156862744 0.020833333333333332 0.03758169934640523
0 0.029411764705882353 0.16830065359477125 0.029411764705882353 0.06209150326797386
0 0.051470588235294115 0.15604575163398693 0.024509803921568627 0.04411764705882353
0 0.016544117647058824 0.18300653594771243 0.030637254901960783 0.049019607843137254
0 0.05943627450980392 0.2034313725490196 0.028186274509803922 0.06372549019607843
0 0.03676470588235294 0.2238562091503268 0.024509803921568627 0.05228758169934641
0 0.012254901960784314 0.20833333333333334 0.022058823529411763 0.04738562091503268
0 0.022058823529411763 0.21895424836601307 0.0196078431372549 0.04575163398692811
0 0.0625 0.26143790849673204 0.02696078431372549 0.0392156862745098
0 0.0392156862745098 0.2630718954248366 0.0196078431372549 0.04575163398692811
0 0.01838235294117647 0.25571895424836605 0.0196078431372549 0.04411764705882353
0 0.011642156862745098 0.29820261437908496 0.020833333333333332 0.04738562091503268
0 0.03002450980392157 0.29248366013071897 0.020833333333333332 0.04575163398692811
0 0.049019607843137254 0.3006535947712418 0.02696078431372549 0.05228758169934641
0 0.07536764705882353 0.29330065359477125 0.03308823529411765 0.03758169934640523
0 0.07291666666666667 0.3284313725490196 0.03308823529411765 0.04575163398692811
0 0.024509803921568627 0.33088235294117646 0.02696078431372549 0.03758169934640523
0 0.011029411764705881 0.35866013071895425 0.0196078431372549 0.06045751633986928
0 0.04105392156862745 0.35784313725490197 0.028186274509803922 0.058823529411764705
0 0.06066176470588235 0.3480392156862745 0.023284313725490197 0.042483660130718956
0 0.07965686274509803 0.37990196078431376 0.0196078431372549 0.04084967320261438
0 0.05759803921568627 0.3839869281045752 0.022058823529411763 0.042483660130718956
0 0.026348039215686275 0.41339869281045755 0.04044117647058824 0.06209150326797386
0 0.011029411764705881 0.4338235294117647 0.0196078431372549 0.04084967320261438
0 0.05514705882352941 0.4150326797385621 0.022058823529411763 0.03594771241830066
0 0.07230392156862744 0.41748366013071897 0.022058823529411763 0.04084967320261438
0 0.08700980392156862 0.4150326797385621 0.0196078431372549 0.042483660130718956
0 0.03860294117647059 0.4607843137254902 0.028186274509803922 0.06209150326797386
0 0.06924019607843138 0.4665032679738562 0.03799019607843137 0.07679738562091504
0 0.09497549019607843 0.46895424836601307 0.03553921568627451 0.049019607843137254
0 0.022058823529411763 0.48284313725490197 0.022058823529411763 0.04411764705882353
0 0.011642156862745098 0.5049019607843137 0.020833333333333332 0.05555555555555556
0 0.03799019607843137 0.5318627450980392 0.044117647058823525 0.07352941176470588
0 0.08517156862745098 0.542483660130719 0.03553921568627451 0.06535947712418301
0 0.011029411764705881 0.559640522875817 0.0196078431372549 0.08006535947712419
0 0.032475490196078434 0.5743464052287582 0.04044117647058824 0.06045751633986928
0 0.056372549019607844 0.5874183006535948 0.024509803921568627 0.05392156862745098
0 0.07904411764705882 0.6021241830065359 0.03799019607843137 0.08006535947712419
0 0.1017156862745098 0.5751633986928105 0.022058823529411763 0.042483660130718956
0 0.011029411764705881 0.6037581699346405 0.0196078431372549 0.03431372549019608
0 0.018995098039215685 0.6184640522875817 0.020833333333333332 0.03431372549019608
0 0.03125 0.6511437908496732 0.023284313725490197 0.05065359477124183
0 0.00980392156862745 0.6454248366013072 0.01715686274509804 0.0392156862745098
0 0.013480392156862746 0.6748366013071896 0.024509803921568627 0.05555555555555556
0 0.044117647058823525 0.6748366013071896 0.0196078431372549 0.0392156862745098
0 0.0704656862745098 0.6756535947712419 0.03308823529411765 0.06045751633986928
0 0.08700980392156862 0.6576797385620915 0.022058823529411763 0.04738562091503268
0 0.09497549019607843 0.6944444444444444 0.0428921568627451 0.0784313725490196
0 0.03125 0.6928104575163399 0.025735294117647058 0.0392156862745098
0 0.061887254901960786 0.7352941176470589 0.04534313725490196 0.07516339869281045
0 0.0900735294117647 0.744281045751634 0.030637254901960783 0.03431372549019608
0 0.10049019607843138 0.7826797385620915 0.04656862745098039 0.049019607843137254
0 0.014093137254901961 0.7205882352941176 0.020833333333333332 0.04575163398692811
0 0.029411764705882353 0.7295751633986929 0.022058823529411763 0.04411764705882353
0 0.009191176470588236 0.7549019607843137 0.015931372549019607 0.05228758169934641
0 0.018995098039215685 0.7687908496732027 0.028186274509803922 0.057189542483660136
0 0.042279411764705885 0.7777777777777778 0.03799019607843137 0.03594771241830066
0 0.07352941176470588 0.8071895424836601 0.04656862745098039 0.08496732026143791
0 0.09375 0.8382352941176471 0.030637254901960783 0.05228758169934641
0 0.044730392156862746 0.8382352941176471 0.04044117647058824 0.07516339869281045
0 0.01715686274509804 0.8398692810457516 0.022058823529411763 0.049019607843137254
0 0.015318627450980392 0.8839869281045752 0.028186274509803922 0.0784313725490196
0 0.03125 0.8856209150326798 0.01838235294117647 0.049019607843137254
0 0.04656862745098039 0.9109477124183006 0.029411764705882353 0.06699346405228758
0 0.0704656862745098 0.8766339869281046 0.025735294117647058 0.03758169934640523
0 0.07475490196078431 0.9183006535947713 0.03431372549019608 0.06209150326797386
0 0.0857843137254902 0.9697712418300654 0.02696078431372549 0.05065359477124183
0 0.061887254901960786 0.9632352941176471 0.03308823529411765 0.06045751633986928
0 0.0196078431372549 0.940359477124183 0.031862745098039214 0.04411764705882353
0 0.01838235294117647 0.9763071895424837 0.02696078431372549 0.03431372549019608
0 0.03370098039215686 0.9575163398692811 0.025735294117647058 0.042483660130718956
0 0.23590686274509803 0.8390522875816994 0.028186274509803922 0.04738562091503268
0 0.25183823529411764 0.6879084967320261 0.025735294117647058 0.049019607843137254
