0 0.061887254901960786 0.04330065359477124 0.04044117647058824 0.08333333333333334
0 0.09620098039215687 0.0196078431372549 0.03553921568627451 0.03594771241830066
0 0.09068627450980392 0.049836601307189546 0.02696078431372549 0.05065359477124183
0 0.11213235294117647 0.07189542483660132 0.023284313725490197 0.042483660130718956
0 0.08272058823529412 0.0923202614379085 0.028186274509803922 0.057189542483660136
0 0.11458333333333333 0.11601307189542484 0.03799019607843137 0.04575163398692811
0 0.08762254901960784 0.13071895424836602 0.028186274509803922 0.032679738562091505
0 0.10845588235294118 0.16748366013071897 0.025735294117647058 0.05392156862745098
0 0.12745098039215685 0.1650326797385621 0.022058823529411763 0.05228758169934641
0 0.08823529411764705 0.184640522875817 0.024509803921568627 0.04575163398692811
0 0.1090686274509804 0.22058823529411764 0.02696078431372549 0.05555555555555556
0 0.39705882352941174 0.8104575163398693 0.07598039215686274 0.08823529411764706
0 0.4638480392156863 0.9370915032679739 0.03799019607843137 0.06372549019607843
0 0.14399509803921567 0.8063725490196079 0.020833333333333332 0.04084967320261438
0 0.16973039215686275 0.8333333333333334 0.03308823529411765 0.05555555555555556
0 0.20404411764705882 0.8709150326797386 0.028186274509803922 0.058823529411764705
0 0.18566176470588236 0.8815359477124183 0.025735294117647058 0.05392156862745098
0 0.17401960784313725 0.9158496732026145 0.024509803921568627 0.04411764705882353
0 0.19730392156862744 0.9460784313725491 0.031862745098039214 0.06209150326797386
0 0.20955882352941177 0.988562091503268 0.031862745098039214 0.022875816993464054
0 0.029411764705882353 0.9795751633986929 0.03676470588235294 0.03431372549019608
0 0.1605392156862745 0.5661764705882353 0.029411764705882353 0.05065359477124183
0 0.16605392156862744 0.6356209150326798 0.05269607843137255 0.10130718954248366
0 0.8700980392156863 0.3839869281045752 0.05392156862745098 0.042483660130718956
