0 0.41421568627450983 0.011642156862745098 0.02777777777777778 0.020833333333333332
0 0.29983660130718953 0.015931372549019607 0.02777777777777778 0.024509803921568627
0 0.28758169934640526 0.061274509803921566 0.026143790849673203 0.022058823529411763
0 0.3145424836601307 0.09252450980392157 0.03104575163398693 0.03553921568627451
0 0.24918300653594772 0.12071078431372549 0.024509803921568627 0.028186274509803922
0 0.3831699346405229 0.20588235294117646 0.021241830065359478 0.02696078431372549
0 0.07598039215686275 0.03615196078431372 0.02777777777777778 0.03553921568627451
0 0.06781045751633988 0.06495098039215687 0.03431372549019608 0.0196078431372549
0 0.05800653594771242 0.0857843137254902 0.024509803921568627 0.0196078431372549
0 0.10375816993464053 0.0974264705882353 0.024509803921568627 0.023284313725490197
0 0.06781045751633988 0.10784313725490197 0.02777777777777778 0.022058823529411763
0 0.05392156862745098 0.13786764705882354 0.032679738562091505 0.030637254901960783
0 0.08088235294117647 0.1482843137254902 0.02777777777777778 0.031862745098039214
0 0.03676470588235294 0.1764705882352941 0.024509803921568627 0.02696078431372549
0 0.04575163398692811 0.18933823529411764 0.026143790849673203 0.03308823529411765
0 0.028594771241830068 0.19424019607843138 0.021241830065359478 0.025735294117647058
0 0.022058823529411766 0.2181372549019608 0.024509803921568627 0.02696078431372549
0 0.008169934640522876 0.22120098039215685 0.013071895424836602 0.03799019607843137
0 0.022875816993464054 0.2622549019607843 0.026143790849673203 0.02696078431372549
0 0.04166666666666667 0.2542892156862745 0.021241830065359478 0.01838235294117647
0 0.09722222222222222 0.27450980392156865 0.024509803921568627 0.031862745098039214
0 0.23447712418300654 0.32169117647058826 0.02777777777777778 0.025735294117647058
0 0.010620915032679739 0.29473039215686275 0.01797385620915033 0.023284313725490197
0 0.022875816993464054 0.29411764705882354 0.0196078431372549 0.024509803921568627
0 0.00980392156862745 0.3137254901960784 0.016339869281045753 0.029411764705882353
0 0.04656862745098039 0.31004901960784315 0.03104575163398693 0.0196078431372549
0 0.06699346405228758 0.29105392156862747 0.022875816993464054 0.030637254901960783
0 0.06699346405228758 0.2696078431372549 0.022875816993464054 0.022058823529411763
0 0.06209150326797386 0.3553921568627451 0.032679738562091505 0.031862745098039214
0 0.022875816993464054 0.3553921568627451 0.0392156862745098 0.0392156862745098
0 0.018790849673202614 0.4227941176470588 0.024509803921568627 0.0392156862745098
0 0.0857843137254902 0.4264705882352941 0.01797385620915033 0.024509803921568627
0 0.11846405228758171 0.3517156862745098 0.03758169934640523 0.041666666666666664
0 0.12581699346405228 0.31004901960784315 0.029411764705882353 0.031862745098039214
0 0.16339869281045752 0.3431372549019608 0.032679738562091505 0.02696078431372549
0 0.15441176470588236 0.3676470588235294 0.024509803921568627 0.029411764705882353
0 0.008169934640522876 0.46875 0.013071895424836602 0.023284313725490197
0 0.01388888888888889 0.38480392156862747 0.024509803921568627 0.02696078431372549
0 0.4820261437908497 0.007965686274509803 0.029411764705882353 0.013480392156862746
0 0.022875816993464054 0.5263480392156863 0.016339869281045753 0.025735294117647058
0 0.04820261437908497 0.5459558823529411 0.021241830065359478 0.030637254901960783
0 0.021241830065359478 0.5606617647058824 0.022875816993464054 0.030637254901960783
0 0.025326797385620915 0.5949754901960784 0.021241830065359478 0.030637254901960783
0 0.01797385620915033 0.6237745098039216 0.026143790849673203 0.031862745098039214
0 0.03349673202614379 0.6715686274509803 0.021241830065359478 0.024509803921568627
0 0.016339869281045753 0.6936274509803921 0.022875816993464054 0.02696078431372549
0 0.012254901960784314 0.7120098039215687 0.014705882352941176 0.024509803921568627
0 0.00980392156862745 0.727328431372549 0.016339869281045753 0.025735294117647058
0 0.04820261437908497 0.7616421568627451 0.021241830065359478 0.025735294117647058
0 0.042483660130718956 0.7904411764705882 0.026143790849673203 0.024509803921568627
0 0.07761437908496732 0.8817401960784313 0.03104575163398693 0.03553921568627451
0 0.03431372549019608 0.875 0.022875816993464054 0.0196078431372549
0 0.018790849673202614 0.8903186274509803 0.024509803921568627 0.025735294117647058
0 0.026143790849673203 0.7996323529411764 0.022875816993464054 0.028186274509803922
0 0.01797385620915033 0.8137254901960784 0.026143790849673203 0.03431372549019608
0 0.00980392156862745 0.7732843137254902 0.016339869281045753 0.0392156862745098
0 0.015522875816993464 0.9564950980392156 0.024509803921568627 0.025735294117647058
0 0.01388888888888889 0.8357843137254902 0.021241830065359478 0.02696078431372549
