0 0.016544117647058824 0.49264705882352944 0.030637254901960783 0.021241830065359478
0 0.04044117647058824 0.5081699346405228 0.029411764705882353 0.022875816993464054
0 0.03553921568627451 0.5400326797385621 0.031862745098039214 0.024509803921568627
0 0.07107843137254902 0.5261437908496732 0.041666666666666664 0.026143790849673203
0 0.015318627450980392 0.5122549019607844 0.028186274509803922 0.02777777777777778
0 0.09313725490196079 0.47794117647058826 0.014705882352941176 0.03104575163398693
0 0.13909313725490197 0.4616013071895425 0.028186274509803922 0.024509803921568627
0 0.16911764705882354 0.4485294117647059 0.024509803921568627 0.021241830065359478
0 0.2113970588235294 0.43709150326797386 0.028186274509803922 0.03431372549019608
0 0.26409313725490197 0.45016339869281047 0.03553921568627451 0.03104575163398693
0 0.22549019607843138 0.4550653594771242 0.029411764705882353 0.024509803921568627
0 0.19056372549019607 0.4681372549019608 0.020833333333333332 0.03104575163398693
0 0.20833333333333334 0.477124183006536 0.0196078431372549 0.03594771241830066
0 0.1715686274509804 0.46895424836601307 0.0196078431372549 0.029411764705882353
0 0.15012254901960784 0.47875816993464054 0.025735294117647058 0.026143790849673203
0 0.11948529411764705 0.5073529411764706 0.05024509803921569 0.04411764705882353
0 0.08700980392156862 0.5065359477124183 0.022058823529411763 0.032679738562091505
0 0.09068627450980392 0.5310457516339869 0.022058823529411763 0.032679738562091505
0 0.3229166666666667 0.45669934640522875 0.025735294117647058 0.021241830065359478
0 0.3075980392156863 0.47303921568627455 0.029411764705882353 0.024509803921568627
0 0.33455882352941174 0.48366013071895425 0.024509803921568627 0.026143790849673203
0 0.3137254901960784 0.49183006535947715 0.031862745098039214 0.022875816993464054
0 0.29044117647058826 0.48366013071895425 0.0196078431372549 0.032679738562091505
0 0.27144607843137253 0.4812091503267974 0.025735294117647058 0.02777777777777778
0 0.2512254901960784 0.48366013071895425 0.02696078431372549 0.032679738562091505
0 0.2261029411764706 0.47385620915032683 0.025735294117647058 0.022875816993464054
0 0.22242647058823528 0.49101307189542487 0.023284313725490197 0.024509803921568627
0 0.24019607843137256 0.4991830065359477 0.01715686274509804 0.03431372549019608
0 0.26715686274509803 0.5147058823529412 0.051470588235294115 0.042483660130718956
0 0.3051470588235294 0.5114379084967321 0.03431372549019608 0.022875816993464054
0 0.32230392156862747 0.5253267973856209 0.031862745098039214 0.02777777777777778
0 0.1948529411764706 0.49183006535947715 0.02696078431372549 0.026143790849673203
0 0.1868872549019608 0.5130718954248367 0.03553921568627451 0.029411764705882353
0 0.12377450980392157 0.5637254901960784 0.022058823529411763 0.029411764705882353
0 0.14338235294117646 0.5702614379084967 0.02696078431372549 0.026143790849673203
0 0.16789215686274508 0.571078431372549 0.0392156862745098 0.02777777777777778
0 0.18566176470588236 0.548202614379085 0.01838235294117647 0.03758169934640523
0 0.1568627450980392 0.542483660130719 0.049019607843137254 0.03594771241830066
0 0.19852941176470587 0.548202614379085 0.022058823529411763 0.021241830065359478
0 0.21384803921568626 0.5433006535947713 0.020833333333333332 0.03104575163398693
0 0.2389705882352941 0.5359477124183006 0.02696078431372549 0.026143790849673203
0 0.24080882352941177 0.5555555555555556 0.030637254901960783 0.022875816993464054
0 0.25306372549019607 0.5629084967320261 0.025735294117647058 0.024509803921568627
0 0.21446078431372548 0.5661764705882353 0.029411764705882353 0.021241830065359478
0 0.2346813725490196 0.5784313725490197 0.023284313725490197 0.026143790849673203
0 0.2861519607843137 0.5433006535947713 0.025735294117647058 0.02777777777777778
0 0.32965686274509803 0.5571895424836601 0.05392156862745098 0.04575163398692811
0 0.3627450980392157 0.46486928104575165 0.03431372549019608 0.03758169934640523
0 0.3602941176470588 0.49101307189542487 0.029411764705882353 0.024509803921568627
0 0.3633578431372549 0.5130718954248367 0.028186274509803922 0.026143790849673203
0 0.3443627450980392 0.5106209150326797 0.0196078431372549 0.021241830065359478
0 0.34681372549019607 0.5294117647058824 0.02696078431372549 0.022875816993464054
0 0.3633578431372549 0.5383986928104575 0.030637254901960783 0.02777777777777778
0 0.258578431372549 0.5825163398692811 0.02696078431372549 0.024509803921568627
0 0.29411764705882354 0.5816993464052288 0.056372549019607844 0.0392156862745098
0 0.2775735294117647 0.559640522875817 0.028186274509803922 0.021241830065359478
0 0.21323529411764705 0.5800653594771242 0.024509803921568627 0.0196078431372549
0 0.3290441176470588 0.5939542483660131 0.023284313725490197 0.02777777777777778
0 0.3866421568627451 0.46405228758169936 0.020833333333333332 0.029411764705882353
0 0.38235294117647056 0.4820261437908497 0.024509803921568627 0.026143790849673203
0 0.4074754901960784 0.48284313725490197 0.03308823529411765 0.02777777777777778
0 0.41911764705882354 0.494281045751634 0.029411764705882353 0.02777777777777778
0 0.3915441176470588 0.5032679738562091 0.028186274509803922 0.026143790849673203
0 0.40870098039215685 0.5163398692810458 0.03308823529411765 0.026143790849673203
0 0.4620098039215686 0.4877450980392157 0.02696078431372549 0.024509803921568627
0 0.45098039215686275 0.5024509803921569 0.02696078431372549 0.024509803921568627
0 0.4699754901960784 0.5351307189542484 0.04779411764705882 0.057189542483660136
0 0.42034313725490197 0.5318627450980392 0.029411764705882353 0.03431372549019608
0 0.3866421568627451 0.5285947712418301 0.030637254901960783 0.03104575163398693
0 0.3988970588235294 0.5686274509803921 0.05269607843137255 0.042483660130718956
0 0.40379901960784315 0.6094771241830066 0.025735294117647058 0.0196078431372549
0 0.4105392156862745 0.5964052287581699 0.022058823529411763 0.016339869281045753
0 0.44424019607843135 0.5547385620915033 0.030637254901960783 0.03104575163398693
0 0.43933823529411764 0.5857843137254902 0.05759803921568627 0.04411764705882353
0 0.42463235294117646 0.6094771241830066 0.025735294117647058 0.0196078431372549
0 0.446078431372549 0.6111111111111112 0.0196078431372549 0.0196078431372549
0 0.36887254901960786 0.5588235294117647 0.01715686274509804 0.022875816993464054
0 0.3596813725490196 0.6004901960784313 0.015931372549019607 0.021241830065359478
0 0.375 0.5939542483660131 0.01715686274509804 0.024509803921568627
0 0.4852941176470588 0.5678104575163399 0.024509803921568627 0.02777777777777778
0 0.4810049019607843 0.5 0.028186274509803922 0.026143790849673203
0 0.49754901960784315 0.5073529411764706 0.0196078431372549 0.03431372549019608
0 0.5159313725490196 0.5179738562091504 0.02696078431372549 0.032679738562091505
0 0.5392156862745098 0.5269607843137255 0.029411764705882353 0.02777777777777778
0 0.5055147058823529 0.5351307189542484 0.03308823529411765 0.02777777777777778
0 0.5343137254901961 0.5563725490196079 0.03676470588235294 0.04411764705882353
0 0.5042892156862745 0.565359477124183 0.025735294117647058 0.03594771241830066
0 0.5202205882352942 0.5784313725490197 0.03308823529411765 0.022875816993464054
0 0.4779411764705882 0.5947712418300654 0.022058823529411763 0.0196078431372549
0 0.4993872549019608 0.5947712418300654 0.028186274509803922 0.0196078431372549
0 0.4693627450980392 0.6094771241830066 0.03431372549019608 0.026143790849673203
0 0.49754901960784315 0.6160130718954249 0.031862745098039214 0.022875816993464054
0 0.5490196078431373 0.619281045751634 0.03431372549019608 0.026143790849673203
0 0.5900735294117647 0.5465686274509804 0.03308823529411765 0.024509803921568627
0 0.5919117647058824 0.5743464052287582 0.044117647058823525 0.04084967320261438
0 0.6268382352941176 0.573529411764706 0.030637254901960783 0.032679738562091505
0 0.6372549019607843 0.5980392156862745 0.03676470588235294 0.029411764705882353
0 0.5968137254901961 0.6037581699346405 0.029411764705882353 0.02777777777777778
0 0.5569852941176471 0.5800653594771242 0.028186274509803922 0.0196078431372549
0 0.5625 0.5563725490196079 0.029411764705882353 0.024509803921568627
0 0.5232843137254902 0.6176470588235294 0.022058823529411763 0.026143790849673203
0 0.6482843137254902 0.6241830065359477 0.03431372549019608 0.032679738562091505
0 0.6721813725490196 0.6168300653594772 0.028186274509803922 0.04411764705882353
0 0.7015931372549019 0.5718954248366013 0.05269607843137255 0.042483660130718956
0 0.6819852941176471 0.5923202614379085 0.025735294117647058 0.02777777777777778
0 0.7040441176470588 0.6111111111111112 0.023284313725490197 0.0392156862745098
0 0.6887254901960784 0.630718954248366 0.024509803921568627 0.032679738562091505
0 0.6936274509803921 0.6478758169934641 0.024509803921568627 0.021241830065359478
0 0.7150735294117647 0.638888888888889 0.030637254901960783 0.026143790849673203
0 0.7567401960784313 0.5498366013071896 0.03553921568627451 0.02777777777777778
0 0.7340686274509803 0.5620915032679739 0.0196078431372549 0.029411764705882353
0 0.7463235294117647 0.5800653594771242 0.03676470588235294 0.026143790849673203
0 0.772671568627451 0.573529411764706 0.01838235294117647 0.032679738562091505
0 0.7610294117647058 0.6053921568627452 0.05392156862745098 0.04738562091503268
0 0.7248774509803921 0.607843137254902 0.023284313725490197 0.032679738562091505
0 0.7567401960784313 0.6372549019607844 0.0428921568627451 0.029411764705882353
0 0.7959558823529411 0.5637254901960784 0.028186274509803922 0.022875816993464054
0 0.84375 0.5375816993464052 0.030637254901960783 0.022875816993464054
0 0.8645833333333334 0.5465686274509804 0.030637254901960783 0.024509803921568627
0 0.8774509803921569 0.565359477124183 0.029411764705882353 0.03594771241830066
0 0.9056372549019608 0.5490196078431373 0.02696078431372549 0.03594771241830066
0 0.8174019607843137 0.5547385620915033 0.024509803921568627 0.021241830065359478
0 0.8425245098039216 0.5588235294117647 0.025735294117647058 0.022875816993464054
0 0.8155637254901961 0.573529411764706 0.020833333333333332 0.026143790849673203
0 0.7971813725490196 0.5874183006535948 0.03308823529411765 0.03431372549019608
0 0.8388480392156863 0.5825163398692811 0.03799019607843137 0.02777777777777778
0 0.9626225490196079 0.5269607843137255 0.03553921568627451 0.03758169934640523
0 0.9822303921568627 0.5130718954248367 0.028186274509803922 0.03594771241830066
0 0.9375 0.5204248366013072 0.022058823529411763 0.021241830065359478
0 0.928921568627451 0.5383986928104575 0.022058823529411763 0.021241830065359478
0 0.9442401960784313 0.553921568627451 0.015931372549019607 0.029411764705882353
0 0.9748774509803921 0.5465686274509804 0.020833333333333332 0.01797385620915033
0 0.9834558823529411 0.559640522875817 0.020833333333333332 0.021241830065359478
0 0.9926470588235294 0.5800653594771242 0.014705882352941176 0.032679738562091505
0 0.9791666666666666 0.5833333333333334 0.01715686274509804 0.026143790849673203
0 0.9681372549019608 0.5645424836601307 0.0196078431372549 0.021241830065359478
0 0.9558823529411764 0.5784313725490197 0.0196078431372549 0.022875816993464054
0 0.954656862745098 0.6102941176470589 0.041666666666666664 0.04738562091503268
0 0.985906862745098 0.6184640522875817 0.028186274509803922 0.05392156862745098
0 0.9730392156862745 0.6364379084967321 0.031862745098039214 0.057189542483660136
0 0.9160539215686274 0.5661764705882353 0.023284313725490197 0.02777777777777778
0 0.9332107843137255 0.5645424836601307 0.01838235294117647 0.04084967320261438
0 0.8970588235294118 0.5800653594771242 0.024509803921568627 0.032679738562091505
0 0.9019607843137255 0.6070261437908497 0.049019607843137254 0.05392156862745098
0 0.9209558823529411 0.6299019607843137 0.028186274509803922 0.04084967320261438
0 0.8988970588235294 0.6372549019607844 0.028186274509803922 0.032679738562091505
0 0.9197303921568627 0.6609477124183006 0.04779411764705882 0.03758169934640523
0 0.9552696078431372 0.6544117647058824 0.05024509803921569 0.05392156862745098
0 0.9644607843137255 0.6879084967320261 0.0196078431372549 0.026143790849673203
0 0.9889705882352942 0.6666666666666667 0.022058823529411763 0.049019607843137254
0 0.9093137254901961 0.6830065359477124 0.022058823529411763 0.026143790849673203
0 0.8719362745098039 0.6715686274509804 0.04779411764705882 0.03594771241830066
0 0.8731617647058824 0.5923202614379085 0.023284313725490197 0.02777777777777778
0 0.8645833333333334 0.6160130718954249 0.028186274509803922 0.029411764705882353
0 0.8406862745098039 0.6029411764705882 0.03676470588235294 0.026143790849673203
0 0.8412990196078431 0.6217320261437909 0.028186274509803922 0.021241830065359478
0 0.8535539215686274 0.6372549019607844 0.028186274509803922 0.022875816993464054
0 0.8278186274509803 0.6372549019607844 0.025735294117647058 0.0196078431372549
0 0.8376225490196079 0.6511437908496732 0.028186274509803922 0.024509803921568627
0 0.7910539215686274 0.6258169934640523 0.028186274509803922 0.022875816993464054
0 0.7977941176470588 0.6503267973856209 0.031862745098039214 0.03594771241830066
0 0.7328431372549019 0.6560457516339869 0.0196078431372549 0.021241830065359478
0 0.7677696078431372 0.6552287581699346 0.023284313725490197 0.022875816993464054
0 0.8112745098039216 0.6127450980392157 0.024509803921568627 0.029411764705882353
0 0.8204656862745098 0.6683006535947713 0.020833333333333332 0.0196078431372549
0 0.8658088235294118 0.6519607843137255 0.0428921568627451 0.032679738562091505
0 0.9313725490196079 0.5964052287581699 0.01715686274509804 0.032679738562091505
0 0.8811274509803921 0.27941176470588236 0.03431372549019608 0.03594771241830066
