0 0.517156862745098 0.8611111111111112 0.031862745098039214 0.029411764705882353
0 0.48161764705882354 0.8872549019607844 0.041666666666666664 0.04575163398692811
0 0.5496323529411765 0.9158496732026145 0.03308823529411765 0.03104575163398693
0 0.5557598039215687 0.9379084967320261 0.025735294117647058 0.0196078431372549
0 0.5870098039215687 0.9722222222222222 0.024509803921568627 0.022875816993464054
0 0.5569852941176471 0.977124183006536 0.03553921568627451 0.03594771241830066
0 0.5202205882352942 0.9738562091503268 0.03553921568627451 0.03594771241830066
0 0.6323529411764706 0.9910130718954249 0.029411764705882353 0.01797385620915033
0 0.6507352941176471 0.9738562091503268 0.0196078431372549 0.0196078431372549
0 0.6691176470588235 0.9844771241830066 0.022058823529411763 0.03104575163398693
0 0.6985294117647058 0.9787581699346406 0.03431372549019608 0.042483660130718956
0 0.8982843137254902 0.988562091503268 0.0392156862745098 0.022875816993464054
0 0.9362745098039216 0.9852941176470589 0.022058823529411763 0.029411764705882353
0 0.1948529411764706 0.8962418300653595 0.03676470588235294 0.03758169934640523
0 0.20098039215686275 0.948529411764706 0.024509803921568627 0.03104575163398693
0 0.2028186274509804 0.977124183006536 0.023284313725490197 0.029411764705882353
0 0.17401960784313725 0.988562091503268 0.041666666666666664 0.022875816993464054
0 0.14399509803921567 0.9044117647058824 0.023284313725490197 0.021241830065359478
0 0.1096813725490196 0.863562091503268 0.025735294117647058 0.03104575163398693
0 0.1017156862745098 0.8872549019607844 0.022058823529411763 0.0196078431372549
0 0.10416666666666667 0.9068627450980392 0.041666666666666664 0.029411764705882353
0 0.07965686274509803 0.8431372549019608 0.022058823529411763 0.022875816993464054
0 0.13786764705882354 0.9926470588235294 0.015931372549019607 0.014705882352941176
0 0.10416666666666667 0.9877450980392157 0.031862745098039214 0.024509803921568627
0 0.05024509803921569 0.9656862745098039 0.058823529411764705 0.049019607843137254
0 0.007352941176470588 0.8962418300653595 0.012254901960784314 0.021241830065359478
0 0.023284313725490197 0.8227124183006537 0.029411764705882353 0.04411764705882353
0 0.03799019607843137 0.8570261437908497 0.04656862745098039 0.07026143790849673
