0 0.24080882352941177 0.07189542483660132 0.01838235294117647 0.05555555555555556
0 0.2463235294117647 0.12418300653594772 0.022058823529411763 0.058823529411764705
0 0.2512254901960784 0.21323529411764708 0.022058823529411763 0.05065359477124183
0 0.09252450980392157 0.04084967320261438 0.04534313725490196 0.07189542483660132
0 0.028186274509803922 0.025326797385620915 0.03676470588235294 0.04738562091503268
0 0.06004901960784314 0.07761437908496732 0.041666666666666664 0.08660130718954248
0 0.02389705882352941 0.08496732026143791 0.0428921568627451 0.0784313725490196
0 0.10294117647058823 0.11111111111111112 0.03676470588235294 0.06862745098039216
0 0.00857843137254902 0.11601307189542484 0.014705882352941176 0.03594771241830066
0 0.025735294117647058 0.14379084967320263 0.02696078431372549 0.04575163398692811
0 0.051470588235294115 0.12745098039215685 0.0196078431372549 0.032679738562091505
0 0.07904411764705882 0.14950980392156862 0.025735294117647058 0.057189542483660136
0 0.10600490196078431 0.16013071895424838 0.03308823529411765 0.042483660130718956
0 0.05024509803921569 0.17483660130718956 0.03676470588235294 0.07189542483660132
0 0.004901960784313725 0.16830065359477125 0.007352941176470588 0.03594771241830066
0 0.016544117647058824 0.1772875816993464 0.015931372549019607 0.04411764705882353
0 0.00857843137254902 0.21405228758169936 0.014705882352941176 0.049019607843137254
0 0.03308823529411765 0.22957516339869283 0.0392156862745098 0.05392156862745098
0 0.05759803921568627 0.2173202614379085 0.01715686274509804 0.03594771241830066
0 0.09620098039215687 0.20098039215686275 0.05024509803921569 0.049019607843137254
0 0.1017156862745098 0.2581699346405229 0.0392156862745098 0.07516339869281045
0 0.06311274509803921 0.2687908496732026 0.03799019607843137 0.07026143790849673
0 0.12193627450980392 0.2916666666666667 0.020833333333333332 0.03758169934640523
0 0.11029411764705882 0.3292483660130719 0.029411764705882353 0.05065359477124183
0 0.08946078431372549 0.3243464052287582 0.029411764705882353 0.05392156862745098
0 0.06495098039215687 0.32026143790849676 0.01715686274509804 0.03594771241830066
0 0.044117647058823525 0.3194444444444445 0.024509803921568627 0.057189542483660136
0 0.024509803921568627 0.26062091503267976 0.03676470588235294 0.04411764705882353
0 0.012867647058823529 0.29411764705882354 0.023284313725490197 0.032679738562091505
0 0.02022058823529412 0.38643790849673204 0.030637254901960783 0.06699346405228758
0 0.042279411764705885 0.3839869281045752 0.025735294117647058 0.058823529411764705
0 0.07107843137254902 0.375 0.03431372549019608 0.06372549019607843
0 0.10661764705882353 0.375 0.02696078431372549 0.04738562091503268
0 0.005514705882352941 0.4158496732026144 0.00857843137254902 0.04084967320261438
0 0.03002450980392157 0.4362745098039216 0.023284313725490197 0.0392156862745098
0 0.011029411764705881 0.44526143790849676 0.0196078431372549 0.04411764705882353
0 0.058823529411764705 0.4354575163398693 0.029411764705882353 0.06045751633986928
0 0.09068627450980392 0.43218954248366015 0.031862745098039214 0.07026143790849673
0 0.11519607843137254 0.4150326797385621 0.022058823529411763 0.0392156862745098
0 0.13357843137254902 0.4362745098039216 0.022058823529411763 0.0392156862745098
0 0.12009803921568628 0.4542483660130719 0.0196078431372549 0.042483660130718956
0 0.10477941176470588 0.4722222222222222 0.020833333333333332 0.05555555555555556
0 0.12316176470588235 0.49836601307189543 0.023284313725490197 0.03594771241830066
0 0.042279411764705885 0.4665032679738562 0.020833333333333332 0.04411764705882353
0 0.061274509803921566 0.4820261437908497 0.0196078431372549 0.049019607843137254
0 0.08700980392156862 0.4901960784313726 0.0196078431372549 0.032679738562091505
0 0.07169117647058823 0.5016339869281046 0.013480392156862746 0.032679738562091505
0 0.006740196078431373 0.47875816993464054 0.011029411764705881 0.022875816993464054
0 0.023284313725490197 0.47875816993464054 0.022058823529411763 0.049019607843137254
0 0.044117647058823525 0.5106209150326797 0.0196078431372549 0.04411764705882353
0 0.009191176470588236 0.5106209150326797 0.015931372549019607 0.03758169934640523
0 0.024509803921568627 0.5253267973856209 0.01715686274509804 0.04411764705882353
0 0.04595588235294117 0.5571895424836601 0.023284313725490197 0.042483660130718956
0 0.06678921568627451 0.5465686274509804 0.030637254901960783 0.057189542483660136
0 0.08455882352941177 0.5318627450980392 0.01715686274509804 0.04411764705882353
0 0.10600490196078431 0.5343137254901961 0.03553921568627451 0.06862745098039216
0 0.09926470588235294 0.5727124183006536 0.0196078431372549 0.02777777777777778
0 0.10661764705882353 0.6102941176470589 0.022058823529411763 0.04738562091503268
0 0.08455882352941177 0.5980392156862745 0.022058823529411763 0.049019607843137254
0 0.06372549019607843 0.5915032679738562 0.01715686274509804 0.032679738562091505
0 0.04718137254901961 0.607843137254902 0.020833333333333332 0.042483660130718956
0 0.06862745098039216 0.638888888888889 0.024509803921568627 0.05555555555555556
0 0.09129901960784313 0.6470588235294118 0.03308823529411765 0.058823529411764705
0 0.1133578431372549 0.6633986928104575 0.01838235294117647 0.03594771241830066
0 0.10600490196078431 0.7001633986928105 0.020833333333333332 0.04411764705882353
0 0.07352941176470588 0.6895424836601307 0.04656862745098039 0.05228758169934641
0 0.0392156862745098 0.6879084967320261 0.031862745098039214 0.0392156862745098
0 0.06004901960784314 0.7254901960784313 0.031862745098039214 0.0392156862745098
0 0.0821078431372549 0.744281045751634 0.024509803921568627 0.05392156862745098
0 0.1017156862745098 0.738562091503268 0.022058823529411763 0.04575163398692811
0 0.11887254901960784 0.75 0.01715686274509804 0.042483660130718956
0 0.06311274509803921 0.7973856209150327 0.020833333333333332 0.049019607843137254
0 0.07598039215686274 0.8325163398692811 0.01715686274509804 0.04084967320261438
0 0.08333333333333333 0.7867647058823529 0.0196078431372549 0.04084967320261438
0 0.10784313725490197 0.7916666666666667 0.029411764705882353 0.05065359477124183
0 0.09803921568627451 0.8251633986928105 0.022058823529411763 0.0392156862745098
0 0.1133578431372549 0.8472222222222222 0.01838235294117647 0.04738562091503268
0 0.0857843137254902 0.8897058823529412 0.02696078431372549 0.06045751633986928
0 0.10845588235294118 0.9060457516339869 0.023284313725490197 0.04738562091503268
