0 0.8774509803921569 0.21160130718954248 0.049019607843137254 0.04738562091503268
0 0.7365196078431372 0.10947712418300654 0.031862745098039214 0.03594771241830066
0 0.6102941176470588 0.018790849673202614 0.049019607843137254 0.03431372549019608
0 0.5839460784313726 0.08415032679738563 0.06740196078431372 0.08333333333333334
0 0.4699754901960784 0.02696078431372549 0.04044117647058824 0.05065359477124183
0 0.39644607843137253 0.04656862745098039 0.028186274509803922 0.04084967320261438
0 0.5355392156862745 0.7671568627450981 0.031862745098039214 0.05392156862745098
0 0.21691176470588236 0.46568627450980393 0.029411764705882353 0.032679738562091505
0 0.18933823529411764 0.4852941176470588 0.03799019607843137 0.0392156862745098
0 0.2310049019607843 0.5073529411764706 0.05024509803921569 0.04411764705882353
0 0.26286764705882354 0.5245098039215687 0.03308823529411765 0.03594771241830066
0 0.21997549019607843 0.5367647058823529 0.028186274509803922 0.024509803921568627
0 0.23651960784313725 0.5522875816993464 0.029411764705882353 0.026143790849673203
0 0.26409313725490197 0.5588235294117647 0.025735294117647058 0.032679738562091505
0 0.18627450980392157 0.5187908496732027 0.04656862745098039 0.04738562091503268
0 0.21017156862745098 0.5588235294117647 0.04779411764705882 0.04575163398692811
0 0.14644607843137256 0.5049019607843137 0.030637254901960783 0.0392156862745098
0 0.15073529411764705 0.5620915032679739 0.06862745098039216 0.05555555555555556
0 0.8468137254901961 0.32516339869281047 0.056372549019607844 0.058823529411764705
0 0.9846813725490196 0.02042483660130719 0.030637254901960783 0.03104575163398693
0 0.9669117647058824 0.056372549019607844 0.03431372549019608 0.03431372549019608
0 0.9301470588235294 0.040032679738562095 0.06862745098039216 0.06372549019607843
