0 0.17320261437908496 0.6237745098039216 0.049019607843137254 0.029411764705882353
0 0.4934640522875817 0.6556372549019608 0.05228758169934641 0.02696078431372549
0 0.5269607843137255 0.6636029411764706 0.03431372549019608 0.025735294117647058
0 0.49264705882352944 0.6770833333333334 0.05065359477124183 0.01838235294117647
0 0.23937908496732027 0.6776960784313726 0.06045751633986928 0.029411764705882353
0 0.2361111111111111 0.7107843137254902 0.057189542483660136 0.0392156862745098
0 0.34558823529411764 0.7279411764705882 0.03758169934640523 0.03676470588235294
0 0.4109477124183007 0.7126225490196079 0.03758169934640523 0.01838235294117647
0 0.39133986928104575 0.7297794117647058 0.04738562091503268 0.023284313725490197
0 0.39950980392156865 0.7469362745098039 0.03758169934640523 0.020833333333333332
0 0.32189542483660133 0.7561274509803921 0.049019607843137254 0.024509803921568627
0 0.3611111111111111 0.7616421568627451 0.05555555555555556 0.03553921568627451
0 0.19526143790849673 0.7469362745098039 0.03758169934640523 0.03799019607843137
0 0.23366013071895425 0.7536764705882353 0.042483660130718956 0.031862745098039214
0 0.1593137254901961 0.7542892156862745 0.04738562091503268 0.025735294117647058
0 0.10130718954248366 0.7524509803921569 0.042483660130718956 0.029411764705882353
0 0.06699346405228758 0.7561274509803921 0.042483660130718956 0.024509803921568627
0 0.035130718954248366 0.7689950980392157 0.04084967320261438 0.03553921568627451
0 0.07352941176470588 0.7751225490196079 0.0392156862745098 0.023284313725490197
0 0.09477124183006536 0.7837009803921569 0.029411764705882353 0.025735294117647058
0 0.13643790849673204 0.7696078431372549 0.04084967320261438 0.031862745098039214
0 0.1715686274509804 0.7708333333333334 0.042483660130718956 0.0196078431372549
0 0.1854575163398693 0.7855392156862745 0.06372549019607843 0.031862745098039214
0 0.24183006535947713 0.7794117647058824 0.06209150326797386 0.03676470588235294
0 0.286764705882353 0.7720588235294118 0.04084967320261438 0.022058823529411763
0 0.06209150326797386 0.7990196078431372 0.06209150326797386 0.03431372549019608
0 0.024509803921568627 0.821078431372549 0.04575163398692811 0.051470588235294115
0 0.01715686274509804 0.8633578431372549 0.03104575163398693 0.023284313725490197
0 0.08660130718954248 0.8504901960784313 0.0392156862745098 0.029411764705882353
0 0.12254901960784315 0.8204656862745098 0.05228758169934641 0.025735294117647058
0 0.17892156862745098 0.8192401960784313 0.05392156862745098 0.028186274509803922
0 0.22549019607843138 0.8131127450980392 0.05555555555555556 0.030637254901960783
0 0.29411764705882354 0.7947303921568627 0.04575163398692811 0.03553921568627451
0 0.33088235294117646 0.7879901960784313 0.03758169934640523 0.02696078431372549
0 0.39950980392156865 0.7837009803921569 0.04084967320261438 0.020833333333333332
0 0.35784313725490197 0.8063725490196079 0.042483660130718956 0.024509803921568627
0 0.39215686274509803 0.8020833333333334 0.042483660130718956 0.020833333333333332
0 0.43218954248366015 0.8045343137254902 0.05065359477124183 0.025735294117647058
0 0.3553921568627451 0.835171568627451 0.08660130718954248 0.0428921568627451
0 0.28022875816993464 0.8272058823529411 0.03758169934640523 0.029411764705882353
0 0.303921568627451 0.835171568627451 0.026143790849673203 0.028186274509803922
0 0.12009803921568628 0.8553921568627451 0.04084967320261438 0.0196078431372549
0 0.14950980392156862 0.8504901960784313 0.02777777777777778 0.031862745098039214
0 0.16748366013071897 0.8462009803921569 0.02777777777777778 0.025735294117647058
0 0.16911764705882354 0.8780637254901961 0.08006535947712419 0.05024509803921569
0 0.28921568627450983 0.8719362745098039 0.0784313725490196 0.04534313725490196
0 0.3790849673202614 0.8786764705882353 0.049019607843137254 0.022058823529411763
0 0.34068627450980393 0.8774509803921569 0.04084967320261438 0.024509803921568627
0 0.3366013071895425 0.8621323529411764 0.03594771241830066 0.023284313725490197
0 0.3962418300653595 0.8645833333333334 0.03431372549019608 0.020833333333333332
0 0.40604575163398693 0.8327205882352942 0.04411764705882353 0.05269607843137255
0 0.4526143790849673 0.8425245098039216 0.06535947712418301 0.04044117647058824
0 0.4722222222222222 0.8247549019607843 0.04575163398692811 0.029411764705882353
0 0.4991830065359477 0.8082107843137255 0.04411764705882353 0.023284313725490197
0 0.5343137254901961 0.8223039215686274 0.04575163398692811 0.024509803921568627
0 0.513888888888889 0.8560049019607843 0.06045751633986928 0.04534313725490196
0 0.45588235294117646 0.8743872549019608 0.06862745098039216 0.03308823529411765
0 0.5604575163398693 0.8792892156862745 0.08496732026143791 0.04534313725490196
0 0.5727124183006536 0.8419117647058824 0.07679738562091504 0.0392156862745098
0 0.5669934640522876 0.8063725490196079 0.04575163398692811 0.029411764705882353
0 0.6013071895424836 0.7990196078431372 0.0392156862745098 0.022058823529411763
0 0.7516339869281046 0.7052696078431372 0.032679738562091505 0.020833333333333332
0 0.7540849673202614 0.7297794117647058 0.05065359477124183 0.03553921568627451
0 0.7107843137254902 0.7218137254901961 0.04575163398692811 0.02696078431372549
0 0.678921568627451 0.7346813725490196 0.03758169934640523 0.025735294117647058
0 0.6519607843137255 0.7401960784313726 0.0392156862745098 0.03676470588235294
0 0.6813725490196079 0.7634803921568627 0.029411764705882353 0.029411764705882353
0 0.7091503267973857 0.7696078431372549 0.042483660130718956 0.024509803921568627
0 0.7238562091503268 0.7561274509803921 0.042483660130718956 0.024509803921568627
0 0.7549019607843137 0.7640931372549019 0.05555555555555556 0.030637254901960783
0 0.738562091503268 0.7867647058823529 0.049019607843137254 0.022058823529411763
0 0.7802287581699346 0.7922794117647058 0.03431372549019608 0.025735294117647058
0 0.678921568627451 0.7886029411764706 0.04738562091503268 0.023284313725490197
0 0.6454248366013072 0.7947303921568627 0.042483660130718956 0.028186274509803922
0 0.6331699346405228 0.8192401960784313 0.03758169934640523 0.020833333333333332
0 0.6405228758169935 0.8376225490196079 0.0392156862745098 0.023284313725490197
0 0.6258169934640523 0.8633578431372549 0.07189542483660132 0.03799019607843137
0 0.684640522875817 0.8125 0.049019607843137254 0.029411764705882353
0 0.7148692810457516 0.803921568627451 0.03758169934640523 0.022058823529411763
0 0.7287581699346406 0.8321078431372549 0.05555555555555556 0.044117647058823525
0 0.7802287581699346 0.8149509803921569 0.04738562091503268 0.022058823529411763
0 0.8333333333333334 0.8198529411764706 0.03594771241830066 0.024509803921568627
0 0.7696078431372549 0.8363970588235294 0.03594771241830066 0.028186274509803922
0 0.7973856209150327 0.8431372549019608 0.042483660130718956 0.05392156862745098
0 0.7565359477124183 0.8633578431372549 0.06209150326797386 0.03308823529411765
0 0.6838235294117647 0.8517156862745098 0.04084967320261438 0.029411764705882353
0 0.7107843137254902 0.8719362745098039 0.05555555555555556 0.03553921568627451
0 0.07516339869281045 0.9001225490196079 0.049019607843137254 0.05759803921568627
0 0.035130718954248366 0.9221813725490196 0.04738562091503268 0.023284313725490197
0 0.1119281045751634 0.8946078431372549 0.03758169934640523 0.022058823529411763
0 0.12173202614379085 0.9240196078431372 0.07352941176470588 0.03676470588235294
0 0.14460784313725492 0.9454656862745098 0.08333333333333334 0.04044117647058824
0 0.06944444444444445 0.9448529411764706 0.04738562091503268 0.024509803921568627
0 0.029411764705882353 0.9693627450980392 0.05555555555555556 0.044117647058823525
0 0.08333333333333334 0.9742647058823529 0.08169934640522876 0.0392156862745098
0 0.1772875816993464 0.9662990196078431 0.08333333333333334 0.0428921568627451
0 0.20179738562091504 0.9050245098039216 0.04411764705882353 0.028186274509803922
0 0.2450980392156863 0.9050245098039216 0.05228758169934641 0.05514705882352941
0 0.24183006535947713 0.9503676470588235 0.06535947712418301 0.03308823529411765
0 0.28594771241830064 0.9117647058823529 0.03594771241830066 0.0196078431372549
0 0.3423202614379085 0.9019607843137255 0.04084967320261438 0.024509803921568627
0 0.3741830065359477 0.9080882352941176 0.0392156862745098 0.024509803921568627
0 0.31209150326797386 0.9221813725490196 0.029411764705882353 0.028186274509803922
0 0.33986928104575165 0.9283088235294118 0.049019607843137254 0.03308823529411765
0 0.33333333333333337 0.9626225490196079 0.07516339869281045 0.05269607843137255
0 0.21486928104575165 0.9834558823529411 0.07352941176470588 0.03308823529411765
0 0.41421568627450983 0.8958333333333334 0.06699346405228758 0.029411764705882353
0 0.4624183006535948 0.9068627450980392 0.06209150326797386 0.03431372549019608
0 0.3700980392156863 0.9350490196078431 0.03431372549019608 0.029411764705882353
0 0.4027777777777778 0.9387254901960784 0.057189542483660136 0.02696078431372549
0 0.43790849673202614 0.9417892156862745 0.032679738562091505 0.03799019607843137
0 0.47794117647058826 0.9301470588235294 0.06372549019607843 0.03431372549019608
0 0.5130718954248367 0.9123774509803921 0.05555555555555556 0.030637254901960783
0 0.5514705882352942 0.9424019607843137 0.05065359477124183 0.061274509803921566
0 0.5980392156862745 0.9338235294117647 0.058823529411764705 0.03431372549019608
0 0.6331699346405228 0.9479166666666666 0.04084967320261438 0.025735294117647058
0 0.6339869281045751 0.897671568627451 0.07189542483660132 0.03799019607843137
0 0.6936274509803921 0.90625 0.05392156862745098 0.04044117647058824
0 0.3562091503267974 0.9908088235294118 0.06209150326797386 0.01838235294117647
0 0.3970588235294118 0.9865196078431372 0.042483660130718956 0.02696078431372549
0 0.43218954248366015 0.9724264705882353 0.04738562091503268 0.025735294117647058
0 0.4297385620915033 0.9901960784313726 0.04575163398692811 0.0196078431372549
0 0.46568627450980393 0.9889705882352942 0.042483660130718956 0.022058823529411763
0 0.5122549019607844 0.9828431372549019 0.057189542483660136 0.03431372549019608
0 0.5588235294117647 0.9822303921568627 0.06209150326797386 0.03553921568627451
0 0.6070261437908497 0.9791666666666666 0.04084967320261438 0.024509803921568627
0 0.6633986928104575 0.9669117647058824 0.0392156862745098 0.03431372549019608
0 0.6952614379084967 0.9491421568627451 0.04738562091503268 0.020833333333333332
0 0.6544117647058824 0.9895833333333334 0.057189542483660136 0.020833333333333332
0 0.6952614379084967 0.9883578431372549 0.03431372549019608 0.023284313725490197
0 0.744281045751634 0.9350490196078431 0.06699346405228758 0.03431372549019608
0 0.8423202614379085 0.7083333333333334 0.04738562091503268 0.031862745098039214
0 0.8488562091503268 0.7647058823529411 0.04411764705882353 0.02696078431372549
0 0.8790849673202614 0.7708333333333334 0.03594771241830066 0.02696078431372549
0 0.9027777777777778 0.7732843137254902 0.03758169934640523 0.02696078431372549
0 0.9566993464052288 0.7720588235294118 0.03758169934640523 0.022058823529411763
0 0.9795751633986929 0.7941176470588235 0.04084967320261438 0.049019607843137254
0 0.9321895424836601 0.7830882352941176 0.04411764705882353 0.024509803921568627
0 0.8929738562091504 0.7977941176470588 0.05065359477124183 0.029411764705882353
0 0.9272875816993464 0.8155637254901961 0.05392156862745098 0.028186274509803922
0 0.9501633986928105 0.8216911764705882 0.03758169934640523 0.03308823529411765
0 0.8668300653594772 0.8553921568627451 0.03431372549019608 0.024509803921568627
0 0.8954248366013072 0.8639705882352942 0.042483660130718956 0.02696078431372549
0 0.8472222222222222 0.8676470588235294 0.03758169934640523 0.0196078431372549
0 0.7916666666666667 0.875 0.03758169934640523 0.0196078431372549
0 0.8055555555555556 0.8927696078431372 0.05228758169934641 0.030637254901960783
0 0.883169934640523 0.8823529411764706 0.04411764705882353 0.024509803921568627
0 0.9142156862745099 0.8792892156862745 0.02777777777777778 0.020833333333333332
0 0.9411764705882353 0.8860294117647058 0.03594771241830066 0.0196078431372549
0 0.9370915032679739 0.8676470588235294 0.03758169934640523 0.0196078431372549
0 0.9681372549019608 0.8799019607843137 0.03758169934640523 0.0196078431372549
0 0.8758169934640523 0.9031862745098039 0.032679738562091505 0.01715686274509804
0 0.8562091503267975 0.9185049019607843 0.03594771241830066 0.01838235294117647
0 0.9191176470588236 0.8964460784313726 0.04411764705882353 0.023284313725490197
0 0.8970588235294118 0.9191176470588235 0.049019607843137254 0.03431372549019608
0 0.9591503267973857 0.9074754901960784 0.032679738562091505 0.030637254901960783
0 0.9836601307189543 0.8964460784313726 0.029411764705882353 0.020833333333333332
0 0.9321895424836601 0.9313725490196079 0.057189542483660136 0.041666666666666664
0 0.8472222222222222 0.9417892156862745 0.03758169934640523 0.025735294117647058
0 0.7614379084967321 0.9662990196078431 0.07189542483660132 0.03553921568627451
0 0.7238562091503268 0.9767156862745098 0.032679738562091505 0.029411764705882353
0 0.7450980392156863 0.9895833333333334 0.06862745098039216 0.020833333333333332
0 0.8178104575163399 0.9626225490196079 0.07352941176470588 0.03799019607843137
0 0.8006535947712419 0.9908088235294118 0.058823529411764705 0.01838235294117647
0 0.8513071895424836 0.985906862745098 0.058823529411764705 0.028186274509803922
0 0.8823529411764706 0.9583333333333334 0.06535947712418301 0.03676470588235294
0 0.928921568627451 0.9693627450980392 0.04738562091503268 0.029411764705882353
0 0.9125816993464052 0.9889705882352942 0.03758169934640523 0.01715686274509804
0 0.9656862745098039 0.9877450980392156 0.049019607843137254 0.024509803921568627
0 0.9697712418300654 0.9503676470588235 0.03431372549019608 0.030637254901960783
