0 0.9779411764705883 0.2757352941176471 0.04411764705882353 0.051470588235294115
0 0.9501633986928105 0.2849264705882353 0.02777777777777778 0.03799019607843137
0 0.9338235294117647 0.2965686274509804 0.03104575163398693 0.031862745098039214
0 0.9844771241830066 0.3131127450980392 0.03104575163398693 0.028186274509803922
0 0.9616013071895425 0.32598039215686275 0.02777777777777778 0.029411764705882353
0 0.9575163398692811 0.3584558823529412 0.0392156862745098 0.04779411764705882
0 0.9362745098039216 0.32965686274509803 0.026143790849673203 0.03431372549019608
0 0.9068627450980392 0.32965686274509803 0.03594771241830066 0.0196078431372549
0 0.9705882352941176 0.00980392156862745 0.026143790849673203 0.01715686274509804
0 0.977124183006536 0.026348039215686275 0.022875816993464054 0.023284313725490197
0 0.9844771241830066 0.8884803921568627 0.024509803921568627 0.03676470588235294
0 0.9583333333333334 0.9007352941176471 0.01797385620915033 0.024509803921568627
0 0.9910130718954249 0.9185049019607843 0.014705882352941176 0.01838235294117647
0 0.977124183006536 0.9142156862745098 0.00980392156862745 0.014705882352941176
0 0.9689542483660131 0.9246323529411764 0.016339869281045753 0.013480392156862746
0 0.9444444444444444 0.9258578431372549 0.016339869281045753 0.020833333333333332
0 0.9550653594771242 0.9417892156862745 0.011437908496732027 0.01838235294117647
0 0.9468954248366014 0.9540441176470588 0.01797385620915033 0.01838235294117647
0 0.9665032679738562 0.9767156862745098 0.024509803921568627 0.022058823529411763
0 0.9795751633986929 0.9534313725490196 0.03431372549019608 0.041666666666666664
0 0.9150326797385622 0.9761029411764706 0.032679738562091505 0.030637254901960783
0 0.9444444444444444 0.9871323529411764 0.032679738562091505 0.025735294117647058
0 0.9918300653594772 0.9816176470588235 0.013071895424836602 0.014705882352941176
0 0.9722222222222222 0.9932598039215687 0.029411764705882353 0.00857843137254902
0 0.9084967320261438 0.9944852941176471 0.026143790849673203 0.011029411764705881
0 0.9918300653594772 0.735906862745098 0.016339869281045753 0.028186274509803922
