0 0.20588235294117646 0.025326797385620915 0.01715686274509804 0.03104575163398693
0 0.22058823529411764 0.03022875816993464 0.01715686274509804 0.04084967320261438
0 0.22426470588235295 0.06127450980392157 0.02696078431372549 0.02777777777777778
0 0.23651960784313725 0.011437908496732027 0.01715686274509804 0.0196078431372549
0 0.2426470588235294 0.04493464052287582 0.0196078431372549 0.04084967320261438
0 0.25674019607843135 0.07434640522875817 0.03308823529411765 0.04084967320261438
0 0.2653186274509804 0.042483660130718956 0.020833333333333332 0.032679738562091505
0 0.25183823529411764 0.02042483660130719 0.015931372549019607 0.01797385620915033
0 0.2696078431372549 0.014705882352941176 0.014705882352941176 0.026143790849673203
0 0.3125 0.03594771241830066 0.03676470588235294 0.0392156862745098
0 0.3167892156862745 0.00980392156862745 0.023284313725490197 0.016339869281045753
0 0.3321078431372549 0.021241830065359478 0.0196078431372549 0.03594771241830066
0 0.3474264705882353 0.042483660130718956 0.023284313725490197 0.049019607843137254
0 0.3694852941176471 0.024509803921568627 0.025735294117647058 0.04575163398692811
0 0.3952205882352941 0.022875816993464054 0.028186274509803922 0.042483660130718956
0 0.4117647058823529 0.0392156862745098 0.0196078431372549 0.04575163398692811
0 0.3866421568627451 0.056372549019607844 0.028186274509803922 0.03104575163398693
0 0.3860294117647059 0.08006535947712419 0.029411764705882353 0.026143790849673203
0 0.42463235294117646 0.06699346405228758 0.030637254901960783 0.022875816993464054
0 0.41973039215686275 0.09150326797385622 0.013480392156862746 0.029411764705882353
0 0.40441176470588236 0.10702614379084968 0.014705882352941176 0.03758169934640523
0 0.41911764705882354 0.14297385620915032 0.01715686274509804 0.03758169934640523
0 0.23223039215686275 0.10784313725490197 0.023284313725490197 0.0196078431372549
0 0.25980392156862747 0.11519607843137256 0.01715686274509804 0.03758169934640523
0 0.2420343137254902 0.13398692810457516 0.023284313725490197 0.03594771241830066
0 0.27512254901960786 0.12581699346405228 0.011029411764705881 0.022875816993464054
0 0.2922794117647059 0.12173202614379085 0.028186274509803922 0.04411764705882353
0 0.31433823529411764 0.13480392156862744 0.015931372549019607 0.03758169934640523
0 0.3382352941176471 0.13071895424836602 0.031862745098039214 0.06209150326797386
0 0.3590686274509804 0.10620915032679738 0.014705882352941176 0.032679738562091505
0 0.3799019607843137 0.12091503267973856 0.0196078431372549 0.029411764705882353
0 0.3995098039215686 0.14379084967320263 0.014705882352941176 0.0392156862745098
0 0.3841911764705882 0.1527777777777778 0.013480392156862746 0.024509803921568627
0 0.40808823529411764 0.16911764705882354 0.022058823529411763 0.021241830065359478
0 0.40931372549019607 0.20751633986928106 0.0196078431372549 0.0392156862745098
0 0.3645833333333333 0.16258169934640523 0.025735294117647058 0.06372549019607843
0 0.34375 0.1854575163398693 0.023284313725490197 0.04411764705882353
0 0.30392156862745096 0.1568627450980392 0.024509803921568627 0.029411764705882353
0 0.3069852941176471 0.1895424836601307 0.028186274509803922 0.03594771241830066
0 0.2800245098039216 0.1650326797385621 0.030637254901960783 0.05228758169934641
0 0.4883578431372549 0.29411764705882354 0.020833333333333332 0.049019607843137254
0 0.4644607843137255 0.30718954248366015 0.0196078431372549 0.042483660130718956
0 0.42892156862745096 0.2957516339869281 0.01715686274509804 0.03594771241830066
0 0.42892156862745096 0.3374183006535948 0.0196078431372549 0.03104575163398693
0 0.41299019607843135 0.29820261437908496 0.012254901960784314 0.02777777777777778
0 0.41973039215686275 0.26633986928104575 0.011029411764705881 0.032679738562091505
0 0.39828431372549017 0.41013071895424835 0.01715686274509804 0.03594771241830066
0 0.37745098039215685 0.4281045751633987 0.01715686274509804 0.0392156862745098
0 0.36213235294117646 0.3929738562091503 0.03308823529411765 0.02777777777777778
0 0.3602941176470588 0.42728758169934644 0.01715686274509804 0.03758169934640523
0 0.3394607843137255 0.4387254901960784 0.014705882352941176 0.03104575163398693
0 0.32536764705882354 0.4485294117647059 0.013480392156862746 0.03104575163398693
0 0.3314950980392157 0.4035947712418301 0.015931372549019607 0.04575163398692811
0 0.3125 0.37745098039215685 0.024509803921568627 0.04575163398692811
0 0.3075980392156863 0.4109477124183007 0.024509803921568627 0.03758169934640523
0 0.41360294117647056 0.3464052287581699 0.028186274509803922 0.05555555555555556
0 0.3866421568627451 0.3513071895424837 0.023284313725490197 0.05228758169934641
0 0.36580882352941174 0.3480392156862745 0.028186274509803922 0.0392156862745098
0 0.3382352941176471 0.34068627450980393 0.02696078431372549 0.05392156862745098
0 0.3131127450980392 0.3235294117647059 0.030637254901960783 0.05555555555555556
0 0.42401960784313725 0.2361111111111111 0.012254901960784314 0.024509803921568627
0 0.35784313725490197 0.286764705882353 0.00980392156862745 0.024509803921568627
0 0.3474264705882353 0.2704248366013072 0.00857843137254902 0.02777777777777778
0 0.38112745098039214 0.27532679738562094 0.014705882352941176 0.03104575163398693
0 0.3897058823529412 0.30228758169934644 0.022058823529411763 0.04575163398692811
0 0.352328431372549 0.31290849673202614 0.015931372549019607 0.02777777777777778
0 0.3676470588235294 0.30637254901960786 0.0196078431372549 0.04084967320261438
0 0.29044117647058826 0.3684640522875817 0.022058823529411763 0.021241830065359478
0 0.2855392156862745 0.32189542483660133 0.01715686274509804 0.026143790849673203
0 0.28737745098039214 0.3031045751633987 0.020833333333333332 0.021241830065359478
0 0.27879901960784315 0.28104575163398693 0.013480392156862746 0.026143790849673203
0 0.2579656862745098 0.2728758169934641 0.015931372549019607 0.032679738562091505
0 0.2971813725490196 0.27450980392156865 0.023284313725490197 0.0392156862745098
0 0.31862745098039214 0.24754901960784315 0.012254901960784314 0.01797385620915033
0 0.3069852941176471 0.24918300653594772 0.011029411764705881 0.021241830065359478
0 0.3290441176470588 0.2826797385620915 0.03553921568627451 0.049019607843137254
0 0.39338235294117646 0.24673202614379086 0.00980392156862745 0.022875816993464054
0 0.40870098039215685 0.2426470588235294 0.015931372549019607 0.01797385620915033
0 0.4050245098039216 0.26633986928104575 0.023284313725490197 0.0392156862745098
0 0.3952205882352941 0.22549019607843138 0.01838235294117647 0.016339869281045753
0 0.36151960784313725 0.21323529411764708 0.012254901960784314 0.03104575163398693
0 0.3682598039215686 0.2434640522875817 0.04044117647058824 0.042483660130718956
0 0.3388480392156863 0.21650326797385622 0.03308823529411765 0.04738562091503268
0 0.3333333333333333 0.24673202614379086 0.0196078431372549 0.029411764705882353
0 0.3082107843137255 0.22058823529411764 0.028186274509803922 0.03594771241830066
0 0.2867647058823529 0.23937908496732027 0.024509803921568627 0.04738562091503268
0 0.2738970588235294 0.19607843137254902 0.013480392156862746 0.026143790849673203
0 0.2738970588235294 0.21977124183006536 0.015931372549019607 0.024509803921568627
0 0.25674019607843135 0.24019607843137256 0.028186274509803922 0.029411764705882353
0 0.25674019607843135 0.21568627450980393 0.01838235294117647 0.029411764705882353
0 0.4485294117647059 0.738562091503268 0.0196078431372549 0.03594771241830066
0 0.4178921568627451 0.7663398692810458 0.014705882352941176 0.03594771241830066
0 0.446078431372549 0.7736928104575164 0.012254901960784314 0.02777777777777778
0 0.39828431372549017 0.7614379084967321 0.0196078431372549 0.042483660130718956
0 0.3713235294117647 0.7565359477124183 0.029411764705882353 0.049019607843137254
0 0.38174019607843135 0.8022875816993464 0.01838235294117647 0.0392156862745098
0 0.4264705882352941 0.7908496732026145 0.014705882352941176 0.026143790849673203
0 0.40379901960784315 0.7965686274509804 0.01838235294117647 0.02777777777777778
0 0.3946078431372549 0.8202614379084967 0.012254901960784314 0.022875816993464054
0 0.41299019607843135 0.8259803921568628 0.022058823529411763 0.04738562091503268
0 0.4332107843137255 0.8194444444444444 0.020833333333333332 0.04411764705882353
0 0.4528186274509804 0.8055555555555556 0.020833333333333332 0.04575163398692811
0 0.3792892156862745 0.8423202614379085 0.015931372549019607 0.03104575163398693
0 0.38786764705882354 0.857843137254902 0.013480392156862746 0.026143790849673203
0 0.4068627450980392 0.8619281045751634 0.024509803921568627 0.02777777777777778
0 0.4301470588235294 0.875 0.02696078431372549 0.05392156862745098
0 0.4479166666666667 0.8464052287581699 0.015931372549019607 0.029411764705882353
0 0.4534313725490196 0.863562091503268 0.014705882352941176 0.02777777777777778
0 0.4620098039215686 0.8790849673202614 0.012254901960784314 0.026143790849673203
0 0.36519607843137253 0.8553921568627452 0.01715686274509804 0.024509803921568627
0 0.36213235294117646 0.8766339869281046 0.011029411764705881 0.024509803921568627
0 0.3756127450980392 0.8872549019607844 0.013480392156862746 0.029411764705882353
0 0.3474264705882353 0.8668300653594772 0.025735294117647058 0.05065359477124183
0 0.3388480392156863 0.8978758169934641 0.011029411764705881 0.02777777777777778
0 0.3737745098039216 0.9117647058823529 0.012254901960784314 0.029411764705882353
0 0.3529411764705882 0.917483660130719 0.029411764705882353 0.04738562091503268
0 0.34558823529411764 0.9616013071895425 0.022058823529411763 0.04084967320261438
0 0.3694852941176471 0.9517973856209151 0.023284313725490197 0.05065359477124183
0 0.3897058823529412 0.8929738562091504 0.01715686274509804 0.04084967320261438
0 0.40808823529411764 0.9068627450980392 0.031862745098039214 0.03594771241830066
0 0.3866421568627451 0.9395424836601307 0.013480392156862746 0.029411764705882353
0 0.45955882352941174 0.9101307189542484 0.00980392156862745 0.029411764705882353
0 0.4479166666666667 0.9019607843137255 0.013480392156862746 0.026143790849673203
0 0.4338235294117647 0.9125816993464052 0.012254901960784314 0.024509803921568627
0 0.4479166666666667 0.923202614379085 0.013480392156862746 0.029411764705882353
0 0.4534313725490196 0.9428104575163399 0.012254901960784314 0.029411764705882353
0 0.3517156862745098 0.988562091503268 0.01715686274509804 0.022875816993464054
0 0.383578431372549 0.9893790849673203 0.0196078431372549 0.021241830065359478
0 0.39215686274509803 0.9681372549019608 0.012254901960784314 0.021241830065359478
0 0.4105392156862745 0.9673202614379085 0.0196078431372549 0.03594771241830066
0 0.40379901960784315 0.9918300653594772 0.023284313725490197 0.016339869281045753
0 0.42953431372549017 0.994281045751634 0.01838235294117647 0.011437908496732027
0 0.4301470588235294 0.9746732026143791 0.0196078431372549 0.02777777777777778
0 0.4227941176470588 0.9477124183006537 0.012254901960784314 0.029411764705882353
0 0.4332107843137255 0.934640522875817 0.00857843137254902 0.00980392156862745
0 0.4368872549019608 0.9517973856209151 0.011029411764705881 0.024509803921568627
0 0.4466911764705882 0.9746732026143791 0.01838235294117647 0.03758169934640523
0 0.8995098039215687 0.6805555555555556 0.024509803921568627 0.03104575163398693
0 0.9154411764705882 0.7099673202614379 0.0196078431372549 0.021241830065359478
0 0.8829656862745098 0.7165032679738562 0.01838235294117647 0.03431372549019608
0 0.9074754901960784 0.7303921568627452 0.020833333333333332 0.029411764705882353
0 0.9344362745098039 0.7377450980392157 0.030637254901960783 0.03104575163398693
0 0.8878676470588235 0.7426470588235294 0.015931372549019607 0.03431372549019608
0 0.8719362745098039 0.755718954248366 0.025735294117647058 0.03104575163398693
0 0.8927696078431372 0.7720588235294118 0.015931372549019607 0.04084967320261438
0 0.9117647058823529 0.7630718954248367 0.014705882352941176 0.029411764705882353
0 0.860906862745098 0.8129084967320261 0.020833333333333332 0.03104575163398693
0 0.8786764705882353 0.7965686274509804 0.02696078431372549 0.05065359477124183
0 0.9093137254901961 0.792483660130719 0.014705882352941176 0.032679738562091505
0 0.8805147058823529 0.8431372549019608 0.015931372549019607 0.032679738562091505
0 0.8995098039215687 0.8415032679738562 0.024509803921568627 0.058823529411764705
0 0.9197303921568627 0.8137254901960784 0.015931372549019607 0.04575163398692811
0 0.9491421568627451 0.8194444444444444 0.04534313725490196 0.04738562091503268
0 0.9203431372549019 0.8529411764705883 0.01715686274509804 0.032679738562091505
0 0.9503676470588235 0.8627450980392157 0.013480392156862746 0.032679738562091505
0 0.9350490196078431 0.8823529411764706 0.0196078431372549 0.022875816993464054
0 0.9105392156862745 0.8905228758169935 0.012254901960784314 0.0392156862745098
0 0.8897058823529411 0.9019607843137255 0.024509803921568627 0.03594771241830066
0 0.8786764705882353 0.9330065359477124 0.01715686274509804 0.029411764705882353
0 0.8823529411764706 0.9632352941176471 0.01715686274509804 0.02777777777777778
0 0.8995098039215687 0.9240196078431373 0.014705882352941176 0.02777777777777778
0 0.9013480392156863 0.9640522875816994 0.015931372549019607 0.026143790849673203
0 0.9166666666666666 0.9419934640522876 0.029411764705882353 0.021241830065359478
0 0.9203431372549019 0.9665032679738562 0.01715686274509804 0.02777777777777778
0 0.9191176470588235 0.9125816993464052 0.012254901960784314 0.03758169934640523
0 0.9313725490196079 0.9027777777777778 0.012254901960784314 0.024509803921568627
0 0.9785539215686274 0.8431372549019608 0.01838235294117647 0.0392156862745098
0 0.9810049019607843 0.8782679738562091 0.013480392156862746 0.024509803921568627
0 0.9632352941176471 0.8913398692810458 0.014705882352941176 0.03431372549019608
0 0.9767156862745098 0.9109477124183006 0.01715686274509804 0.03431372549019608
0 0.9583333333333334 0.934640522875817 0.0392156862745098 0.05228758169934641
0 0.9436274509803921 0.9787581699346406 0.0196078431372549 0.032679738562091505
0 0.9589460784313726 0.9869281045751634 0.011029411764705881 0.0196078431372549
0 0.9840686274509803 0.9640522875816994 0.012254901960784314 0.032679738562091505
0 0.985906862745098 0.9354575163398693 0.011029411764705881 0.024509803921568627
0 0.9712009803921569 0.9714052287581699 0.01838235294117647 0.021241830065359478
0 0.23529411764705882 0.1968954248366013 0.014705882352941176 0.03431372549019608
