0 0.009191176470588236 0.14215686274509803 0.015931372549019607 0.0392156862745098
0 0.030637254901960783 0.1715686274509804 0.058823529411764705 0.042483660130718956
0 0.2107843137254902 0.21241830065359477 0.049019607843137254 0.05555555555555556
0 0.26715686274509803 0.21160130718954248 0.061274509803921566 0.057189542483660136
0 0.2622549019607843 0.2589869281045752 0.031862745098039214 0.03104575163398693
0 0.2977941176470588 0.2450980392156863 0.05392156862745098 0.042483660130718956
0 0.34558823529411764 0.2573529411764706 0.058823529411764705 0.05392156862745098
0 0.33088235294117646 0.20506535947712418 0.0661764705882353 0.057189542483660136
0 0.3707107843137255 0.18055555555555555 0.05269607843137255 0.06045751633986928
0 0.3995098039215686 0.27532679738562094 0.041666666666666664 0.06372549019607843
0 0.42340686274509803 0.3006535947712418 0.015931372549019607 0.032679738562091505
0 0.4362745098039216 0.2957516339869281 0.01715686274509804 0.029411764705882353
0 0.4571078431372549 0.3088235294117647 0.0196078431372549 0.0196078431372549
0 0.4675245098039216 0.29248366013071897 0.023284313725490197 0.016339869281045753
0 0.4534313725490196 0.2246732026143791 0.02696078431372549 0.03104575163398693
0 0.4803921568627451 0.2377450980392157 0.02696078431372549 0.02777777777777778
0 0.40808823529411764 0.22222222222222224 0.06372549019607843 0.05228758169934641
0 0.4454656862745098 0.25980392156862747 0.05514705882352941 0.04575163398692811
0 0.4993872549019608 0.31209150326797386 0.04779411764705882 0.0392156862745098
0 0.5098039215686274 0.2785947712418301 0.01715686274509804 0.021241830065359478
0 0.5520833333333334 0.3161764705882353 0.05024509803921569 0.04738562091503268
0 0.5453431372549019 0.2622549019607843 0.06372549019607843 0.05392156862745098
0 0.6017156862745098 0.303921568627451 0.049019607843137254 0.03594771241830066
0 0.6151960784313726 0.3284313725490196 0.024509803921568627 0.0196078431372549
0 0.5955882352941176 0.3415032679738562 0.024509803921568627 0.03594771241830066
0 0.6274509803921569 0.352124183006536 0.029411764705882353 0.02777777777777778
0 0.6832107843137255 0.36683006535947715 0.020833333333333332 0.021241830065359478
0 0.6911764705882353 0.3415032679738562 0.03431372549019608 0.029411764705882353
0 0.7310049019607843 0.36764705882352944 0.023284313725490197 0.029411764705882353
0 0.7089460784313726 0.3161764705882353 0.0428921568627451 0.04084967320261438
0 0.6654411764705882 0.2647058823529412 0.03676470588235294 0.029411764705882353
0 0.6292892156862745 0.2777777777777778 0.0625 0.05555555555555556
0 0.6587009803921569 0.32189542483660133 0.06004901960784314 0.049019607843137254
0 0.7555147058823529 0.3292483660130719 0.0625 0.05065359477124183
0 0.7763480392156863 0.3611111111111111 0.03553921568627451 0.026143790849673203
0 0.8125 0.3513071895424837 0.041666666666666664 0.049019607843137254
