0 0.46017156862745096 0.08251633986928104 0.028186274509803922 0.04411764705882353
0 0.5459558823529411 0.10294117647058824 0.030637254901960783 0.026143790849673203
0 0.5220588235294118 0.10866013071895425 0.022058823529411763 0.024509803921568627
0 0.5 0.11029411764705882 0.029411764705882353 0.02777777777777778
0 0.5337009803921569 0.14052287581699346 0.05024509803921569 0.05228758169934641
0 0.4840686274509804 0.12745098039215685 0.024509803921568627 0.0196078431372549
0 0.5061274509803921 0.13562091503267976 0.024509803921568627 0.029411764705882353
0 0.4650735294117647 0.12990196078431374 0.015931372549019607 0.02777777777777778
0 0.5667892156862745 0.12908496732026145 0.01838235294117647 0.032679738562091505
0 0.5894607843137255 0.13316993464052287 0.03431372549019608 0.03431372549019608
0 0.4883578431372549 0.14950980392156862 0.03308823529411765 0.03104575163398693
0 0.45894607843137253 0.16013071895424838 0.028186274509803922 0.029411764705882353
0 0.47610294117647056 0.16993464052287582 0.025735294117647058 0.026143790849673203
0 0.5073529411764706 0.1772875816993464 0.041666666666666664 0.03104575163398693
0 0.47610294117647056 0.1911764705882353 0.028186274509803922 0.022875816993464054
0 0.5196078431372549 0.20098039215686275 0.02696078431372549 0.022875816993464054
0 0.5520833333333334 0.1772875816993464 0.05269607843137255 0.04411764705882353
0 0.5870098039215687 0.16094771241830066 0.031862745098039214 0.03758169934640523
0 0.5784313725490196 0.1968954248366013 0.031862745098039214 0.04084967320261438
0 0.6139705882352942 0.14787581699346405 0.024509803921568627 0.02777777777777778
0 0.6348039215686274 0.14133986928104575 0.022058823529411763 0.024509803921568627
0 0.6519607843137255 0.15359477124183007 0.022058823529411763 0.022875816993464054
0 0.6642156862745098 0.16666666666666669 0.024509803921568627 0.0196078431372549
0 0.6348039215686274 0.16666666666666669 0.024509803921568627 0.0196078431372549
0 0.6452205882352942 0.18627450980392157 0.03553921568627451 0.029411764705882353
0 0.6151960784313726 0.17401960784313725 0.022058823529411763 0.04084967320261438
0 0.6041666666666666 0.1919934640522876 0.022058823529411763 0.03758169934640523
0 0.6231617647058824 0.20669934640522877 0.023284313725490197 0.024509803921568627
0 0.6384803921568627 0.01388888888888889 0.024509803921568627 0.024509803921568627
0 0.6587009803921569 0.018790849673202614 0.020833333333333332 0.021241830065359478
0 0.6801470588235294 0.022875816993464054 0.022058823529411763 0.026143790849673203
0 0.6911764705882353 0.012254901960784314 0.014705882352941176 0.021241830065359478
0 0.7071078431372549 0.015522875816993464 0.0196078431372549 0.02777777777777778
0 0.7236519607843137 0.01797385620915033 0.023284313725490197 0.032679738562091505
0 0.7438725490196079 0.03349673202614379 0.049019607843137254 0.05392156862745098
0 0.6642156862745098 0.03839869281045752 0.0196078431372549 0.03104575163398693
0 0.678921568627451 0.04820261437908497 0.024509803921568627 0.02777777777777778
0 0.6593137254901961 0.06290849673202614 0.02696078431372549 0.02777777777777778
0 0.6917892156862745 0.06290849673202614 0.023284313725490197 0.021241830065359478
0 0.7383578431372549 0.07189542483660132 0.020833333333333332 0.022875816993464054
0 0.7408088235294118 0.08986928104575163 0.020833333333333332 0.0196078431372549
0 0.7138480392156863 0.08496732026143791 0.03308823529411765 0.03594771241830066
0 0.6838235294117647 0.08333333333333334 0.02696078431372549 0.022875816993464054
0 0.6776960784313726 0.1053921568627451 0.029411764705882353 0.02777777777777778
0 0.6813725490196079 0.12173202614379085 0.024509803921568627 0.021241830065359478
0 0.7040441176470588 0.12990196078431374 0.03553921568627451 0.03104575163398693
0 0.7291666666666666 0.12745098039215685 0.024509803921568627 0.029411764705882353
0 0.6740196078431372 0.13725490196078433 0.02696078431372549 0.022875816993464054
0 0.6917892156862745 0.1519607843137255 0.028186274509803922 0.022875816993464054
0 0.7138480392156863 0.1503267973856209 0.023284313725490197 0.026143790849673203
0 0.7022058823529411 0.1715686274509804 0.024509803921568627 0.026143790849673203
0 0.7598039215686274 0.1985294117647059 0.022058823529411763 0.024509803921568627
0 0.798406862745098 0.09068627450980392 0.01838235294117647 0.03758169934640523
0 0.789828431372549 0.12173202614379085 0.023284313725490197 0.021241830065359478
0 0.8131127450980392 0.013071895424836602 0.01838235294117647 0.022875816993464054
0 0.8321078431372549 0.012254901960784314 0.0196078431372549 0.021241830065359478
0 0.8848039215686274 0.008169934640522876 0.0196078431372549 0.013071895424836602
0 0.8982843137254902 0.018790849673202614 0.022058823529411763 0.021241830065359478
0 0.9142156862745098 0.022058823529411766 0.0196078431372549 0.03431372549019608
0 0.9313725490196079 0.01388888888888889 0.02696078431372549 0.024509803921568627
0 0.9436274509803921 0.01715686274509804 0.0196078431372549 0.021241830065359478
0 0.9595588235294118 0.028594771241830068 0.024509803921568627 0.024509803921568627
0 0.9852941176470588 0.025326797385620915 0.029411764705882353 0.04738562091503268
0 0.9258578431372549 0.03839869281045752 0.020833333333333332 0.024509803921568627
0 0.9424019607843137 0.035130718954248366 0.024509803921568627 0.021241830065359478
0 0.9393382352941176 0.06127450980392157 0.01838235294117647 0.021241830065359478
0 0.33026960784313725 0.607843137254902 0.030637254901960783 0.026143790849673203
0 0.3756127450980392 0.6266339869281046 0.025735294117647058 0.024509803921568627
0 0.3449754901960784 0.6225490196078431 0.015931372549019607 0.016339869281045753
0 0.3584558823529412 0.6486928104575164 0.0428921568627451 0.0392156862745098
0 0.3241421568627451 0.6339869281045751 0.025735294117647058 0.022875816993464054
0 0.3278186274509804 0.6535947712418301 0.025735294117647058 0.026143790849673203
0 0.3057598039215686 0.6478758169934641 0.023284313725490197 0.024509803921568627
0 0.28308823529411764 0.6356209150326798 0.024509803921568627 0.022875816993464054
0 0.012254901960784314 0.8619281045751634 0.022058823529411763 0.03104575163398693
0 0.0821078431372549 0.869281045751634 0.022058823529411763 0.029411764705882353
0 0.10294117647058823 0.8741830065359477 0.02696078431372549 0.026143790849673203
0 0.1292892156862745 0.8700980392156863 0.028186274509803922 0.024509803921568627
0 0.18566176470588236 0.8651960784313726 0.04044117647058824 0.03431372549019608
0 0.17095588235294118 0.8839869281045752 0.025735294117647058 0.022875816993464054
0 0.19791666666666666 0.8839869281045752 0.023284313725490197 0.022875816993464054
0 0.20465686274509803 0.8480392156862745 0.02696078431372549 0.0196078431372549
0 0.2267156862745098 0.8431372549019608 0.029411764705882353 0.026143790849673203
0 0.258578431372549 0.8398692810457516 0.03676470588235294 0.032679738562091505
0 0.2775735294117647 0.7957516339869282 0.028186274509803922 0.026143790849673203
0 0.2965686274509804 0.7875816993464052 0.024509803921568627 0.029411764705882353
0 0.31066176470588236 0.803921568627451 0.023284313725490197 0.016339869281045753
0 0.3321078431372549 0.8120915032679739 0.031862745098039214 0.0392156862745098
0 0.3590686274509804 0.8129084967320261 0.022058823529411763 0.021241830065359478
0 0.37193627450980393 0.8308823529411765 0.023284313725490197 0.02777777777777778
0 0.3174019607843137 0.8349673202614379 0.0392156862745098 0.0392156862745098
0 0.2824754901960784 0.8423202614379085 0.01838235294117647 0.021241830065359478
0 0.2965686274509804 0.8545751633986929 0.01715686274509804 0.03594771241830066
0 0.24509803921568626 0.8611111111111112 0.02696078431372549 0.022875816993464054
0 0.27879901960784315 0.8717320261437909 0.030637254901960783 0.03104575163398693
0 0.22242647058823528 0.8717320261437909 0.03553921568627451 0.03104575163398693
0 0.21323529411764705 0.8937908496732027 0.022058823529411763 0.022875816993464054
0 0.23958333333333334 0.8962418300653595 0.028186274509803922 0.024509803921568627
0 0.2542892156862745 0.8839869281045752 0.028186274509803922 0.026143790849673203
0 0.27879901960784315 0.8937908496732027 0.023284313725490197 0.022875816993464054
0 0.2977941176470588 0.8839869281045752 0.02696078431372549 0.022875816993464054
0 0.2971813725490196 0.9003267973856209 0.023284313725490197 0.026143790849673203
0 0.31433823529411764 0.9011437908496732 0.01838235294117647 0.024509803921568627
0 0.32965686274509803 0.9084967320261438 0.0196078431372549 0.0196078431372549
0 0.3394607843137255 0.8937908496732027 0.014705882352941176 0.026143790849673203
0 0.3284313725490196 0.869281045751634 0.044117647058823525 0.042483660130718956
0 0.352328431372549 0.8308823529411765 0.025735294117647058 0.021241830065359478
0 0.3517156862745098 0.8464052287581699 0.01715686274509804 0.016339869281045753
0 0.38235294117647056 0.8480392156862745 0.02696078431372549 0.022875816993464054
0 0.36090686274509803 0.863562091503268 0.028186274509803922 0.02777777777777778
0 0.3799019607843137 0.8741830065359477 0.0196078431372549 0.016339869281045753
0 0.3694852941176471 0.8978758169934641 0.04534313725490196 0.04084967320261438
0 0.3939950980392157 0.8676470588235294 0.023284313725490197 0.022875816993464054
0 0.4013480392156863 0.8529411764705883 0.01838235294117647 0.0196078431372549
0 0.41605392156862747 0.8415032679738562 0.025735294117647058 0.026143790849673203
0 0.42892156862745096 0.8194444444444444 0.02696078431372549 0.024509803921568627
0 0.4534313725490196 0.8504901960784313 0.04656862745098039 0.04084967320261438
0 0.4185049019607843 0.8660130718954249 0.030637254901960783 0.026143790849673203
0 0.4185049019607843 0.8962418300653595 0.04534313725490196 0.04084967320261438
0 0.40318627450980393 0.9133986928104575 0.01715686274509804 0.0196078431372549
0 0.4362745098039216 0.8733660130718954 0.014705882352941176 0.01797385620915033
0 0.45588235294117646 0.8799019607843137 0.029411764705882353 0.024509803921568627
0 0.45465686274509803 0.9109477124183006 0.041666666666666664 0.03758169934640523
0 0.48284313725490197 0.8276143790849674 0.022058823529411763 0.021241830065359478
0 0.48161764705882354 0.8431372549019608 0.014705882352941176 0.016339869281045753
0 0.4938725490196078 0.8447712418300654 0.01715686274509804 0.0196078431372549
0 0.4987745098039216 0.8325163398692811 0.01715686274509804 0.01797385620915033
0 0.5189950980392157 0.8406862745098039 0.030637254901960783 0.03104575163398693
0 0.548406862745098 0.8366013071895425 0.028186274509803922 0.026143790849673203
0 0.5759803921568627 0.8284313725490197 0.029411764705882353 0.026143790849673203
0 0.4846813725490196 0.8586601307189543 0.01838235294117647 0.021241830065359478
0 0.47487745098039214 0.8717320261437909 0.01838235294117647 0.021241830065359478
0 0.47549019607843135 0.8937908496732027 0.014705882352941176 0.029411764705882353
0 0.4932598039215686 0.883169934640523 0.023284313725490197 0.021241830065359478
0 0.5030637254901961 0.8594771241830066 0.01838235294117647 0.013071895424836602
0 0.5012254901960784 0.8717320261437909 0.0196078431372549 0.014705882352941176
0 0.5116421568627451 0.8815359477124183 0.011029411764705881 0.021241830065359478
0 0.5036764705882353 0.9044117647058824 0.029411764705882353 0.02777777777777778
0 0.4742647058823529 0.923202614379085 0.01715686274509804 0.022875816993464054
0 0.48651960784313725 0.928921568627451 0.022058823529411763 0.02777777777777778
0 0.5049019607843137 0.928921568627451 0.022058823529411763 0.01797385620915033
0 0.5337009803921569 0.8668300653594772 0.04044117647058824 0.04084967320261438
0 0.5680147058823529 0.8570261437908497 0.03799019607843137 0.04084967320261438
0 0.5569852941176471 0.8823529411764706 0.030637254901960783 0.032679738562091505
0 0.5294117647058824 0.888888888888889 0.022058823529411763 0.0196078431372549
0 0.5410539215686274 0.9117647058823529 0.05024509803921569 0.0392156862745098
0 0.5153186274509803 0.923202614379085 0.015931372549019607 0.0196078431372549
0 0.5263480392156863 0.9338235294117647 0.01838235294117647 0.01797385620915033
0 0.5496323529411765 0.9370915032679739 0.023284313725490197 0.01797385620915033
0 0.5919117647058824 0.8464052287581699 0.029411764705882353 0.026143790849673203
0 0.5968137254901961 0.8643790849673203 0.014705882352941176 0.022875816993464054
0 0.6145833333333334 0.8725490196078431 0.025735294117647058 0.03594771241830066
0 0.6354166666666666 0.8782679738562091 0.028186274509803922 0.02777777777777778
0 0.6004901960784313 0.8962418300653595 0.044117647058823525 0.04411764705882353
0 0.5845588235294118 0.9264705882352942 0.0392156862745098 0.0392156862745098
0 0.616421568627451 0.9240196078431373 0.02696078431372549 0.03431372549019608
0 0.6341911764705882 0.9011437908496732 0.03308823529411765 0.02777777777777778
0 0.6286764705882353 0.9428104575163399 0.022058823529411763 0.0196078431372549
0 0.6409313725490196 0.9264705882352942 0.031862745098039214 0.029411764705882353
0 0.6550245098039216 0.8725490196078431 0.028186274509803922 0.022875816993464054
0 0.6678921568627451 0.8545751633986929 0.024509803921568627 0.022875816993464054
0 0.7028186274509803 0.8570261437908497 0.028186274509803922 0.024509803921568627
0 0.6875 0.8733660130718954 0.0196078431372549 0.01797385620915033
0 0.6611519607843137 0.8954248366013072 0.023284313725490197 0.0392156862745098
0 0.6832107843137255 0.9019607843137255 0.04044117647058824 0.04575163398692811
0 0.6525735294117647 0.9493464052287582 0.028186274509803922 0.022875816993464054
0 0.6685049019607843 0.9370915032679739 0.03308823529411765 0.03104575163398693
0 0.7009803921568627 0.934640522875817 0.02696078431372549 0.042483660130718956
0 0.6850490196078431 0.9460784313725491 0.0196078431372549 0.029411764705882353
0 0.7113970588235294 0.9142156862745099 0.025735294117647058 0.03431372549019608
0 0.7058823529411764 0.8864379084967321 0.022058823529411763 0.024509803921568627
0 0.7138480392156863 0.8709150326797386 0.01838235294117647 0.0196078431372549
0 0.7352941176470588 0.8660130718954249 0.02696078431372549 0.022875816993464054
0 0.7634803921568627 0.8611111111111112 0.02696078431372549 0.022875816993464054
0 0.7297794117647058 0.888888888888889 0.025735294117647058 0.026143790849673203
0 0.7518382352941176 0.880718954248366 0.023284313725490197 0.0196078431372549
0 0.7420343137254902 0.9060457516339869 0.023284313725490197 0.021241830065359478
0 0.7365196078431372 0.9248366013071896 0.024509803921568627 0.0196078431372549
0 0.7205882352941176 0.9468954248366014 0.02696078431372549 0.03431372549019608
0 0.7524509803921569 0.917483660130719 0.024509803921568627 0.021241830065359478
0 0.7622549019607843 0.8946078431372549 0.022058823529411763 0.02777777777777778
0 0.7855392156862745 0.8611111111111112 0.024509803921568627 0.022875816993464054
0 0.7830882352941176 0.8978758169934641 0.0392156862745098 0.03758169934640523
0 0.8167892156862745 0.8823529411764706 0.025735294117647058 0.026143790849673203
0 0.8363970588235294 0.875 0.015931372549019607 0.01797385620915033
0 0.8370098039215687 0.888888888888889 0.01715686274509804 0.0196078431372549
0 0.8094362745098039 0.9060457516339869 0.028186274509803922 0.03758169934640523
0 0.7659313725490196 0.928921568627451 0.01715686274509804 0.014705882352941176
0 0.7935049019607843 0.9493464052287582 0.0428921568627451 0.0392156862745098
0 0.8051470588235294 0.9297385620915033 0.024509803921568627 0.022875816993464054
0 0.8327205882352942 0.9060457516339869 0.020833333333333332 0.021241830065359478
0 0.8449754901960784 0.9305555555555556 0.025735294117647058 0.021241830065359478
0 0.8645833333333334 0.9027777777777778 0.0428921568627451 0.04411764705882353
0 0.8774509803921569 0.875 0.022058823529411763 0.02777777777777778
0 0.9025735294117647 0.8937908496732027 0.020833333333333332 0.022875816993464054
0 0.9178921568627451 0.8946078431372549 0.01715686274509804 0.024509803921568627
0 0.9344362745098039 0.8986928104575164 0.020833333333333332 0.029411764705882353
0 0.8946078431372549 0.9125816993464052 0.02696078431372549 0.02777777777777778
0 0.9191176470588235 0.9207516339869282 0.02696078431372549 0.02777777777777778
0 0.8737745098039216 0.934640522875817 0.044117647058823525 0.03594771241830066
0 0.8498774509803921 0.9558823529411765 0.023284313725490197 0.026143790849673203
0 0.8725490196078431 0.9616013071895425 0.02696078431372549 0.021241830065359478
0 0.8909313725490196 0.9558823529411765 0.022058823529411763 0.022875816993464054
0 0.9099264705882353 0.9411764705882353 0.03799019607843137 0.03594771241830066
0 0.9344362745098039 0.9624183006535948 0.023284313725490197 0.022875816993464054
0 0.9381127450980392 0.928921568627451 0.015931372549019607 0.03431372549019608
0 0.9503676470588235 0.9166666666666667 0.020833333333333332 0.0196078431372549
0 0.9742647058823529 0.9109477124183006 0.024509803921568627 0.024509803921568627
0 0.9632352941176471 0.9338235294117647 0.03431372549019608 0.03104575163398693
0 0.9699754901960784 0.9558823529411765 0.03553921568627451 0.032679738562091505
0 0.9932598039215687 0.948529411764706 0.013480392156862746 0.024509803921568627
0 0.11580882352941177 0.9869281045751634 0.020833333333333332 0.016339869281045753
0 0.005514705882352941 0.6004901960784313 0.00857843137254902 0.01797385620915033
0 0.003676470588235294 0.6225490196078431 0.004901960784313725 0.016339869281045753
