0 0.17340686274509803 0.01715686274509804 0.013480392156862746 0.02777777777777778
0 0.1881127450980392 0.02369281045751634 0.01838235294117647 0.03104575163398693
0 0.2107843137254902 0.01797385620915033 0.0196078431372549 0.029411764705882353
0 0.19730392156862744 0.03839869281045752 0.0196078431372549 0.03431372549019608
0 0.20955882352941177 0.05065359477124183 0.012254901960784314 0.022875816993464054
0 0.18627450980392157 0.04738562091503268 0.014705882352941176 0.026143790849673203
0 0.16482843137254902 0.04330065359477124 0.023284313725490197 0.04411764705882353
0 0.1556372549019608 0.07026143790849673 0.024509803921568627 0.032679738562091505
0 0.17463235294117646 0.0727124183006536 0.015931372549019607 0.024509803921568627
0 0.17830882352941177 0.10049019607843138 0.015931372549019607 0.024509803921568627
0 0.16911764705882354 0.2434640522875817 0.01715686274509804 0.022875816993464054
0 0.18137254901960784 0.2704248366013072 0.0196078431372549 0.02777777777777778
0 0.16789215686274508 0.26715686274509803 0.01715686274509804 0.01797385620915033
0 0.17524509803921567 0.28431372549019607 0.0196078431372549 0.0196078431372549
0 0.1556372549019608 0.26715686274509803 0.014705882352941176 0.024509803921568627
0 0.14215686274509803 0.26715686274509803 0.014705882352941176 0.02777777777777778
0 0.13480392156862744 0.2908496732026144 0.014705882352941176 0.026143790849673203
0 0.13725490196078433 0.3145424836601307 0.014705882352941176 0.024509803921568627
0 0.13480392156862744 0.33333333333333337 0.0196078431372549 0.032679738562091505
0 0.15134803921568626 0.30228758169934644 0.023284313725490197 0.05228758169934641
0 0.17279411764705882 0.315359477124183 0.02696078431372549 0.05228758169934641
0 0.18933823529411764 0.3366013071895425 0.013480392156862746 0.026143790849673203
0 0.15379901960784315 0.3382352941176471 0.023284313725490197 0.022875816993464054
0 0.15318627450980393 0.35947712418300654 0.01715686274509804 0.032679738562091505
0 0.14338235294117646 0.3709150326797386 0.022058823529411763 0.029411764705882353
0 0.17340686274509803 0.3627450980392157 0.023284313725490197 0.042483660130718956
0 0.17708333333333334 0.3970588235294118 0.01838235294117647 0.029411764705882353
0 0.15502450980392157 0.4959150326797386 0.01838235294117647 0.024509803921568627
0 0.1685049019607843 0.5163398692810458 0.013480392156862746 0.032679738562091505
0 0.15931372549019607 0.5228758169934641 0.012254901960784314 0.029411764705882353
0 0.3370098039215686 0.4109477124183007 0.0196078431372549 0.03431372549019608
0 0.3370098039215686 0.4411764705882353 0.02696078431372549 0.022875816993464054
0 0.34987745098039214 0.47875816993464054 0.023284313725490197 0.04575163398692811
0 0.32965686274509803 0.47303921568627455 0.012254901960784314 0.02777777777777778
0 0.15747549019607843 0.00980392156862745 0.025735294117647058 0.016339869281045753
0 0.7598039215686274 0.11029411764705882 0.022058823529411763 0.03104575163398693
0 0.7781862745098039 0.12254901960784315 0.022058823529411763 0.0392156862745098
0 0.7598039215686274 0.13725490196078433 0.01715686274509804 0.032679738562091505
0 0.7708333333333334 0.14297385620915032 0.014705882352941176 0.03104575163398693
0 0.7751225490196079 0.1642156862745098 0.020833333333333332 0.03104575163398693
0 0.7971813725490196 0.17401960784313725 0.028186274509803922 0.03431372549019608
0 0.7224264705882353 0.12336601307189543 0.028186274509803922 0.06045751633986928
0 0.710171568627451 0.14787581699346405 0.025735294117647058 0.04738562091503268
0 0.6917892156862745 0.12418300653594772 0.020833333333333332 0.03594771241830066
0 0.6832107843137255 0.14460784313725492 0.015931372549019607 0.02777777777777778
0 0.6691176470588235 0.16666666666666669 0.0196078431372549 0.032679738562091505
0 0.6415441176470588 0.15114379084967322 0.020833333333333332 0.024509803921568627
0 0.6537990196078431 0.16748366013071897 0.01838235294117647 0.03758169934640523
0 0.6415441176470588 0.18382352941176472 0.015931372549019607 0.03431372549019608
0 0.6256127450980392 0.17320261437908496 0.015931372549019607 0.029411764705882353
0 0.7426470588235294 0.19607843137254902 0.041666666666666664 0.03594771241830066
0 0.7745098039215687 0.19934640522875818 0.02696078431372549 0.049019607843137254
0 0.7861519607843137 0.21568627450980393 0.023284313725490197 0.029411764705882353
0 0.7947303921568627 0.23366013071895425 0.025735294117647058 0.026143790849673203
0 0.7567401960784313 0.22303921568627452 0.020833333333333332 0.01797385620915033
0 0.741421568627451 0.22875816993464054 0.014705882352941176 0.022875816993464054
0 0.7150735294117647 0.22140522875816995 0.025735294117647058 0.04084967320261438
0 0.7297794117647058 0.22794117647058823 0.015931372549019607 0.03104575163398693
0 0.6905637254901961 0.2181372549019608 0.023284313725490197 0.04411764705882353
0 0.6458333333333334 0.2312091503267974 0.0196078431372549 0.03758169934640523
0 0.6127450980392157 0.22303921568627452 0.022058823529411763 0.024509803921568627
0 0.6758578431372549 0.23692810457516342 0.03799019607843137 0.049019607843137254
0 0.7113970588235294 0.25653594771241833 0.04044117647058824 0.0392156862745098
0 0.7444852941176471 0.2622549019607843 0.028186274509803922 0.03431372549019608
0 0.7647058823529411 0.2769607843137255 0.01715686274509804 0.04411764705882353
0 0.789828431372549 0.26143790849673204 0.025735294117647058 0.03594771241830066
0 0.8088235294117647 0.25 0.0196078431372549 0.032679738562091505
0 0.8229166666666666 0.28022875816993464 0.015931372549019607 0.03431372549019608
0 0.8100490196078431 0.28022875816993464 0.012254901960784314 0.02777777777777778
0 0.7977941176470588 0.29901960784313725 0.014705882352941176 0.029411764705882353
0 0.7787990196078431 0.2965686274509804 0.025735294117647058 0.05392156862745098
0 0.8033088235294118 0.3227124183006536 0.025735294117647058 0.03431372549019608
0 0.7432598039215687 0.28431372549019607 0.025735294117647058 0.026143790849673203
0 0.6237745098039216 0.24591503267973858 0.022058823529411763 0.02777777777777778
0 0.6568627450980392 0.24591503267973858 0.01715686274509804 0.01797385620915033
0 0.6495098039215687 0.26062091503267976 0.024509803921568627 0.03104575163398693
0 0.6348039215686274 0.2687908496732026 0.022058823529411763 0.021241830065359478
0 0.6170343137254902 0.2696078431372549 0.020833333333333332 0.0196078431372549
0 0.6096813725490196 0.2834967320261438 0.025735294117647058 0.021241830065359478
0 0.6286764705882353 0.28594771241830064 0.0196078431372549 0.029411764705882353
0 0.6495098039215687 0.2965686274509804 0.024509803921568627 0.03431372549019608
0 0.7181372549019608 0.2973856209150327 0.041666666666666664 0.0392156862745098
0 0.7463235294117647 0.3137254901960784 0.02696078431372549 0.042483660130718956
0 0.7696078431372549 0.3284313725490196 0.022058823529411763 0.032679738562091505
0 0.8216911764705882 0.33251633986928103 0.015931372549019607 0.03104575163398693
0 0.8143382352941176 0.34885620915032683 0.015931372549019607 0.02777777777777778
0 0.8033088235294118 0.3553921568627451 0.015931372549019607 0.02777777777777778
0 0.7518382352941176 0.33905228758169936 0.013480392156862746 0.021241830065359478
0 0.7720588235294118 0.35866013071895425 0.041666666666666664 0.03431372549019608
0 0.7781862745098039 0.3831699346405229 0.024509803921568627 0.021241830065359478
0 0.7806372549019608 0.40522875816993464 0.01715686274509804 0.029411764705882353
0 0.6587009803921569 0.32679738562091504 0.025735294117647058 0.0392156862745098
0 0.6286764705882353 0.3031045751633987 0.01715686274509804 0.02777777777777778
0 0.6145833333333334 0.29901960784313725 0.015931372549019607 0.0196078431372549
0 0.6035539215686274 0.30637254901960786 0.015931372549019607 0.03431372549019608
0 0.6200980392156863 0.32598039215686275 0.02696078431372549 0.024509803921568627
0 0.6685049019607843 0.34885620915032683 0.030637254901960783 0.04411764705882353
0 0.6991421568627451 0.3423202614379085 0.030637254901960783 0.06372549019607843
0 0.7230392156862745 0.3545751633986928 0.024509803921568627 0.049019607843137254
0 0.7481617647058824 0.3611111111111111 0.020833333333333332 0.029411764705882353
0 0.7377450980392157 0.38071895424836605 0.0392156862745098 0.029411764705882353
0 0.6783088235294118 0.38153594771241833 0.020833333333333332 0.03758169934640523
0 0.6568627450980392 0.3823529411764706 0.024509803921568627 0.032679738562091505
0 0.6274509803921569 0.3570261437908497 0.024509803921568627 0.03431372549019608
0 0.6145833333333334 0.36601307189542487 0.015931372549019607 0.022875816993464054
0 0.6231617647058824 0.3839869281045752 0.023284313725490197 0.026143790849673203
0 0.642156862745098 0.38480392156862747 0.01715686274509804 0.02777777777777778
0 0.6384803921568627 0.4084967320261438 0.024509803921568627 0.042483660130718956
0 0.6213235294117647 0.4150326797385621 0.0196078431372549 0.042483660130718956
0 0.6703431372549019 0.41339869281045755 0.01715686274509804 0.03594771241830066
0 0.6924019607843137 0.4150326797385621 0.029411764705882353 0.032679738562091505
0 0.7267156862745098 0.4076797385620915 0.022058823529411763 0.03431372549019608
0 0.7457107843137255 0.40604575163398693 0.015931372549019607 0.03104575163398693
0 0.758578431372549 0.4011437908496732 0.0196078431372549 0.04084967320261438
0 0.7352941176470588 0.4305555555555556 0.014705882352941176 0.02777777777777778
0 0.7230392156862745 0.4419934640522876 0.0196078431372549 0.03431372549019608
0 0.7120098039215687 0.41258169934640526 0.014705882352941176 0.024509803921568627
0 0.7028186274509803 0.43709150326797386 0.015931372549019607 0.03431372549019608
0 0.6776960784313726 0.4526143790849673 0.01715686274509804 0.0392156862745098
0 0.6917892156862745 0.45016339869281047 0.013480392156862746 0.03758169934640523
0 0.6599264705882353 0.440359477124183 0.01838235294117647 0.03758169934640523
0 0.664828431372549 0.46895424836601307 0.01838235294117647 0.03594771241830066
0 0.6495098039215687 0.4722222222222222 0.01715686274509804 0.022875816993464054
0 0.6433823529411765 0.4477124183006536 0.024509803921568627 0.042483660130718956
0 0.6066176470588235 0.488562091503268 0.029411764705882353 0.032679738562091505
0 0.5962009803921569 0.5098039215686274 0.020833333333333332 0.0392156862745098
0 0.5772058823529411 0.5024509803921569 0.01715686274509804 0.03104575163398693
0 0.5686274509803921 0.494281045751634 0.014705882352941176 0.024509803921568627
0 0.5545343137254902 0.5024509803921569 0.020833333333333332 0.03758169934640523
0 0.5588235294117647 0.5245098039215687 0.01715686274509804 0.029411764705882353
0 0.5814950980392157 0.5310457516339869 0.015931372549019607 0.029411764705882353
0 0.5919117647058824 0.5531045751633987 0.02696078431372549 0.057189542483660136
0 0.5349264705882353 0.5212418300653595 0.025735294117647058 0.03594771241830066
0 0.5361519607843137 0.5449346405228759 0.01838235294117647 0.024509803921568627
0 0.5153186274509803 0.5416666666666666 0.023284313725490197 0.04738562091503268
0 0.5520833333333334 0.5514705882352942 0.013480392156862746 0.03431372549019608
0 0.5625 0.5702614379084967 0.014705882352941176 0.03594771241830066
0 0.5723039215686274 0.5751633986928105 0.01715686274509804 0.0196078431372549
0 0.6151960784313726 0.5833333333333334 0.012254901960784314 0.026143790849673203
0 0.6011029411764706 0.5849673202614379 0.015931372549019607 0.029411764705882353
0 0.6066176470588235 0.6094771241830066 0.014705882352941176 0.029411764705882353
0 0.6182598039215687 0.6168300653594772 0.015931372549019607 0.03758169934640523
0 0.5870098039215687 0.6094771241830066 0.01715686274509804 0.032679738562091505
0 0.5986519607843137 0.6290849673202614 0.01838235294117647 0.029411764705882353
0 0.5857843137254902 0.6413398692810458 0.0196078431372549 0.03758169934640523
0 0.5753676470588235 0.6176470588235294 0.015931372549019607 0.032679738562091505
0 0.5612745098039216 0.6045751633986929 0.022058823529411763 0.03594771241830066
0 0.5379901960784313 0.5825163398692811 0.0196078431372549 0.03758169934640523
0 0.5287990196078431 0.5612745098039216 0.013480392156862746 0.02777777777777778
0 0.5220588235294118 0.5841503267973857 0.0196078431372549 0.03758169934640523
0 0.5447303921568627 0.6094771241830066 0.015931372549019607 0.029411764705882353
0 0.5704656862745098 0.5506535947712419 0.015931372549019607 0.022875816993464054
