0 0.3619281045751634 0.6299019607843137 0.07352941176470588 0.03431372549019608
0 0.4526143790849673 0.6354166666666666 0.06209150326797386 0.030637254901960783
0 0.5547385620915033 0.6084558823529411 0.057189542483660136 0.028186274509803922
0 0.5833333333333334 0.616421568627451 0.03594771241830066 0.01715686274509804
0 0.5604575163398693 0.6280637254901961 0.0392156862745098 0.01838235294117647
0 0.5996732026143791 0.6274509803921569 0.03594771241830066 0.0196078431372549
0 0.6274509803921569 0.6158088235294118 0.0392156862745098 0.020833333333333332
0 0.6200980392156863 0.6341911764705882 0.03758169934640523 0.01838235294117647
0 0.6339869281045751 0.6403186274509803 0.03594771241830066 0.020833333333333332
0 0.6813725490196079 0.6133578431372549 0.0784313725490196 0.04044117647058824
0 0.7369281045751634 0.6066176470588235 0.03594771241830066 0.022058823529411763
0 0.8194444444444444 0.6256127450980392 0.03758169934640523 0.020833333333333332
0 0.8553921568627452 0.6280637254901961 0.03758169934640523 0.025735294117647058
0 0.8954248366013072 0.6292892156862745 0.05555555555555556 0.03308823529411765
0 0.9697712418300654 0.6158088235294118 0.06045751633986928 0.03799019607843137
0 0.9689542483660131 0.6415441176470588 0.05228758169934641 0.025735294117647058
