0 0.47058823529411764 0.40625 0.06535947712418301 0.028186274509803922
0 0.6699346405228759 0.35661764705882354 0.07189542483660132 0.04656862745098039
0 0.6233660130718954 0.38909313725490197 0.06699346405228758 0.05024509803921569
0 0.6715686274509804 0.41360294117647056 0.026143790849673203 0.025735294117647058
0 0.5808823529411765 0.4056372549019608 0.03758169934640523 0.01715686274509804
0 0.5898692810457516 0.4270833333333333 0.07516339869281045 0.03308823529411765
0 0.5400326797385621 0.3805147058823529 0.06699346405228758 0.03553921568627451
0 0.5106209150326797 0.3915441176470588 0.03758169934640523 0.015931372549019607
0 0.5204248366013072 0.40870098039215685 0.04411764705882353 0.030637254901960783
0 0.542483660130719 0.40808823529411764 0.022875816993464054 0.0196078431372549
0 0.5073529411764706 0.42463235294117646 0.03104575163398693 0.015931372549019607
0 0.4526143790849673 0.41973039215686275 0.03594771241830066 0.015931372549019607
0 0.4812091503267974 0.42463235294117646 0.03104575163398693 0.015931372549019607
0 0.45915032679738566 0.4417892156862745 0.058823529411764705 0.028186274509803922
0 0.7900326797385621 0.3737745098039216 0.03104575163398693 0.029411764705882353
0 0.9133986928104575 0.3792892156862745 0.06209150326797386 0.04534313725490196
0 0.9558823529411765 0.4142156862745098 0.0392156862745098 0.02696078431372549
0 0.9550653594771242 0.4650735294117647 0.06699346405228758 0.03799019607843137
0 0.9722222222222222 0.6550245098039216 0.05555555555555556 0.03799019607843137
0 0.44689542483660133 0.5772058823529411 0.057189542483660136 0.02696078431372549
0 0.4934640522875817 0.5649509803921569 0.029411764705882353 0.01715686274509804
0 0.5245098039215687 0.5680147058823529 0.026143790849673203 0.023284313725490197
0 0.494281045751634 0.5814950980392157 0.04738562091503268 0.023284313725490197
0 0.5302287581699346 0.5925245098039216 0.04738562091503268 0.030637254901960783
0 0.513888888888889 0.6158088235294118 0.06045751633986928 0.030637254901960783
0 0.5800653594771242 0.6072303921568627 0.07516339869281045 0.0428921568627451
0 0.6160130718954249 0.5631127450980392 0.049019607843137254 0.023284313725490197
0 0.6552287581699346 0.5643382352941176 0.04575163398692811 0.025735294117647058
0 0.6911764705882353 0.5667892156862745 0.029411764705882353 0.023284313725490197
0 0.6331699346405228 0.5814950980392157 0.06045751633986928 0.025735294117647058
0 0.7352941176470589 0.5588235294117647 0.029411764705882353 0.014705882352941176
0 0.7777777777777778 0.5741421568627451 0.04575163398692811 0.020833333333333332
0 0.6879084967320261 0.5919117647058824 0.06862745098039216 0.031862745098039214
0 0.8104575163398693 0.5919117647058824 0.049019607843137254 0.029411764705882353
0 0.7712418300653595 0.5876225490196079 0.0392156862745098 0.025735294117647058
0 0.744281045751634 0.5955882352941176 0.04738562091503268 0.024509803921568627
0 0.7467320261437909 0.6256127450980392 0.058823529411764705 0.04779411764705882
0 0.7026143790849674 0.6409313725490196 0.032679738562091505 0.0196078431372549
0 0.6486928104575164 0.6047794117647058 0.05228758169934641 0.028186274509803922
0 0.6821895424836601 0.6127450980392157 0.03431372549019608 0.0196078431372549
0 0.5931372549019608 0.6372549019607843 0.0392156862745098 0.0196078431372549
0 0.5563725490196079 0.6311274509803921 0.02777777777777778 0.01715686274509804
0 0.494281045751634 0.6323529411764706 0.03431372549019608 0.01715686274509804
0 0.8137254901960784 0.6225490196078431 0.032679738562091505 0.03431372549019608
0 0.8014705882352942 0.6464460784313726 0.02777777777777778 0.028186274509803922
0 0.8431372549019608 0.6384803921568627 0.05555555555555556 0.031862745098039214
0 0.8839869281045752 0.6084558823529411 0.04575163398692811 0.025735294117647058
0 0.8848039215686275 0.6317401960784313 0.04411764705882353 0.028186274509803922
0 0.863562091503268 0.6495098039215687 0.02777777777777778 0.024509803921568627
0 0.8978758169934641 0.6550245098039216 0.057189542483660136 0.028186274509803922
0 0.9240196078431373 0.6176470588235294 0.03431372549019608 0.0196078431372549
0 0.9566993464052288 0.6127450980392157 0.03758169934640523 0.022058823529411763
0 0.9852941176470589 0.6072303921568627 0.029411764705882353 0.020833333333333332
0 0.9387254901960784 0.6464460784313726 0.03104575163398693 0.020833333333333332
0 0.38153594771241833 0.5269607843137255 0.03758169934640523 0.024509803921568627
0 0.33986928104575165 0.5386029411764706 0.042483660130718956 0.03799019607843137
0 0.28758169934640526 0.53125 0.05228758169934641 0.04044117647058824
0 0.309640522875817 0.5833333333333334 0.07026143790849673 0.05392156862745098
0 0.24183006535947713 0.5680147058823529 0.032679738562091505 0.020833333333333332
0 0.2647058823529412 0.5919117647058824 0.029411764705882353 0.022058823529411763
0 0.2638888888888889 0.6151960784313726 0.04084967320261438 0.024509803921568627
0 0.0196078431372549 0.5808823529411765 0.03594771241830066 0.022058823529411763
0 0.05310457516339869 0.5827205882352942 0.03758169934640523 0.020833333333333332
0 0.021241830065359478 0.6102941176470588 0.0392156862745098 0.03676470588235294
0 0.05555555555555556 0.6078431372549019 0.032679738562091505 0.022058823529411763
0 0.05228758169934641 0.6200980392156863 0.0392156862745098 0.0196078431372549
0 0.09313725490196079 0.6225490196078431 0.0392156862745098 0.01715686274509804
0 0.1315359477124183 0.6262254901960784 0.03758169934640523 0.022058823529411763
0 0.1527777777777778 0.6488970588235294 0.04411764705882353 0.05269607843137255
0 0.10130718954248366 0.6409313725490196 0.03594771241830066 0.02696078431372549
0 0.11356209150326797 0.6623774509803921 0.04411764705882353 0.030637254901960783
0 0.02777777777777778 0.6433823529411765 0.05228758169934641 0.02696078431372549
0 0.06535947712418301 0.647671568627451 0.0392156862745098 0.04044117647058824
0 0.08415032679738563 0.6531862745098039 0.03431372549019608 0.0196078431372549
0 0.04411764705882353 0.6587009803921569 0.026143790849673203 0.01838235294117647
0 0.03022875816993464 0.6721813725490196 0.03431372549019608 0.030637254901960783
0 0.06535947712418301 0.6936274509803921 0.05228758169934641 0.031862745098039214
0 0.1119281045751634 0.6973039215686274 0.05065359477124183 0.04656862745098039
0 0.1053921568627451 0.7193627450980392 0.04084967320261438 0.0196078431372549
0 0.15604575163398693 0.6868872549019608 0.06045751633986928 0.028186274509803922
0 0.1576797385620915 0.7064950980392157 0.04084967320261438 0.020833333333333332
0 0.18790849673202614 0.6979166666666666 0.022875816993464054 0.028186274509803922
0 0.19362745098039216 0.6709558823529411 0.06699346405228758 0.030637254901960783
0 0.22549019607843138 0.6519607843137255 0.03594771241830066 0.022058823529411763
0 0.26633986928104575 0.6439950980392157 0.06209150326797386 0.03308823529411765
0 0.23529411764705882 0.6709558823529411 0.049019607843137254 0.023284313725490197
0 0.23202614379084968 0.6875 0.06535947712418301 0.031862745098039214
0 0.23692810457516342 0.7120098039215687 0.042483660130718956 0.03431372549019608
0 0.2900326797385621 0.6685049019607843 0.04738562091503268 0.023284313725490197
0 0.3276143790849673 0.664828431372549 0.03431372549019608 0.015931372549019607
0 0.2728758169934641 0.6844362745098039 0.026143790849673203 0.023284313725490197
0 0.2712418300653595 0.7058823529411764 0.0392156862745098 0.029411764705882353
0 0.3055555555555556 0.6948529411764706 0.0392156862745098 0.041666666666666664
0 0.33496732026143794 0.6948529411764706 0.03594771241830066 0.022058823529411763
0 0.3553921568627451 0.6825980392156863 0.04084967320261438 0.03431372549019608
0 0.3839869281045752 0.6832107843137255 0.026143790849673203 0.028186274509803922
0 0.4027777777777778 0.6691176470588235 0.03758169934640523 0.0196078431372549
0 0.428921568627451 0.6764705882352942 0.024509803921568627 0.024509803921568627
0 0.4534313725490196 0.6881127450980392 0.024509803921568627 0.025735294117647058
0 0.477124183006536 0.6801470588235294 0.032679738562091505 0.01715686274509804
0 0.5106209150326797 0.6783088235294118 0.04738562091503268 0.030637254901960783
0 0.40032679738562094 0.6893382352941176 0.0196078431372549 0.025735294117647058
0 0.42401960784313725 0.7015931372549019 0.03758169934640523 0.04044117647058824
0 0.4526143790849673 0.7071078431372549 0.03594771241830066 0.0196078431372549
0 0.46895424836601307 0.71875 0.042483660130718956 0.01838235294117647
0 0.4934640522875817 0.7303921568627451 0.04575163398692811 0.029411764705882353
0 0.46977124183006536 0.7536764705882353 0.05065359477124183 0.024509803921568627
0 0.4338235294117647 0.7377450980392157 0.07026143790849673 0.031862745098039214
0 0.42483660130718953 0.7610294117647058 0.049019607843137254 0.024509803921568627
0 0.4035947712418301 0.7732843137254902 0.029411764705882353 0.022058823529411763
0 0.37173202614379086 0.7113970588235294 0.07026143790849673 0.03799019607843137
0 0.34068627450980393 0.7291666666666666 0.04411764705882353 0.03431372549019608
0 0.375 0.7371323529411764 0.04738562091503268 0.028186274509803922
0 0.286764705882353 0.7310049019607843 0.07679738562091504 0.03308823529411765
0 0.18627450980392157 0.7224264705882353 0.04575163398692811 0.025735294117647058
0 0.20751633986928106 0.7120098039215687 0.032679738562091505 0.01715686274509804
0 0.17483660130718956 0.735906862745098 0.032679738562091505 0.015931372549019607
0 0.18055555555555555 0.7530637254901961 0.04411764705882353 0.030637254901960783
0 0.18790849673202614 0.7732843137254902 0.032679738562091505 0.022058823529411763
0 0.32598039215686275 0.7524509803921569 0.05065359477124183 0.029411764705882353
0 0.27369281045751637 0.7493872549019608 0.04411764705882353 0.020833333333333332
0 0.9264705882352942 0.10661764705882353 0.03594771241830066 0.022058823529411763
0 0.9852941176470589 0.3057598039215686 0.029411764705882353 0.03308823529411765
