0 0.025326797385620915 0.010416666666666666 0.04738562091503268 0.01838235294117647
0 0.08415032679738563 0.007352941176470588 0.03431372549019608 0.012254901960784314
0 0.06699346405228758 0.016544117647058824 0.029411764705882353 0.013480392156862746
0 0.022875816993464054 0.026348039215686275 0.042483660130718956 0.020833333333333332
0 0.03349673202614379 0.056372549019607844 0.04084967320261438 0.0196078431372549
0 0.04820261437908497 0.042279411764705885 0.02777777777777778 0.011029411764705881
0 0.014705882352941176 0.055759803921568624 0.016339869281045753 0.013480392156862746
0 0.0196078431372549 0.07965686274509803 0.03594771241830066 0.01715686274509804
0 0.04656862745098039 0.07107843137254902 0.03431372549019608 0.014705882352941176
0 0.06535947712418301 0.05269607843137255 0.026143790849673203 0.01715686274509804
0 0.08741830065359478 0.03370098039215686 0.024509803921568627 0.015931372549019607
0 0.028594771241830068 0.09436274509803921 0.02777777777777778 0.01715686274509804
0 0.008986928104575164 0.10110294117647059 0.014705882352941176 0.015931372549019607
0 0.022875816993464054 0.10723039215686274 0.032679738562091505 0.015931372549019607
0 0.05310457516339869 0.09865196078431372 0.03104575163398693 0.015931372549019607
0 0.07598039215686275 0.08762254901960784 0.024509803921568627 0.015931372549019607
0 0.05555555555555556 0.1090686274509804 0.032679738562091505 0.012254901960784314
0 0.04084967320261438 0.12254901960784313 0.042483660130718956 0.014705882352941176
0 0.016339869281045753 0.14583333333333334 0.029411764705882353 0.01715686274509804
0 0.04330065359477124 0.13602941176470587 0.02777777777777778 0.012254901960784314
0 0.07026143790849673 0.13480392156862744 0.032679738562091505 0.014705882352941176
0 0.07352941176470588 0.12009803921568628 0.029411764705882353 0.014705882352941176
0 0.08006535947712419 0.0974264705882353 0.022875816993464054 0.013480392156862746
0 0.09967320261437909 0.11764705882352941 0.049019607843137254 0.029411764705882353
0 0.10620915032679738 0.09926470588235294 0.03594771241830066 0.014705882352941176
0 0.09885620915032681 0.08639705882352941 0.024509803921568627 0.013480392156862746
0 0.11111111111111112 0.07659313725490197 0.029411764705882353 0.013480392156862746
0 0.09068627450980392 0.056372549019607844 0.03758169934640523 0.014705882352941176
0 0.07516339869281045 0.07107843137254902 0.026143790849673203 0.014705882352941176
0 0.12663398692810457 0.015931372549019607 0.04738562091503268 0.022058823529411763
0 0.17973856209150327 0.015931372549019607 0.05228758169934641 0.02696078431372549
0 0.22222222222222224 0.022058823529411763 0.0392156862745098 0.03676470588235294
0 0.11274509803921569 0.026348039215686275 0.042483660130718956 0.015931372549019607
0 0.15114379084967322 0.03370098039215686 0.05392156862745098 0.025735294117647058
0 0.17973856209150327 0.04963235294117647 0.05555555555555556 0.023284313725490197
0 0.25980392156862747 0.023284313725490197 0.0392156862745098 0.01715686274509804
0 0.29330065359477125 0.017769607843137254 0.03104575163398693 0.015931372549019607
0 0.25163398692810457 0.037377450980392156 0.032679738562091505 0.013480392156862746
0 0.25326797385620914 0.05330882352941176 0.049019607843137254 0.028186274509803922
0 0.21323529411764708 0.05943627450980392 0.021241830065359478 0.00857843137254902
0 0.2181372549019608 0.06678921568627451 0.02777777777777778 0.013480392156862746
0 0.12990196078431374 0.0857843137254902 0.03431372549019608 0.01715686274509804
0 0.16339869281045752 0.08026960784313725 0.029411764705882353 0.011029411764705881
0 0.184640522875817 0.07904411764705882 0.032679738562091505 0.011029411764705881
0 0.21977124183006536 0.08149509803921569 0.04738562091503268 0.01838235294117647
0 0.15114379084967322 0.09987745098039215 0.024509803921568627 0.013480392156862746
0 0.14950980392156862 0.1170343137254902 0.01797385620915033 0.015931372549019607
0 0.21486928104575165 0.10049019607843138 0.05065359477124183 0.022058823529411763
0 0.17647058823529413 0.11029411764705882 0.026143790849673203 0.012254901960784314
0 0.1911764705882353 0.12316176470588235 0.032679738562091505 0.013480392156862746
0 0.1707516339869281 0.13174019607843138 0.024509803921568627 0.011029411764705881
0 0.22630718954248366 0.12009803921568628 0.04411764705882353 0.0196078431372549
0 0.25571895424836605 0.125 0.024509803921568627 0.012254901960784314
0 0.23366013071895425 0.13664215686274508 0.026143790849673203 0.011029411764705881
0 0.22222222222222224 0.16237745098039216 0.029411764705882353 0.015931372549019607
0 0.2581699346405229 0.16605392156862744 0.032679738562091505 0.015931372549019607
0 0.25653594771241833 0.07475490196078431 0.0392156862745098 0.0196078431372549
0 0.2581699346405229 0.09375 0.022875816993464054 0.015931372549019607
0 0.25 0.1017156862745098 0.032679738562091505 0.014705882352941176
0 0.27532679738562094 0.08884803921568628 0.021241830065359478 0.011029411764705881
0 0.28594771241830064 0.08149509803921569 0.0196078431372549 0.013480392156862746
0 0.2957516339869281 0.05514705882352941 0.032679738562091505 0.0196078431372549
0 0.31209150326797386 0.04718137254901961 0.029411764705882353 0.011029411764705881
0 0.33333333333333337 0.011029411764705881 0.029411764705882353 0.014705882352941176
0 0.3562091503267974 0.032475490196078434 0.029411764705882353 0.023284313725490197
0 0.4150326797385621 0.01715686274509804 0.029411764705882353 0.014705882352941176
0 0.42647058823529416 0.02389705882352941 0.022875816993464054 0.013480392156862746
0 0.3382352941176471 0.04840686274509804 0.029411764705882353 0.013480392156862746
0 0.32189542483660133 0.06433823529411764 0.026143790849673203 0.013480392156862746
0 0.3619281045751634 0.052083333333333336 0.021241830065359478 0.011029411764705881
0 0.352124183006536 0.06678921568627451 0.02777777777777778 0.015931372549019607
0 0.37745098039215685 0.06862745098039216 0.026143790849673203 0.014705882352941176
0 0.31290849673202614 0.07965686274509803 0.03104575163398693 0.014705882352941176
0 0.3145424836601307 0.09068627450980392 0.02777777777777778 0.014705882352941176
0 0.33905228758169936 0.09068627450980392 0.02777777777777778 0.014705882352941176
0 0.2957516339869281 0.09987745098039215 0.026143790849673203 0.013480392156862746
0 0.286764705882353 0.11029411764705882 0.03104575163398693 0.014705882352941176
0 0.33088235294117646 0.10110294117647059 0.02777777777777778 0.013480392156862746
0 0.31209150326797386 0.11090686274509803 0.029411764705882353 0.013480392156862746
0 0.309640522875817 0.1256127450980392 0.03431372549019608 0.015931372549019607
0 0.33415032679738566 0.11397058823529412 0.03104575163398693 0.01715686274509804
0 0.36601307189542487 0.09313725490196079 0.032679738562091505 0.014705882352941176
0 0.3611111111111111 0.11213235294117647 0.022875816993464054 0.015931372549019607
0 0.37336601307189543 0.006127450980392157 0.03104575163398693 0.00980392156862745
0 0.4493464052287582 0.06556372549019608 0.03594771241830066 0.023284313725490197
0 0.3929738562091503 0.08026960784313725 0.024509803921568627 0.013480392156862746
0 0.41748366013071897 0.07904411764705882 0.02777777777777778 0.013480392156862746
0 0.41421568627450983 0.09375 0.03104575163398693 0.015931372549019607
0 0.39133986928104575 0.09620098039215687 0.02777777777777778 0.013480392156862746
0 0.4158496732026144 0.1053921568627451 0.03431372549019608 0.014705882352941176
0 0.43709150326797386 0.08455882352941177 0.021241830065359478 0.014705882352941176
0 0.4550653594771242 0.08762254901960784 0.021241830065359478 0.020833333333333332
0 0.4436274509803922 0.09926470588235294 0.02777777777777778 0.00980392156862745
0 0.4616013071895425 0.10600490196078431 0.02777777777777778 0.013480392156862746
0 0.477124183006536 0.09558823529411764 0.029411764705882353 0.012254901960784314
0 0.4861111111111111 0.0857843137254902 0.04084967320261438 0.01715686274509804
0 0.4991830065359477 0.07720588235294118 0.021241830065359478 0.012254901960784314
0 0.5032679738562091 0.09681372549019608 0.029411764705882353 0.012254901960784314
0 0.49754901960784315 0.10723039215686274 0.02777777777777778 0.011029411764705881
0 0.49264705882352944 0.12009803921568628 0.03104575163398693 0.014705882352941176
0 0.5277777777777778 0.007352941176470588 0.032679738562091505 0.012254901960784314
0 0.5318627450980392 0.02144607843137255 0.024509803921568627 0.013480392156862746
0 0.5163398692810458 0.03125 0.026143790849673203 0.013480392156862746
0 0.5024509803921569 0.03799019607843137 0.02777777777777778 0.012254901960784314
0 0.5857843137254902 0.015318627450980392 0.05065359477124183 0.023284313725490197
0 0.5547385620915033 0.024509803921568627 0.02777777777777778 0.012254901960784314
0 0.5040849673202614 0.007965686274509803 0.021241830065359478 0.013480392156862746
0 0.5874183006535948 0.029411764705882353 0.024509803921568627 0.012254901960784314
0 0.6143790849673203 0.03676470588235294 0.03594771241830066 0.014705882352941176
0 0.5841503267973857 0.041666666666666664 0.03104575163398693 0.01715686274509804
0 0.565359477124183 0.0508578431372549 0.022875816993464054 0.011029411764705881
0 0.5449346405228759 0.056372549019607844 0.03431372549019608 0.014705882352941176
0 0.5179738562091504 0.061274509803921566 0.029411764705882353 0.012254901960784314
0 0.5163398692810458 0.07352941176470588 0.026143790849673203 0.012254901960784314
0 0.5383986928104575 0.06924019607843138 0.024509803921568627 0.015931372549019607
0 0.5637254901960784 0.06678921568627451 0.029411764705882353 0.01838235294117647
0 0.5310457516339869 0.08946078431372549 0.026143790849673203 0.012254901960784314
0 0.5269607843137255 0.10477941176470588 0.03431372549019608 0.013480392156862746
0 0.5547385620915033 0.09252450980392157 0.02777777777777778 0.013480392156862746
0 0.5849673202614379 0.0974264705882353 0.03594771241830066 0.015931372549019607
0 0.5629084967320261 0.10477941176470588 0.02777777777777778 0.011029411764705881
0 0.5800653594771242 0.11397058823529412 0.026143790849673203 0.012254901960784314
0 0.6037581699346405 0.12009803921568628 0.024509803921568627 0.022058823529411763
0 0.5555555555555556 0.13051470588235295 0.032679738562091505 0.015931372549019607
0 0.5718954248366013 0.15134803921568626 0.0196078431372549 0.01838235294117647
0 0.6593137254901961 0.006127450980392157 0.03104575163398693 0.00980392156862745
0 0.6486928104575164 0.02267156862745098 0.026143790849673203 0.013480392156862746
0 0.6707516339869282 0.015931372549019607 0.02777777777777778 0.014705882352941176
0 0.6748366013071896 0.028799019607843136 0.0196078431372549 0.01838235294117647
0 0.6535947712418301 0.03799019607843137 0.029411764705882353 0.014705882352941176
0 0.6977124183006537 0.00857843137254902 0.03594771241830066 0.014705882352941176
0 0.7263071895424836 0.011029411764705881 0.02777777777777778 0.014705882352941176
0 0.7508169934640523 0.006127450980392157 0.024509803921568627 0.00980392156862745
0 0.7671568627450981 0.017769607843137254 0.03104575163398693 0.030637254901960783
0 0.744281045751634 0.02144607843137255 0.02777777777777778 0.013480392156862746
0 0.696078431372549 0.03125 0.026143790849673203 0.013480392156862746
0 0.7197712418300654 0.029411764705882353 0.024509803921568627 0.012254901960784314
0 0.8088235294117647 0.011029411764705881 0.029411764705882353 0.01715686274509804
0 0.7908496732026145 0.020833333333333332 0.022875816993464054 0.014705882352941176
0 0.8913398692810458 0.014093137254901961 0.05065359477124183 0.025735294117647058
0 0.9517973856209151 0.014093137254901961 0.04411764705882353 0.01838235294117647
0 0.9264705882352942 0.007352941176470588 0.0392156862745098 0.012254901960784314
0 0.9624183006535948 0.02696078431372549 0.03594771241830066 0.014705882352941176
0 0.9215686274509804 0.028186274509803922 0.04575163398692811 0.0196078431372549
0 0.8700980392156863 0.025735294117647058 0.03104575163398693 0.022058823529411763
0 0.8562091503267975 0.037377450980392156 0.022875816993464054 0.028186274509803922
0 0.8995098039215687 0.04534313725490196 0.04084967320261438 0.022058823529411763
0 0.9321895424836601 0.04840686274509804 0.03104575163398693 0.023284313725490197
0 0.9599673202614379 0.04718137254901961 0.04084967320261438 0.01838235294117647
0 0.8366013071895425 0.02144607843137255 0.0196078431372549 0.013480392156862746
0 0.8145424836601307 0.0392156862745098 0.05065359477124183 0.022058823529411763
0 0.7745098039215687 0.04595588235294117 0.03594771241830066 0.028186274509803922
0 0.7459150326797386 0.04963235294117647 0.021241830065359478 0.013480392156862746
0 0.7091503267973857 0.04105392156862745 0.026143790849673203 0.011029411764705881
0 0.7116013071895425 0.05821078431372549 0.04084967320261438 0.023284313725490197
0 0.6560457516339869 0.0545343137254902 0.021241830065359478 0.013480392156862746
0 0.6380718954248367 0.06495098039215687 0.024509803921568627 0.01715686274509804
0 0.6642156862745098 0.061274509803921566 0.024509803921568627 0.012254901960784314
0 0.673202614379085 0.0741421568627451 0.029411764705882353 0.015931372549019607
0 0.6486928104575164 0.07659313725490197 0.022875816993464054 0.013480392156862746
0 0.7181372549019608 0.0778186274509804 0.03758169934640523 0.01838235294117647
0 0.75 0.06495098039215687 0.026143790849673203 0.012254901960784314
0 0.9624183006535948 0.06985294117647059 0.049019607843137254 0.024509803921568627
0 0.9901960784313726 0.03431372549019608 0.0196078431372549 0.022058823529411763
0 0.9125816993464052 0.06495098039215687 0.024509803921568627 0.012254901960784314
0 0.8823529411764706 0.06924019607843138 0.04575163398692811 0.023284313725490197
0 0.8259803921568628 0.07169117647058823 0.04738562091503268 0.028186274509803922
0 0.7867647058823529 0.0778186274509804 0.04084967320261438 0.023284313725490197
0 0.7434640522875817 0.08762254901960784 0.04575163398692811 0.025735294117647058
0 0.6617647058823529 0.08884803921568628 0.026143790849673203 0.013480392156862746
0 0.6315359477124183 0.09803921568627451 0.04084967320261438 0.0196078431372549
0 0.6764705882352942 0.09375 0.026143790849673203 0.01838235294117647
0 0.7075163398692811 0.10049019607843138 0.05228758169934641 0.024509803921568627
0 0.6495098039215687 0.1170343137254902 0.03104575163398693 0.013480392156862746
0 0.630718954248366 0.12438725490196079 0.022875816993464054 0.011029411764705881
0 0.7785947712418301 0.10355392156862744 0.04084967320261438 0.01838235294117647
0 0.8194444444444444 0.09313725490196079 0.024509803921568627 0.012254901960784314
0 0.8112745098039216 0.11090686274509803 0.03758169934640523 0.01838235294117647
0 0.7491830065359477 0.10784313725490197 0.024509803921568627 0.012254901960784314
0 0.6748366013071896 0.12009803921568628 0.022875816993464054 0.012254901960784314
0 0.7279411764705882 0.13051470588235295 0.04411764705882353 0.028186274509803922
0 0.7410130718954249 0.11825980392156862 0.021241830065359478 0.011029411764705881
0 0.6781045751633987 0.13480392156862744 0.032679738562091505 0.014705882352941176
0 0.6527777777777778 0.13357843137254902 0.024509803921568627 0.00980392156862745
0 0.6413398692810458 0.1409313725490196 0.024509803921568627 0.012254901960784314
0 0.6380718954248367 0.15379901960784315 0.02777777777777778 0.013480392156862746
0 0.6830065359477124 0.14399509803921567 0.022875816993464054 0.011029411764705881
0 0.6993464052287582 0.1482843137254902 0.026143790849673203 0.012254901960784314
0 0.7197712418300654 0.1482843137254902 0.024509803921568627 0.01715686274509804
0 0.6625816993464052 0.15992647058823528 0.03104575163398693 0.013480392156862746
0 0.6830065359477124 0.15379901960784315 0.0196078431372549 0.013480392156862746
0 0.704248366013072 0.15992647058823528 0.029411764705882353 0.013480392156862746
0 0.7508169934640523 0.15441176470588236 0.02777777777777778 0.014705882352941176
0 0.7263071895424836 0.16666666666666666 0.021241830065359478 0.00980392156862745
0 0.75 0.1715686274509804 0.029411764705882353 0.0196078431372549
0 0.7214052287581699 0.1764705882352941 0.02777777777777778 0.012254901960784314
0 0.6952614379084967 0.17769607843137256 0.024509803921568627 0.012254901960784314
0 0.6740196078431373 0.1758578431372549 0.024509803921568627 0.013480392156862746
0 0.6584967320261438 0.18075980392156862 0.022875816993464054 0.011029411764705881
0 0.638888888888889 0.1795343137254902 0.022875816993464054 0.013480392156862746
0 0.6813725490196079 0.18933823529411764 0.022875816993464054 0.011029411764705881
0 0.7075163398692811 0.18627450980392157 0.026143790849673203 0.012254901960784314
0 0.7745098039215687 0.16973039215686275 0.022875816993464054 0.011029411764705881
0 0.7679738562091504 0.18321078431372548 0.032679738562091505 0.013480392156862746
0 0.7785947712418301 0.125 0.014705882352941176 0.014705882352941176
0 0.7957516339869282 0.12438725490196079 0.026143790849673203 0.013480392156862746
0 0.821078431372549 0.12438725490196079 0.024509803921568627 0.011029411764705881
0 0.8374183006535948 0.1170343137254902 0.024509803921568627 0.011029411764705881
0 0.8464052287581699 0.10600490196078431 0.029411764705882353 0.01838235294117647
0 0.869281045751634 0.10294117647058823 0.0392156862745098 0.02696078431372549
0 0.8962418300653595 0.09313725490196079 0.02777777777777778 0.0196078431372549
0 0.9240196078431373 0.0778186274509804 0.03104575163398693 0.015931372549019607
0 0.954248366013072 0.08762254901960784 0.026143790849673203 0.011029411764705881
0 0.9820261437908497 0.09558823529411764 0.032679738562091505 0.01715686274509804
0 0.9248366013071896 0.09313725490196079 0.022875816993464054 0.00980392156862745
0 0.9526143790849674 0.09865196078431372 0.026143790849673203 0.011029411764705881
0 0.9313725490196079 0.10477941176470588 0.029411764705882353 0.013480392156862746
0 0.9109477124183006 0.10049019607843138 0.021241830065359478 0.00980392156862745
0 0.9003267973856209 0.1090686274509804 0.022875816993464054 0.014705882352941176
0 0.9142156862745099 0.1213235294117647 0.05065359477124183 0.024509803921568627
0 0.8169934640522876 0.13664215686274508 0.026143790849673203 0.011029411764705881
0 0.7753267973856209 0.13786764705882354 0.02777777777777778 0.013480392156862746
0 0.7949346405228759 0.14154411764705882 0.021241830065359478 0.011029411764705881
0 0.7712418300653595 0.15441176470588236 0.026143790849673203 0.012254901960784314
0 0.9836601307189543 0.11029411764705882 0.032679738562091505 0.0196078431372549
0 0.9558823529411765 0.11090686274509803 0.022875816993464054 0.011029411764705881
0 0.9583333333333334 0.12806372549019607 0.05392156862745098 0.023284313725490197
0 0.9714052287581699 0.1446078431372549 0.02777777777777778 0.014705882352941176
0 0.9411764705882353 0.15073529411764705 0.022875816993464054 0.012254901960784314
0 0.8374183006535948 0.14705882352941177 0.02777777777777778 0.014705882352941176
0 0.7973856209150327 0.15134803921568626 0.029411764705882353 0.011029411764705881
0 0.8137254901960784 0.15747549019607843 0.03594771241830066 0.01838235294117647
0 0.8611111111111112 0.14950980392156862 0.029411764705882353 0.014705882352941176
0 0.8905228758169935 0.15379901960784315 0.032679738562091505 0.01838235294117647
0 0.9558823529411765 0.16237745098039216 0.026143790849673203 0.013480392156862746
0 0.9207516339869282 0.16482843137254902 0.05065359477124183 0.020833333333333332
0 0.9493464052287582 0.17340686274509803 0.026143790849673203 0.013480392156862746
0 0.9722222222222222 0.16911764705882354 0.0196078431372549 0.014705882352941176
0 0.9901960784313726 0.17769607843137256 0.0196078431372549 0.01715686274509804
0 0.9714052287581699 0.18321078431372548 0.024509803921568627 0.013480392156862746
0 0.9746732026143791 0.19730392156862744 0.03104575163398693 0.014705882352941176
0 0.9558823529411765 0.19362745098039216 0.022875816993464054 0.014705882352941176
0 0.8733660130718954 0.15931372549019607 0.014705882352941176 0.014705882352941176
0 0.8839869281045752 0.17340686274509803 0.03594771241830066 0.025735294117647058
0 0.8464052287581699 0.16973039215686275 0.05228758169934641 0.028186274509803922
0 0.8071895424836601 0.17279411764705882 0.029411764705882353 0.014705882352941176
0 0.8047385620915033 0.18504901960784315 0.024509803921568627 0.014705882352941176
0 0.7883986928104575 0.18872549019607843 0.024509803921568627 0.014705882352941176
0 0.8259803921568628 0.18259803921568626 0.021241830065359478 0.012254901960784314
0 0.8415032679738562 0.18872549019607843 0.029411764705882353 0.014705882352941176
0 0.869281045751634 0.19056372549019607 0.022875816993464054 0.011029411764705881
0 0.9027777777777778 0.1795343137254902 0.024509803921568627 0.013480392156862746
0 0.9199346405228759 0.18198529411764705 0.022875816993464054 0.013480392156862746
0 0.9330065359477124 0.1917892156862745 0.029411764705882353 0.015931372549019607
0 0.9714052287581699 0.2077205882352941 0.024509803921568627 0.011029411764705881
0 0.9861111111111112 0.2150735294117647 0.02777777777777778 0.025735294117647058
0 0.8937908496732027 0.19730392156862744 0.029411764705882353 0.01715686274509804
0 0.8570261437908497 0.20159313725490197 0.024509803921568627 0.015931372549019607
0 0.8357843137254902 0.21200980392156862 0.021241830065359478 0.0196078431372549
0 0.8145424836601307 0.22120098039215685 0.03104575163398693 0.013480392156862746
0 0.8415032679738562 0.22549019607843138 0.026143790849673203 0.012254901960784314
0 0.875 0.2071078431372549 0.024509803921568627 0.012254901960784314
0 0.8529411764705883 0.21262254901960784 0.026143790849673203 0.011029411764705881
0 0.8758169934640523 0.21875 0.029411764705882353 0.013480392156862746
0 0.8643790849673203 0.22916666666666666 0.026143790849673203 0.012254901960784314
0 0.9223856209150327 0.20465686274509803 0.02777777777777778 0.01715686274509804
0 0.9468954248366014 0.2150735294117647 0.04084967320261438 0.025735294117647058
0 0.9714052287581699 0.24142156862745098 0.04411764705882353 0.02696078431372549
0 0.9052287581699346 0.21752450980392157 0.032679738562091505 0.015931372549019607
0 0.9150326797385622 0.22855392156862744 0.0392156862745098 0.015931372549019607
0 0.9379084967320261 0.2493872549019608 0.026143790849673203 0.015931372549019607
0 0.9240196078431373 0.25612745098039214 0.021241830065359478 0.0196078431372549
0 0.9330065359477124 0.2702205882352941 0.029411764705882353 0.015931372549019607
0 0.9550653594771242 0.28308823529411764 0.04738562091503268 0.031862745098039214
0 0.9869281045751634 0.27450980392156865 0.022875816993464054 0.014705882352941176
0 0.934640522875817 0.29901960784313725 0.026143790849673203 0.014705882352941176
0 0.9460784313725491 0.3137254901960784 0.05228758169934641 0.02696078431372549
0 0.9746732026143791 0.3057598039215686 0.021241830065359478 0.013480392156862746
