0 0.07716049382716049 0.5165289256198348 0.05864197530864197 0.04132231404958678
0 0.2214506172839506 0.5258264462809917 0.047839506172839504 0.030991735537190084
0 0.1743827160493827 0.5464876033057852 0.027777777777777776 0.047520661157024795
0 0.09027777777777778 0.5454545454545454 0.06635802469135801 0.03305785123966942
0 0.13734567901234568 0.5692148760330579 0.05864197530864197 0.04338842975206612
0 0.023148148148148147 0.5702479338842975 0.043209876543209874 0.045454545454545456
0 0.06095679012345678 0.5826446280991736 0.05092592592592592 0.05785123966942149
0 0.09953703703703703 0.5640495867768596 0.032407407407407406 0.028925619834710745
0 0.2075617283950617 0.5826446280991736 0.032407407407407406 0.024793388429752067
0 0.2569444444444444 0.5774793388429752 0.035493827160493825 0.022727272727272728
0 0.23379629629629628 0.5950413223140496 0.047839506172839504 0.0371900826446281
0 0.3001543209876543 0.5960743801652892 0.06327160493827161 0.03925619834710744
0 0.17052469135802467 0.597107438016529 0.044753086419753084 0.03305785123966942
0 0.06867283950617284 0.6208677685950413 0.035493827160493825 0.05165289256198347
0 0.019290123456790122 0.6146694214876033 0.035493827160493825 0.05165289256198347
0 0.1111111111111111 0.628099173553719 0.06172839506172839 0.045454545454545456
0 0.14583333333333331 0.612603305785124 0.041666666666666664 0.03512396694214876
0 0.18209876543209874 0.6508264462809917 0.046296296296296294 0.07024793388429752
0 0.24459876543209874 0.6208677685950413 0.032407407407407406 0.022727272727272728
0 0.21990740740740738 0.6601239669421488 0.05401234567901234 0.08057851239669422
0 0.3256172839506173 0.6208677685950413 0.05864197530864197 0.04338842975206612
0 0.3618827160493827 0.6074380165289256 0.047839506172839504 0.04132231404958678
0 0.4012345679012346 0.6239669421487604 0.06481481481481481 0.049586776859504134
0 0.4429012345679012 0.5382231404958678 0.033950617283950615 0.05991735537190083
0 0.4112654320987654 0.5495867768595042 0.026234567901234566 0.0371900826446281
0 0.48148148148148145 0.5950413223140496 0.040123456790123455 0.0371900826446281
0 0.4228395061728395 0.5898760330578513 0.037037037037037035 0.030991735537190084
0 0.38348765432098764 0.5878099173553719 0.023148148148148147 0.03512396694214876
0 0.49459876543209874 0.6353305785123967 0.05092592592592592 0.03512396694214876
0 0.3657407407407407 0.6415289256198348 0.05555555555555555 0.04338842975206612
0 0.4506172839506173 0.618801652892562 0.040123456790123455 0.047520661157024795
0 0.46759259259259256 0.6580578512396694 0.027777777777777776 0.05165289256198347
0 0.4930555555555555 0.6776859504132231 0.035493827160493825 0.0743801652892562
0 0.4359567901234568 0.6683884297520661 0.047839506172839504 0.08057851239669422
0 0.3626543209876543 0.6818181818181819 0.05864197530864197 0.045454545454545456
0 0.4135802469135802 0.7024793388429752 0.05555555555555555 0.05785123966942149
0 0.29320987654320985 0.6487603305785125 0.037037037037037035 0.0371900826446281
0 0.31481481481481477 0.6766528925619835 0.043209876543209874 0.047520661157024795
0 0.24845679012345678 0.6745867768595042 0.05555555555555555 0.06404958677685951
0 0.28086419753086417 0.6838842975206612 0.033950617283950615 0.045454545454545456
0 0.3125 0.71900826446281 0.041666666666666664 0.05785123966942149
0 0.3441358024691358 0.7169421487603306 0.033950617283950615 0.0371900826446281
0 0.037037037037037035 0.6518595041322314 0.043209876543209874 0.04338842975206612
0 0.015432098765432098 0.6859504132231405 0.027777777777777776 0.045454545454545456
0 0.0933641975308642 0.6621900826446281 0.044753086419753084 0.06404958677685951
0 0.1257716049382716 0.6818181818181819 0.038580246913580245 0.07024793388429752
0 0.14969135802469136 0.6735537190082644 0.024691358024691357 0.049586776859504134
0 0.14660493827160492 0.7076446280991736 0.021604938271604937 0.047520661157024795
0 0.1890432098765432 0.7117768595041323 0.06327160493827161 0.047520661157024795
0 0.22685185185185183 0.7200413223140496 0.043209876543209874 0.04338842975206612
0 0.07484567901234568 0.703512396694215 0.026234567901234566 0.022727272727272728
0 0.033950617283950615 0.722107438016529 0.05555555555555555 0.07231404958677687
0 0.07716049382716049 0.75 0.043209876543209874 0.07851239669421488
0 0.10416666666666666 0.7138429752066116 0.035493827160493825 0.026859504132231406
0 0.13117283950617284 0.7541322314049587 0.06790123456790123 0.06198347107438017
0 0.19290123456790123 0.756198347107438 0.06481481481481481 0.05371900826446281
0 0.28009259259259256 0.7169421487603306 0.041666666666666664 0.0371900826446281
0 0.2507716049382716 0.75 0.044753086419753084 0.0371900826446281
0 0.3194444444444444 0.7592975206611571 0.04938271604938271 0.05578512396694215
0 0.36959876543209874 0.7520661157024794 0.06327160493827161 0.0743801652892562
0 0.4436728395061728 0.731404958677686 0.029320987654320986 0.0371900826446281
0 0.4729938271604938 0.7386363636363636 0.029320987654320986 0.04338842975206612
0 0.49691358024691357 0.7283057851239669 0.033950617283950615 0.026859504132231406
0 0.05246913580246913 0.768595041322314 0.027777777777777776 0.028925619834710745
0 0.11651234567901234 0.7861570247933884 0.032407407407407406 0.03512396694214876
0 0.19444444444444442 0.7933884297520661 0.037037037037037035 0.03305785123966942
0 0.22376543209876543 0.7954545454545455 0.030864197530864196 0.0371900826446281
0 0.26543209876543206 0.7882231404958678 0.06481481481481481 0.05165289256198347
0 0.3171296296296296 0.8130165289256198 0.07561728395061729 0.05991735537190083
0 0.38580246913580246 0.8088842975206612 0.05864197530864197 0.047520661157024795
0 0.4097222222222222 0.753099173553719 0.020061728395061727 0.04338842975206612
0 0.441358024691358 0.7871900826446281 0.030864197530864196 0.03305785123966942
0 0.4305555555555555 0.8088842975206612 0.037037037037037035 0.030991735537190084
0 0.08333333333333333 0.8181818181818182 0.06172839506172839 0.049586776859504134
0 0.12037037037037036 0.8460743801652892 0.05864197530864197 0.047520661157024795
0 0.03780864197530864 0.8460743801652892 0.026234567901234566 0.03925619834710744
0 0.014660493827160493 0.859504132231405 0.026234567901234566 0.0371900826446281
0 0.07716049382716049 0.8605371900826446 0.033950617283950615 0.026859504132231406
0 0.16358024691358025 0.8202479338842975 0.05555555555555555 0.0743801652892562
0 0.2037037037037037 0.8264462809917356 0.021604938271604937 0.049586776859504134
0 0.23070987654320987 0.8264462809917356 0.032407407407407406 0.024793388429752067
0 0.1558641975308642 0.8605371900826446 0.040123456790123455 0.026859504132231406
0 0.19290123456790123 0.8677685950413223 0.037037037037037035 0.028925619834710745
0 0.2214506172839506 0.8543388429752067 0.038580246913580245 0.026859504132231406
0 0.2523148148148148 0.8574380165289256 0.029320987654320986 0.0371900826446281
0 0.28780864197530864 0.8698347107438017 0.044753086419753084 0.04132231404958678
0 0.3449074074074074 0.8347107438016529 0.038580246913580245 0.03305785123966942
0 0.36882716049382713 0.856404958677686 0.05555555555555555 0.03512396694214876
0 0.34104938271604934 0.8760330578512396 0.037037037037037035 0.028925619834710745
0 0.6080246913580246 0.5144628099173554 0.040123456790123455 0.05371900826446281
0 0.5324074074074073 0.5878099173553719 0.05246913580246913 0.05991735537190083
0 0.5694444444444444 0.5681818181818182 0.027777777777777776 0.028925619834710745
0 0.6334876543209876 0.5754132231404959 0.07253086419753085 0.05165289256198347
0 0.7615740740740741 0.5795454545454546 0.05401234567901234 0.04338842975206612
0 0.7307098765432098 0.6105371900826446 0.047839506172839504 0.030991735537190084
0 0.673611111111111 0.6260330578512396 0.07253086419753085 0.05785123966942149
0 0.5270061728395061 0.6477272727272727 0.047839506172839504 0.047520661157024795
0 0.6049382716049383 0.6229338842975207 0.06790123456790123 0.05165289256198347
0 0.5887345679012346 0.6714876033057852 0.05709876543209876 0.045454545454545456
0 0.5378086419753086 0.6942148760330579 0.06018518518518518 0.05371900826446281
0 0.5925925925925926 0.6962809917355373 0.05555555555555555 0.049586776859504134
0 0.6435185185185185 0.7055785123966942 0.05555555555555555 0.04338842975206612
0 0.6898148148148148 0.6818181818181819 0.05555555555555555 0.045454545454545456
0 0.7330246913580246 0.6714876033057852 0.05864197530864197 0.05785123966942149
0 0.7878086419753086 0.6766528925619835 0.032407407407407406 0.026859504132231406
0 0.6959876543209876 0.7252066115702479 0.05246913580246913 0.045454545454545456
0 0.6381172839506173 0.7458677685950413 0.06018518518518518 0.049586776859504134
0 0.5794753086419753 0.743801652892562 0.06944444444444445 0.06611570247933884
0 0.533179012345679 0.7427685950413223 0.029320987654320986 0.030991735537190084
0 0.533179012345679 0.7778925619834711 0.029320987654320986 0.026859504132231406
0 0.5416666666666666 0.8026859504132232 0.040123456790123455 0.030991735537190084
0 0.5887345679012346 0.7851239669421488 0.032407407407407406 0.028925619834710745
0 0.6203703703703703 0.7830578512396694 0.040123456790123455 0.03305785123966942
0 0.6844135802469136 0.7727272727272727 0.05401234567901234 0.04132231404958678
0 0.3804012345679012 0.8842975206611571 0.038580246913580245 0.028925619834710745
0 0.408179012345679 0.9152892561983471 0.041666666666666664 0.05371900826446281
0 0.4297839506172839 0.9452479338842975 0.05709876543209876 0.03925619834710744
0 0.05092592592592592 0.8915289256198348 0.024691358024691357 0.047520661157024795
0 0.029320987654320986 0.9245867768595042 0.040123456790123455 0.05578512396694215
0 0.037037037037037035 0.975206611570248 0.06790123456790123 0.049586776859504134
0 0.06558641975308642 0.9442148760330579 0.035493827160493825 0.028925619834710745
0 0.09953703703703703 0.9018595041322315 0.06944444444444445 0.05991735537190083
0 0.16512345679012344 0.8915289256198348 0.033950617283950615 0.030991735537190084
0 0.14969135802469136 0.9101239669421488 0.027777777777777776 0.026859504132231406
0 0.1736111111111111 0.9235537190082644 0.038580246913580245 0.0371900826446281
0 0.22839506172839505 0.8873966942148761 0.033950617283950615 0.030991735537190084
0 0.2561728395061728 0.8956611570247934 0.040123456790123455 0.03925619834710744
0 0.30246913580246915 0.9214876033057852 0.06172839506172839 0.049586776859504134
0 0.20987654320987653 0.9121900826446281 0.033950617283950615 0.030991735537190084
0 0.1388888888888889 0.9442148760330579 0.040123456790123455 0.03305785123966942
0 0.0933641975308642 0.9617768595041323 0.05092592592592592 0.03925619834710744
0 0.13503086419753085 0.9772727272727273 0.032407407407407406 0.024793388429752067
0 0.1890432098765432 0.9421487603305785 0.029320987654320986 0.0371900826446281
0 0.17978395061728394 0.9710743801652892 0.044753086419753084 0.03305785123966942
0 0.24459876543209874 0.9276859504132232 0.047839506172839504 0.03305785123966942
0 0.21373456790123455 0.9855371900826446 0.047839506172839504 0.028925619834710745
0 0.25925925925925924 0.9597107438016529 0.033950617283950615 0.030991735537190084
0 0.2561728395061728 0.9824380165289256 0.033950617283950615 0.03512396694214876
0 0.3032407407407407 0.9628099173553719 0.038580246913580245 0.024793388429752067
0 0.32407407407407407 0.9741735537190083 0.06172839506172839 0.04338842975206612
0 0.33796296296296297 0.9504132231404959 0.05246913580246913 0.03305785123966942
0 0.3672839506172839 0.9256198347107438 0.06481481481481481 0.06198347107438017
0 0.375 0.975206611570248 0.06790123456790123 0.045454545454545456
0 0.4760802469135802 0.9783057851239669 0.05092592592592592 0.04338842975206612
0 0.5223765432098765 0.972107438016529 0.038580246913580245 0.026859504132231406
0 0.40046296296296297 0.984504132231405 0.05092592592592592 0.030991735537190084
0 0.5871913580246914 0.984504132231405 0.05092592592592592 0.030991735537190084
0 0.6404320987654321 0.9783057851239669 0.037037037037037035 0.03512396694214876
