0 0.5563725490196079 0.2150735294117647 0.024509803921568627 0.023284313725490197
0 0.40604575163398693 0.3241421568627451 0.01797385620915033 0.020833333333333332
0 0.41911764705882354 0.3363970588235294 0.01797385620915033 0.01838235294117647
0 0.4411764705882353 0.3112745098039216 0.022875816993464054 0.0196078431372549
0 0.4485294117647059 0.33578431372549017 0.04738562091503268 0.02696078431372549
0 0.5212418300653595 0.30637254901960786 0.016339869281045753 0.01715686274509804
0 0.619281045751634 0.2935049019607843 0.00980392156862745 0.011029411764705881
0 0.5980392156862745 0.2806372549019608 0.022875816993464054 0.014705882352941176
0 0.5923202614379085 0.29473039215686275 0.014705882352941176 0.011029411764705881
0 0.5612745098039216 0.3131127450980392 0.021241830065359478 0.011029411764705881
0 0.5016339869281046 0.2971813725490196 0.026143790849673203 0.028186274509803922
0 0.4893790849673203 0.3174019607843137 0.01797385620915033 0.007352941176470588
0 0.505718954248366 0.321078431372549 0.03104575163398693 0.01715686274509804
0 0.48284313725490197 0.3272058823529412 0.011437908496732027 0.00980392156862745
0 0.4673202614379085 0.3161764705882353 0.022875816993464054 0.014705882352941176
0 0.4869281045751634 0.3075980392156863 0.0196078431372549 0.012254901960784314
0 0.5285947712418301 0.28799019607843135 0.011437908496732027 0.00980392156862745
0 0.5490196078431373 0.30330882352941174 0.026143790849673203 0.025735294117647058
0 0.5506535947712419 0.2818627450980392 0.029411764705882353 0.02696078431372549
0 0.573529411764706 0.2928921568627451 0.026143790849673203 0.02696078431372549
0 0.7973856209150327 0.8443627450980392 0.049019607843137254 0.029411764705882353
0 0.5947712418300654 0.8995098039215687 0.042483660130718956 0.022058823529411763
