0 0.07904411764705882 0.7467320261437909 0.020833333333333332 0.0196078431372549
0 0.09191176470588235 0.7540849673202614 0.01715686274509804 0.01797385620915033
0 0.024509803921568627 0.7483660130718954 0.01715686274509804 0.0196078431372549
0 0.031862745098039214 0.7736928104575164 0.03676470588235294 0.03431372549019608
0 0.02144607843137255 0.8129084967320261 0.03799019607843137 0.03431372549019608
0 0.06924019607843138 0.8227124183006537 0.028186274509803922 0.03104575163398693
0 0.049019607843137254 0.8014705882352942 0.024509803921568627 0.021241830065359478
0 0.05269607843137255 0.7663398692810458 0.0196078431372549 0.0196078431372549
0 0.020833333333333332 0.8504901960784313 0.024509803921568627 0.021241830065359478
0 0.041666666666666664 0.8619281045751634 0.022058823529411763 0.01797385620915033
0 0.014093137254901961 0.8660130718954249 0.015931372549019607 0.016339869281045753
0 0.022058823529411763 0.8823529411764706 0.014705882352941176 0.026143790849673203
0 0.007965686274509803 0.8970588235294118 0.013480392156862746 0.022875816993464054
0 0.014705882352941176 0.9093137254901961 0.0196078431372549 0.021241830065359478
0 0.0661764705882353 0.9035947712418301 0.024509803921568627 0.022875816993464054
0 0.05392156862745098 0.9117647058823529 0.0196078431372549 0.026143790849673203
0 0.044730392156862746 0.923202614379085 0.015931372549019607 0.0196078431372549
0 0.08700980392156862 0.8905228758169935 0.0196078431372549 0.0196078431372549
0 0.09436274509803921 0.9035947712418301 0.0196078431372549 0.026143790849673203
0 0.07659313725490197 0.9158496732026145 0.020833333333333332 0.021241830065359478
0 0.06862745098039216 0.9387254901960784 0.029411764705882353 0.024509803921568627
0 0.013480392156862746 0.9419934640522876 0.024509803921568627 0.02777777777777778
0 0.04350490196078431 0.9395424836601307 0.015931372549019607 0.016339869281045753
0 0.03125 0.9534313725490197 0.013480392156862746 0.01797385620915033
0 0.04963235294117647 0.9607843137254902 0.020833333333333332 0.026143790849673203
0 0.03676470588235294 0.9738562091503268 0.014705882352941176 0.022875816993464054
0 0.02144607843137255 0.9722222222222222 0.01838235294117647 0.032679738562091505
0 0.007965686274509803 0.9665032679738562 0.011029411764705881 0.024509803921568627
0 0.061274509803921566 0.9779411764705883 0.024509803921568627 0.021241830065359478
0 0.0821078431372549 0.9689542483660131 0.022058823529411763 0.022875816993464054
0 0.0974264705882353 0.9910130718954249 0.030637254901960783 0.01797385620915033
0 0.09987745098039215 0.9754901960784313 0.023284313725490197 0.0196078431372549
0 0.08455882352941177 0.9517973856209151 0.022058823529411763 0.01797385620915033
0 0.10845588235294118 0.9093137254901961 0.020833333333333332 0.04084967320261438
0 0.12316176470588235 0.8006535947712419 0.015931372549019607 0.022875816993464054
0 0.13725490196078433 0.8120915032679739 0.022058823529411763 0.022875816993464054
0 0.11519607843137254 0.8243464052287582 0.012254901960784314 0.024509803921568627
0 0.10600490196078431 0.8415032679738562 0.011029411764705881 0.0196078431372549
0 0.09313725490196079 0.8496732026143791 0.014705882352941176 0.026143790849673203
0 0.0974264705882353 0.857843137254902 0.01838235294117647 0.0196078431372549
0 0.1213235294117647 0.8447712418300654 0.031862745098039214 0.03594771241830066
0 0.1017156862745098 0.8733660130718954 0.022058823529411763 0.024509803921568627
0 0.1170343137254902 0.8741830065359477 0.025735294117647058 0.0196078431372549
0 0.15747549019607843 0.8341503267973857 0.01838235294117647 0.01797385620915033
0 0.1875 0.829248366013072 0.03431372549019608 0.03431372549019608
0 0.20833333333333334 0.8423202614379085 0.02696078431372549 0.021241830065359478
0 0.16299019607843138 0.8594771241830066 0.0196078431372549 0.022875816993464054
0 0.16176470588235295 0.8774509803921569 0.0196078431372549 0.016339869281045753
0 0.11764705882352941 0.8880718954248367 0.022058823529411763 0.01797385620915033
0 0.13480392156862744 0.8921568627450981 0.0196078431372549 0.016339869281045753
0 0.12745098039215685 0.9052287581699346 0.0196078431372549 0.016339869281045753
0 0.12009803921568628 0.9215686274509804 0.01715686274509804 0.0196078431372549
0 0.10600490196078431 0.9395424836601307 0.015931372549019607 0.0196078431372549
0 0.09620098039215687 0.9607843137254902 0.01838235294117647 0.026143790849673203
0 0.11825980392156862 0.9730392156862745 0.013480392156862746 0.03104575163398693
0 0.12316176470588235 0.9910130718954249 0.01838235294117647 0.01797385620915033
0 0.13725490196078433 0.9207516339869282 0.01715686274509804 0.01797385620915033
0 0.15318627450980393 0.9019607843137255 0.029411764705882353 0.029411764705882353
0 0.1556372549019608 0.9281045751633987 0.01715686274509804 0.026143790849673203
0 0.1403186274509804 0.940359477124183 0.028186274509803922 0.02777777777777778
0 0.1409313725490196 0.9673202614379085 0.02696078431372549 0.026143790849673203
0 0.16482843137254902 0.9566993464052288 0.01838235294117647 0.01797385620915033
0 0.17034313725490197 0.9436274509803921 0.0196078431372549 0.01797385620915033
0 0.18259803921568626 0.8978758169934641 0.041666666666666664 0.03758169934640523
0 0.22794117647058823 0.8864379084967321 0.012254901960784314 0.024509803921568627
0 0.2463235294117647 0.8913398692810458 0.029411764705882353 0.02777777777777778
0 0.2230392156862745 0.9150326797385622 0.02696078431372549 0.0196078431372549
0 0.2113970588235294 0.8848039215686275 0.023284313725490197 0.01797385620915033
0 0.1948529411764706 0.923202614379085 0.03676470588235294 0.029411764705882353
0 0.22365196078431374 0.9460784313725491 0.03308823529411765 0.042483660130718956
0 0.2469362745098039 0.9444444444444444 0.01838235294117647 0.0196078431372549
0 0.2463235294117647 0.9101307189542484 0.029411764705882353 0.026143790849673203
0 0.2702205882352941 0.9142156862745099 0.023284313725490197 0.021241830065359478
0 0.1954656862745098 0.948529411764706 0.03308823529411765 0.024509803921568627
0 0.15931372549019607 0.9738562091503268 0.0196078431372549 0.022875816993464054
0 0.17892156862745098 0.9681372549019608 0.022058823529411763 0.021241830065359478
0 0.19424019607843138 0.9812091503267975 0.028186274509803922 0.024509803921568627
0 0.21384803921568626 0.9910130718954249 0.028186274509803922 0.01797385620915033
0 0.22365196078431374 0.9763071895424837 0.03308823529411765 0.02777777777777778
0 0.2383578431372549 0.9934640522875817 0.020833333333333332 0.013071895424836602
0 0.2493872549019608 0.9754901960784313 0.01838235294117647 0.0196078431372549
0 0.2622549019607843 0.9370915032679739 0.012254901960784314 0.02777777777777778
0 0.2849264705882353 0.9362745098039216 0.020833333333333332 0.022875816993464054
0 0.3002450980392157 0.9379084967320261 0.0196078431372549 0.0196078431372549
0 0.29473039215686275 0.9599673202614379 0.028186274509803922 0.024509803921568627
0 0.27328431372549017 0.9648692810457516 0.024509803921568627 0.01797385620915033
0 0.26776960784313725 0.9803921568627452 0.025735294117647058 0.0196078431372549
0 0.2769607843137255 0.9901960784313726 0.022058823529411763 0.016339869281045753
0 0.2512254901960784 0.9591503267973857 0.01715686274509804 0.016339869281045753
0 0.31556372549019607 0.9812091503267975 0.0428921568627451 0.03758169934640523
0 0.3278186274509804 0.883169934640523 0.020833333333333332 0.03431372549019608
0 0.3278186274509804 0.9281045751633987 0.030637254901960783 0.029411764705882353
0 0.35723039215686275 0.8962418300653595 0.025735294117647058 0.021241830065359478
0 0.3645833333333333 0.9395424836601307 0.023284313725490197 0.03594771241830066
0 0.3602941176470588 0.9746732026143791 0.012254901960784314 0.024509803921568627
0 0.3541666666666667 0.9869281045751634 0.03431372549019608 0.026143790849673203
0 0.1801470588235294 0.744281045751634 0.0196078431372549 0.01797385620915033
0 0.21262254901960784 0.7549019607843137 0.01838235294117647 0.016339869281045753
0 0.24509803921568626 0.7475490196078431 0.01715686274509804 0.024509803921568627
0 0.22916666666666666 0.7589869281045751 0.014705882352941176 0.021241830065359478
0 0.2696078431372549 0.7622549019607844 0.01715686274509804 0.02777777777777778
0 0.2389705882352941 0.7671568627450981 0.01715686274509804 0.01797385620915033
0 0.22058823529411764 0.7810457516339869 0.0196078431372549 0.0196078431372549
0 0.22977941176470587 0.7859477124183006 0.015931372549019607 0.016339869281045753
0 0.24142156862745098 0.8006535947712419 0.02696078431372549 0.029411764705882353
0 0.2579656862745098 0.798202614379085 0.011029411764705881 0.024509803921568627
0 0.27267156862745096 0.798202614379085 0.020833333333333332 0.03104575163398693
0 0.2916666666666667 0.7965686274509804 0.01715686274509804 0.01797385620915033
0 0.29473039215686275 0.8464052287581699 0.0428921568627451 0.03594771241830066
0 0.27328431372549017 0.8300653594771242 0.01715686274509804 0.016339869281045753
0 0.26776960784313725 0.8431372549019608 0.015931372549019607 0.016339869281045753
0 0.3321078431372549 0.8480392156862745 0.02696078431372549 0.032679738562091505
0 0.3400735294117647 0.9607843137254902 0.023284313725490197 0.022875816993464054
0 0.37683823529411764 0.9027777777777778 0.01838235294117647 0.01797385620915033
0 0.31495098039215685 0.9501633986928105 0.01715686274509804 0.03104575163398693
0 0.39767156862745096 0.8913398692810458 0.020833333333333332 0.03104575163398693
0 0.4209558823529412 0.8880718954248367 0.023284313725490197 0.014705882352941176
0 0.4387254901960784 0.880718954248366 0.0196078431372549 0.0196078431372549
0 0.43933823529411764 0.9060457516339869 0.03308823529411765 0.024509803921568627
0 0.44485294117647056 0.9199346405228759 0.014705882352941176 0.022875816993464054
0 0.4099264705882353 0.9150326797385622 0.023284313725490197 0.042483660130718956
0 0.39705882352941174 0.9084967320261438 0.014705882352941176 0.022875816993464054
0 0.42769607843137253 0.9313725490196079 0.0196078431372549 0.016339869281045753
0 0.4846813725490196 0.9272875816993464 0.023284313725490197 0.02777777777777778
0 0.46017156862745096 0.9460784313725491 0.025735294117647058 0.0196078431372549
0 0.39276960784313725 0.9444444444444444 0.025735294117647058 0.04575163398692811
0 0.40808823529411764 0.9722222222222222 0.0392156862745098 0.042483660130718956
0 0.43137254901960786 0.948529411764706 0.022058823529411763 0.01797385620915033
0 0.43933823529411764 0.9665032679738562 0.023284313725490197 0.024509803921568627
0 0.4301470588235294 0.9893790849673203 0.041666666666666664 0.021241830065359478
0 0.4730392156862745 0.9550653594771242 0.01715686274509804 0.021241830065359478
0 0.4944852941176471 0.9599673202614379 0.025735294117647058 0.03758169934640523
0 0.4803921568627451 0.9714052287581699 0.024509803921568627 0.021241830065359478
0 0.37683823529411764 0.9689542483660131 0.025735294117647058 0.032679738562091505
0 0.5140931372549019 0.9869281045751634 0.03308823529411765 0.026143790849673203
0 0.5404411764705882 0.9844771241830066 0.022058823529411763 0.021241830065359478
0 0.5563725490196079 0.982843137254902 0.024509803921568627 0.03431372549019608
0 0.5680147058823529 0.9575163398692811 0.015931372549019607 0.022875816993464054
0 0.9093137254901961 0.5089869281045751 0.0196078431372549 0.024509803921568627
0 0.9730392156862745 0.5898692810457516 0.022058823529411763 0.0196078431372549
0 0.8939950980392156 0.5269607843137255 0.020833333333333332 0.01797385620915033
0 0.8897058823529411 0.5449346405228759 0.0196078431372549 0.024509803921568627
0 0.8253676470588235 0.5098039215686274 0.020833333333333332 0.026143790849673203
0 0.8584558823529411 0.5343137254901961 0.028186274509803922 0.0196078431372549
0 0.8743872549019608 0.5531045751633987 0.028186274509803922 0.02777777777777778
0 0.8964460784313726 0.5702614379084967 0.020833333333333332 0.026143790849673203
0 0.8149509803921569 0.5334967320261438 0.0196078431372549 0.021241830065359478
0 0.8308823529411764 0.5441176470588236 0.022058823529411763 0.0196078431372549
0 0.852328431372549 0.5514705882352942 0.020833333333333332 0.024509803921568627
0 0.8125 0.5580065359477124 0.0196078431372549 0.01797385620915033
0 0.8327205882352942 0.5661764705882353 0.03308823529411765 0.02777777777777778
0 0.8694852941176471 0.5751633986928105 0.023284313725490197 0.0196078431372549
0 0.8866421568627451 0.5882352941176471 0.015931372549019607 0.032679738562091505
0 0.852328431372549 0.5849673202614379 0.023284313725490197 0.0196078431372549
0 0.8651960784313726 0.607843137254902 0.031862745098039214 0.032679738562091505
0 0.8462009803921569 0.6062091503267975 0.020833333333333332 0.026143790849673203
0 0.835171568627451 0.5915032679738562 0.01838235294117647 0.0196078431372549
0 0.8223039215686274 0.6004901960784313 0.02696078431372549 0.024509803921568627
0 0.8008578431372549 0.5767973856209151 0.015931372549019607 0.0196078431372549
0 0.7732843137254902 0.5678104575163399 0.01715686274509804 0.01797385620915033
0 0.7530637254901961 0.5751633986928105 0.01838235294117647 0.026143790849673203
0 0.7310049019607843 0.5661764705882353 0.030637254901960783 0.024509803921568627
0 0.7138480392156863 0.5808823529411765 0.01838235294117647 0.014705882352941176
0 0.71875 0.5980392156862745 0.025735294117647058 0.0196078431372549
0 0.7340686274509803 0.5849673202614379 0.022058823529411763 0.0196078431372549
0 0.7524509803921569 0.5996732026143791 0.031862745098039214 0.029411764705882353
0 0.7720588235294118 0.5874183006535948 0.022058823529411763 0.01797385620915033
0 0.798406862745098 0.6037581699346405 0.020833333333333332 0.021241830065359478
0 0.8088235294117647 0.6217320261437909 0.024509803921568627 0.021241830065359478
0 0.9705882352941176 0.6062091503267975 0.024509803921568627 0.0196078431372549
0 0.9871323529411764 0.619281045751634 0.020833333333333332 0.0196078431372549
0 0.9454656862745098 0.6274509803921569 0.015931372549019607 0.022875816993464054
0 0.8848039215686274 0.6176470588235294 0.0196078431372549 0.016339869281045753
0 0.9099264705882353 0.6241830065359477 0.028186274509803922 0.022875816993464054
0 0.9712009803921569 0.6486928104575164 0.023284313725490197 0.022875816993464054
0 0.9283088235294118 0.6315359477124183 0.023284313725490197 0.021241830065359478
0 0.9448529411764706 0.6511437908496732 0.031862745098039214 0.03431372549019608
0 0.9552696078431372 0.6756535947712419 0.03799019607843137 0.02777777777777778
0 0.9785539215686274 0.6683006535947713 0.015931372549019607 0.026143790849673203
0 0.9834558823529411 0.6911764705882353 0.025735294117647058 0.026143790849673203
0 0.9828431372549019 0.7230392156862745 0.02696078431372549 0.04084967320261438
0 0.985906862745098 0.7483660130718954 0.023284313725490197 0.0196078431372549
0 0.9699754901960784 0.7630718954248367 0.025735294117647058 0.0196078431372549
0 0.954656862745098 0.7050653594771242 0.02696078431372549 0.024509803921568627
0 0.9595588235294118 0.7222222222222222 0.024509803921568627 0.022875816993464054
0 0.9528186274509803 0.7785947712418301 0.020833333333333332 0.01797385620915033
0 0.8829656862745098 0.6380718954248367 0.020833333333333332 0.01797385620915033
0 0.9074754901960784 0.6544117647058824 0.0428921568627451 0.03431372549019608
0 0.923406862745098 0.6944444444444444 0.04044117647058824 0.0392156862745098
0 0.8688725490196079 0.6617647058823529 0.029411764705882353 0.026143790849673203
0 0.7953431372549019 0.6429738562091504 0.0196078431372549 0.014705882352941176
0 0.8125 0.6413398692810458 0.01715686274509804 0.024509803921568627
0 0.8155637254901961 0.6617647058823529 0.028186274509803922 0.0196078431372549
0 0.8455882352941176 0.6756535947712419 0.029411764705882353 0.02777777777777778
0 0.7959558823529411 0.6772875816993464 0.023284313725490197 0.01797385620915033
0 0.8229166666666666 0.678921568627451 0.023284313725490197 0.01797385620915033
0 0.8308823529411764 0.6919934640522876 0.024509803921568627 0.01797385620915033
0 0.852328431372549 0.7083333333333334 0.04044117647058824 0.05065359477124183
0 0.8823529411764706 0.6936274509803921 0.012254901960784314 0.02777777777777778
0 0.897671568627451 0.690359477124183 0.020833333333333332 0.01797385620915033
0 0.8780637254901961 0.7230392156862745 0.04044117647058824 0.04084967320261438
0 0.7818627450980392 0.6895424836601307 0.0196078431372549 0.026143790849673203
0 0.8223039215686274 0.7116013071895425 0.029411764705882353 0.02777777777777778
0 0.803921568627451 0.7246732026143791 0.022058823529411763 0.021241830065359478
0 0.8198529411764706 0.7483660130718954 0.03676470588235294 0.032679738562091505
0 0.8504901960784313 0.7467320261437909 0.01715686274509804 0.0196078431372549
0 0.8780637254901961 0.7630718954248367 0.023284313725490197 0.0196078431372549
0 0.9209558823529411 0.7712418300653595 0.020833333333333332 0.029411764705882353
0 0.8988970588235294 0.7777777777777778 0.023284313725490197 0.03594771241830066
0 0.8860294117647058 0.7900326797385621 0.029411764705882353 0.03104575163398693
0 0.8596813725490196 0.7900326797385621 0.03553921568627451 0.03758169934640523
0 0.8314950980392157 0.7761437908496732 0.03553921568627451 0.03594771241830066
0 0.8425245098039216 0.8080065359477124 0.030637254901960783 0.024509803921568627
0 0.8743872549019608 0.823529411764706 0.025735294117647058 0.022875816993464054
0 0.9007352941176471 0.8186274509803921 0.02696078431372549 0.022875816993464054
0 0.9552696078431372 0.8022875816993464 0.023284313725490197 0.0196078431372549
0 0.9319852941176471 0.829248366013072 0.03553921568627451 0.03104575163398693
0 0.9607843137254902 0.8390522875816994 0.0196078431372549 0.014705882352941176
0 0.8933823529411764 0.8447712418300654 0.041666666666666664 0.03594771241830066
0 0.928921568627451 0.8570261437908497 0.031862745098039214 0.02777777777777778
0 0.9871323529411764 0.852124183006536 0.020833333333333332 0.021241830065359478
0 0.9742647058823529 0.8700980392156863 0.022058823529411763 0.01797385620915033
0 0.9883578431372549 0.8799019607843137 0.023284313725490197 0.021241830065359478
0 0.9552696078431372 0.8668300653594772 0.015931372549019607 0.021241830065359478
0 0.9558823529411764 0.8839869281045752 0.01715686274509804 0.016339869281045753
0 0.9307598039215687 0.8799019607843137 0.030637254901960783 0.024509803921568627
0 0.9117647058823529 0.8717320261437909 0.0196078431372549 0.021241830065359478
0 0.9191176470588235 0.9011437908496732 0.024509803921568627 0.01797385620915033
0 0.9620098039215687 0.9133986928104575 0.029411764705882353 0.032679738562091505
0 0.9883578431372549 0.923202614379085 0.023284313725490197 0.05555555555555556
0 0.9203431372549019 0.9207516339869282 0.0196078431372549 0.014705882352941176
0 0.9503676470588235 0.9387254901960784 0.025735294117647058 0.02777777777777778
0 0.991421568627451 0.9705882352941176 0.01715686274509804 0.026143790849673203
0 0.9754901960784313 0.9820261437908497 0.029411764705882353 0.032679738562091505
0 0.9436274509803921 0.9575163398692811 0.0196078431372549 0.022875816993464054
0 0.9479166666666666 0.982843137254902 0.03553921568627451 0.03431372549019608
0 0.9227941176470588 0.9918300653594772 0.024509803921568627 0.016339869281045753
0 0.914828431372549 0.9468954248366014 0.015931372549019607 0.03104575163398693
0 0.8927696078431372 0.9158496732026145 0.03308823529411765 0.024509803921568627
0 0.8731617647058824 0.8799019607843137 0.03799019607843137 0.03431372549019608
0 0.8633578431372549 0.8570261437908497 0.020833333333333332 0.01797385620915033
0 0.8412990196078431 0.8660130718954249 0.03553921568627451 0.032679738562091505
0 0.8419117647058824 0.8929738562091504 0.029411764705882353 0.024509803921568627
0 0.8406862745098039 0.917483660130719 0.024509803921568627 0.02777777777777778
0 0.8627450980392157 0.9362745098039216 0.03431372549019608 0.026143790849673203
0 0.8780637254901961 0.9566993464052288 0.03308823529411765 0.04738562091503268
0 0.9001225490196079 0.9779411764705883 0.025735294117647058 0.03758169934640523
0 0.8462009803921569 0.977124183006536 0.013480392156862746 0.026143790849673203
0 0.8468137254901961 0.9550653594771242 0.022058823529411763 0.024509803921568627
0 0.8321078431372549 0.9411764705882353 0.01715686274509804 0.026143790849673203
0 0.7058823529411764 0.6225490196078431 0.014705882352941176 0.0196078431372549
0 0.7071078431372549 0.6511437908496732 0.022058823529411763 0.024509803921568627
0 0.7052696078431372 0.6707516339869282 0.020833333333333332 0.01797385620915033
0 0.7254901960784313 0.6813725490196079 0.024509803921568627 0.0196078431372549
0 0.7371323529411764 0.7001633986928105 0.020833333333333332 0.03104575163398693
0 0.7561274509803921 0.7009803921568628 0.0196078431372549 0.029411764705882353
0 0.772671568627451 0.704248366013072 0.013480392156862746 0.0196078431372549
0 0.7720588235294118 0.7263071895424836 0.014705882352941176 0.024509803921568627
0 0.7787990196078431 0.7573529411764706 0.0428921568627451 0.04411764705882353
0 0.78125 0.7851307189542484 0.030637254901960783 0.02777777777777778
0 0.6850490196078431 0.6519607843137255 0.0196078431372549 0.032679738562091505
0 0.6740196078431372 0.6413398692810458 0.01715686274509804 0.03104575163398693
0 0.6513480392156863 0.6397058823529412 0.030637254901960783 0.024509803921568627
0 0.6574754901960784 0.6633986928104575 0.020833333333333332 0.029411764705882353
0 0.6372549019607843 0.667483660130719 0.024509803921568627 0.02777777777777778
0 0.6188725490196079 0.638888888888889 0.0196078431372549 0.03594771241830066
0 0.6170343137254902 0.6658496732026143 0.020833333333333332 0.01797385620915033
0 0.6188725490196079 0.6862745098039216 0.024509803921568627 0.0196078431372549
0 0.6372549019607843 0.6928104575163399 0.024509803921568627 0.0196078431372549
0 0.6746323529411765 0.6944444444444444 0.025735294117647058 0.029411764705882353
0 0.6875 0.6797385620915033 0.01715686274509804 0.016339869281045753
0 0.704656862745098 0.696078431372549 0.03676470588235294 0.026143790849673203
0 0.704656862745098 0.7246732026143791 0.024509803921568627 0.02777777777777778
0 0.7248774509803921 0.7214052287581699 0.01838235294117647 0.01797385620915033
0 0.7395833333333334 0.7450980392156863 0.025735294117647058 0.029411764705882353
0 0.7438725490196079 0.7834967320261438 0.01715686274509804 0.021241830065359478
0 0.7610294117647058 0.7990196078431373 0.014705882352941176 0.022875816993464054
0 0.7824754901960784 0.809640522875817 0.028186274509803922 0.024509803921568627
0 0.8045343137254902 0.7990196078431373 0.025735294117647058 0.022875816993464054
0 0.7242647058823529 0.744281045751634 0.0196078431372549 0.024509803921568627
0 0.6507352941176471 0.7083333333333334 0.031862745098039214 0.021241830065359478
0 0.6801470588235294 0.7205882352941176 0.024509803921568627 0.022875816993464054
0 0.6819852941176471 0.7508169934640523 0.023284313725490197 0.024509803921568627
0 0.6660539215686274 0.7320261437908497 0.023284313725490197 0.026143790849673203
0 0.6531862745098039 0.7565359477124183 0.0196078431372549 0.0196078431372549
0 0.446078431372549 0.6495098039215687 0.01715686274509804 0.021241830065359478
0 0.4626225490196078 0.6519607843137255 0.01838235294117647 0.0196078431372549
0 0.48713235294117646 0.6519607843137255 0.020833333333333332 0.0196078431372549
0 0.5189950980392157 0.6470588235294118 0.025735294117647058 0.022875816993464054
0 0.5606617647058824 0.6413398692810458 0.020833333333333332 0.01797385620915033
0 0.5490196078431373 0.6462418300653595 0.014705882352941176 0.021241830065359478
0 0.5821078431372549 0.6560457516339869 0.0196078431372549 0.03431372549019608
0 0.5962009803921569 0.6723856209150327 0.01838235294117647 0.021241830065359478
0 0.5588235294117647 0.6642156862745098 0.02696078431372549 0.021241830065359478
0 0.5318627450980392 0.6666666666666667 0.022058823529411763 0.0196078431372549
0 0.5067401960784313 0.6772875816993464 0.04044117647058824 0.03431372549019608
0 0.5318627450980392 0.6944444444444444 0.03676470588235294 0.04575163398692811
0 0.5563725490196079 0.6854575163398693 0.014705882352941176 0.024509803921568627
0 0.5759803921568627 0.6838235294117647 0.0196078431372549 0.02777777777777778
0 0.59375 0.6944444444444444 0.03553921568627451 0.026143790849673203
0 0.6280637254901961 0.7246732026143791 0.020833333333333332 0.021241830065359478
0 0.6262254901960784 0.7426470588235294 0.0196078431372549 0.021241830065359478
0 0.5759803921568627 0.7083333333333334 0.0196078431372549 0.021241830065359478
0 0.553921568627451 0.7066993464052288 0.024509803921568627 0.021241830065359478
0 0.48161764705882354 0.673202614379085 0.022058823529411763 0.022875816993464054
0 0.4932598039215686 0.7099673202614379 0.01838235294117647 0.021241830065359478
0 0.4895833333333333 0.7287581699346406 0.020833333333333332 0.016339869281045753
0 0.5220588235294118 0.7320261437908497 0.03431372549019608 0.032679738562091505
0 0.571078431372549 0.7295751633986929 0.031862745098039214 0.024509803921568627
0 0.5925245098039216 0.7369281045751634 0.020833333333333332 0.016339869281045753
0 0.5496323529411765 0.7549019607843137 0.04779411764705882 0.0392156862745098
0 0.5882352941176471 0.7508169934640523 0.024509803921568627 0.021241830065359478
0 0.5753676470588235 0.7647058823529412 0.013480392156862746 0.022875816993464054
0 0.6121323529411765 0.7622549019607844 0.03308823529411765 0.02777777777777778
0 0.6053921568627451 0.7230392156862745 0.01715686274509804 0.02777777777777778
0 0.6372549019607843 0.7687908496732027 0.0196078431372549 0.021241830065359478
0 0.6207107843137255 0.7859477124183006 0.025735294117647058 0.0196078431372549
0 0.5931372549019608 0.7810457516339869 0.02696078431372549 0.022875816993464054
0 0.5674019607843137 0.7810457516339869 0.022058823529411763 0.026143790849673203
0 0.585171568627451 0.7998366013071896 0.025735294117647058 0.021241830065359478
0 0.5520833333333334 0.7867647058823529 0.01838235294117647 0.01797385620915033
0 0.5153186274509803 0.7630718954248367 0.030637254901960783 0.032679738562091505
0 0.5275735294117647 0.7826797385620915 0.028186274509803922 0.022875816993464054
0 0.5208333333333334 0.8088235294117647 0.022058823529411763 0.026143790849673203
0 0.5055147058823529 0.8161764705882353 0.01838235294117647 0.024509803921568627
0 0.5012254901960784 0.8316993464052288 0.014705882352941176 0.0196078431372549
0 0.5110294117647058 0.8423202614379085 0.012254901960784314 0.03104575163398693
0 0.5318627450980392 0.829248366013072 0.02696078431372549 0.024509803921568627
0 0.5594362745098039 0.8259803921568628 0.028186274509803922 0.03104575163398693
0 0.5790441176470588 0.823529411764706 0.020833333333333332 0.016339869281045753
0 0.5919117647058824 0.8316993464052288 0.022058823529411763 0.0196078431372549
0 0.5698529411764706 0.8504901960784313 0.024509803921568627 0.021241830065359478
0 0.5477941176470588 0.8562091503267975 0.022058823529411763 0.029411764705882353
0 0.5306372549019608 0.8586601307189543 0.0196078431372549 0.03104575163398693
0 0.6268382352941176 0.815359477124183 0.025735294117647058 0.032679738562091505
0 0.6550245098039216 0.8120915032679739 0.028186274509803922 0.026143790849673203
0 0.6102941176470588 0.8390522875816994 0.0196078431372549 0.01797385620915033
0 0.6311274509803921 0.8513071895424836 0.02696078431372549 0.022875816993464054
0 0.6550245098039216 0.8488562091503268 0.025735294117647058 0.021241830065359478
0 0.6084558823529411 0.8570261437908497 0.025735294117647058 0.021241830065359478
0 0.6145833333333334 0.8823529411764706 0.04534313725490196 0.042483660130718956
0 0.6550245098039216 0.8848039215686275 0.023284313725490197 0.021241830065359478
0 0.5643382352941176 0.8823529411764706 0.015931372549019607 0.026143790849673203
0 0.5802696078431372 0.8978758169934641 0.023284313725490197 0.021241830065359478
0 0.5545343137254902 0.9068627450980392 0.020833333333333332 0.0196078431372549
0 0.6715686274509803 0.8660130718954249 0.02696078431372549 0.022875816993464054
0 0.6017156862745098 0.9133986928104575 0.029411764705882353 0.022875816993464054
0 0.6329656862745098 0.9264705882352942 0.0428921568627451 0.0392156862745098
0 0.6029411764705882 0.9411764705882353 0.01715686274509804 0.029411764705882353
0 0.6691176470588235 0.8978758169934641 0.014705882352941176 0.021241830065359478
0 0.6917892156862745 0.8455882352941176 0.025735294117647058 0.024509803921568627
0 0.7346813725490196 0.8227124183006537 0.023284313725490197 0.02777777777777778
0 0.7212009803921569 0.8390522875816994 0.025735294117647058 0.021241830065359478
0 0.6991421568627451 0.8725490196078431 0.030637254901960783 0.026143790849673203
0 0.6881127450980392 0.8954248366013072 0.028186274509803922 0.022875816993464054
0 0.6501225490196079 0.9526143790849674 0.023284313725490197 0.029411764705882353
0 0.6740196078431372 0.9256535947712419 0.022058823529411763 0.02777777777777778
0 0.6776960784313726 0.9501633986928105 0.03431372549019608 0.03104575163398693
0 0.7040441176470588 0.917483660130719 0.03308823529411765 0.04084967320261438
0 0.7322303921568627 0.8872549019607844 0.023284313725490197 0.0196078431372549
0 0.7310049019607843 0.9035947712418301 0.023284313725490197 0.0196078431372549
0 0.7248774509803921 0.9223856209150327 0.023284313725490197 0.021241830065359478
0 0.7506127450980392 0.9060457516339869 0.020833333333333332 0.021241830065359478
0 0.7677696078431372 0.9011437908496732 0.01838235294117647 0.021241830065359478
0 0.7310049019607843 0.9395424836601307 0.023284313725490197 0.0196078431372549
0 0.7064950980392157 0.9493464052287582 0.013480392156862746 0.0196078431372549
0 0.7469362745098039 0.954248366013072 0.025735294117647058 0.022875816993464054
0 0.7506127450980392 0.9281045751633987 0.028186274509803922 0.03594771241830066
0 0.7689950980392157 0.8684640522875817 0.020833333333333332 0.01797385620915033
0 0.7212009803921569 0.803921568627451 0.020833333333333332 0.016339869281045753
0 0.8069852941176471 0.8488562091503268 0.023284313725490197 0.01797385620915033
0 0.8204656862745098 0.880718954248366 0.020833333333333332 0.026143790849673203
0 0.8020833333333334 0.8815359477124183 0.023284313725490197 0.021241830065359478
0 0.7843137254901961 0.888888888888889 0.0196078431372549 0.022875816993464054
0 0.8020833333333334 0.8995098039215687 0.020833333333333332 0.024509803921568627
0 0.8155637254901961 0.9035947712418301 0.025735294117647058 0.022875816993464054
0 0.8229166666666666 0.9215686274509804 0.023284313725490197 0.016339869281045753
0 0.7996323529411764 0.9264705882352942 0.025735294117647058 0.0196078431372549
0 0.8149509803921569 0.9370915032679739 0.024509803921568627 0.01797385620915033
0 0.7965686274509803 0.9591503267973857 0.02696078431372549 0.026143790849673203
0 0.8180147058823529 0.9599673202614379 0.015931372549019607 0.024509803921568627
0 0.7720588235294118 0.9648692810457516 0.029411764705882353 0.024509803921568627
0 0.7775735294117647 0.9338235294117647 0.03553921568627451 0.03758169934640523
0 0.7879901960784313 0.9852941176470589 0.04656862745098039 0.029411764705882353
0 0.8174019607843137 0.9812091503267975 0.0196078431372549 0.021241830065359478
0 0.8627450980392157 0.9918300653594772 0.03676470588235294 0.016339869281045753
0 0.6930147058823529 0.9746732026143791 0.03308823529411765 0.03431372549019608
0 0.7297794117647058 0.9730392156862745 0.03308823529411765 0.03431372549019608
0 0.6213235294117647 0.9852941176470589 0.0196078431372549 0.026143790849673203
0 0.6727941176470588 0.9877450980392157 0.01715686274509804 0.024509803921568627
0 0.6574754901960784 0.9714052287581699 0.025735294117647058 0.021241830065359478
0 0.07904411764705882 0.7777777777777778 0.020833333333333332 0.022875816993464054
0 0.09375 0.7843137254901961 0.023284313725490197 0.022875816993464054
0 0.03799019607843137 0.8259803921568628 0.01715686274509804 0.021241830065359478
0 0.18872549019607843 0.8545751633986929 0.024509803921568627 0.016339869281045753
0 0.1997549019607843 0.8684640522875817 0.022058823529411763 0.024509803921568627
0 0.15625 0.9910130718954249 0.028186274509803922 0.01797385620915033
0 0.2916666666666667 0.5400326797385621 0.0196078431372549 0.024509803921568627
