0 0.1636029411764706 0.018790849673202614 0.03553921568627451 0.03431372549019608
0 0.12806372549019607 0.015522875816993464 0.04534313725490196 0.02777777777777778
0 0.0741421568627451 0.035130718954248366 0.04534313725490196 0.03758169934640523
0 0.044117647058823525 0.040032679738562095 0.0196078431372549 0.03431372549019608
0 0.11519607843137254 0.04330065359477124 0.024509803921568627 0.04738562091503268
0 0.1323529411764706 0.0661764705882353 0.014705882352941176 0.03104575163398693
0 0.09926470588235294 0.06535947712418301 0.02696078431372549 0.049019607843137254
0 0.11764705882352941 0.08496732026143791 0.0196078431372549 0.0392156862745098
0 0.15379901960784315 0.0661764705882353 0.015931372549019607 0.06045751633986928
0 0.1685049019607843 0.05800653594771242 0.023284313725490197 0.04738562091503268
0 0.17463235294117646 0.10702614379084968 0.03553921568627451 0.06699346405228758
0 0.14705882352941177 0.12908496732026145 0.0392156862745098 0.0784313725490196
0 0.11642156862745098 0.119281045751634 0.0196078431372549 0.032679738562091505
0 0.0974264705882353 0.11274509803921569 0.025735294117647058 0.042483660130718956
0 0.06311274509803921 0.0857843137254902 0.05024509803921569 0.07679738562091504
0 0.06066176470588235 0.1323529411764706 0.023284313725490197 0.0392156862745098
0 0.0784313725490196 0.15441176470588236 0.0392156862745098 0.05392156862745098
0 0.10600490196078431 0.16094771241830066 0.025735294117647058 0.05065359477124183
0 0.12990196078431374 0.16993464052287582 0.03431372549019608 0.029411764705882353
0 0.16237745098039216 0.20669934640522877 0.04044117647058824 0.07679738562091504
0 0.18075980392156862 0.19035947712418302 0.03308823529411765 0.05065359477124183
0 0.05698529411764706 0.1895424836601307 0.030637254901960783 0.032679738562091505
0 0.04718137254901961 0.21568627450980393 0.020833333333333332 0.0392156862745098
0 0.07720588235294118 0.2173202614379085 0.02696078431372549 0.049019607843137254
0 0.061887254901960786 0.2361111111111111 0.01838235294117647 0.03431372549019608
0 0.1170343137254902 0.19362745098039216 0.015931372549019607 0.03104575163398693
0 0.13051470588235295 0.2303921568627451 0.04044117647058824 0.06209150326797386
0 0.10477941176470588 0.23529411764705882 0.01838235294117647 0.042483660130718956
0 0.09191176470588235 0.28104575163398693 0.044117647058823525 0.07516339869281045
0 0.05024509803921569 0.26143790849673204 0.02696078431372549 0.026143790849673203
0 0.017769607843137254 0.26715686274509803 0.025735294117647058 0.024509803921568627
0 0.013480392156862746 0.3047385620915033 0.024509803921568627 0.05065359477124183
0 0.032475490196078434 0.2973856209150327 0.015931372549019607 0.0392156862745098
0 0.04963235294117647 0.28921568627450983 0.01838235294117647 0.03594771241830066
0 0.07107843137254902 0.31699346405228757 0.0196078431372549 0.04575163398692811
0 0.12009803921568628 0.2777777777777778 0.0196078431372549 0.042483660130718956
0 0.13174019607843138 0.30637254901960786 0.03308823529411765 0.057189542483660136
0 0.15747549019607843 0.2728758169934641 0.01838235294117647 0.0392156862745098
0 0.17830882352941177 0.24754901960784315 0.023284313725490197 0.04084967320261438
0 0.15012254901960784 0.35866013071895425 0.030637254901960783 0.06045751633986928
0 0.12009803921568628 0.3472222222222222 0.0196078431372549 0.03431372549019608
0 0.10416666666666667 0.3366013071895425 0.03431372549019608 0.042483660130718956
0 0.07904411764705882 0.3619281045751634 0.030637254901960783 0.05392156862745098
0 0.032475490196078434 0.3374183006535948 0.01838235294117647 0.03758169934640523
0 0.044117647058823525 0.36356209150326796 0.01715686274509804 0.03431372549019608
0 0.05821078431372549 0.3741830065359477 0.015931372549019607 0.03594771241830066
0 0.02389705882352941 0.37173202614379086 0.025735294117647058 0.03104575163398693
0 0.10110294117647059 0.36764705882352944 0.025735294117647058 0.029411764705882353
0 0.11029411764705882 0.4084967320261438 0.041666666666666664 0.08169934640522876
0 0.3553921568627451 0.08496732026143791 0.0196078431372549 0.0392156862745098
0 0.3333333333333333 0.2426470588235294 0.0196078431372549 0.04084967320261438
0 0.14644607843137256 0.46895424836601307 0.03799019607843137 0.07516339869281045
0 0.1721813725490196 0.4411764705882353 0.03553921568627451 0.08169934640522876
0 0.0661764705882353 0.40522875816993464 0.02696078431372549 0.03594771241830066
0 0.04044117647058824 0.42320261437908496 0.022058823529411763 0.042483660130718956
0 0.05514705882352941 0.44689542483660133 0.024509803921568627 0.04084967320261438
0 0.07965686274509803 0.4354575163398693 0.01715686274509804 0.03431372549019608
0 0.10723039215686274 0.47875816993464054 0.04534313725490196 0.07189542483660132
0 0.06311274509803921 0.47794117647058826 0.023284313725490197 0.03758169934640523
0 0.03431372549019608 0.4803921568627451 0.022058823529411763 0.03594771241830066
0 0.03982843137254902 0.5114379084967321 0.025735294117647058 0.0392156862745098
0 0.023284313725490197 0.5285947712418301 0.0196078431372549 0.03431372549019608
0 0.33394607843137253 0.477124183006536 0.020833333333333332 0.03594771241830066
0 0.33762254901960786 0.5310457516339869 0.023284313725490197 0.049019607843137254
0 0.3480392156862745 0.613562091503268 0.01715686274509804 0.04084967320261438
0 0.1838235294117647 0.5155228758169935 0.031862745098039214 0.06699346405228758
0 0.1642156862745098 0.542483660130719 0.02696078431372549 0.058823529411764705
0 0.18075980392156862 0.5980392156862745 0.0428921568627451 0.042483660130718956
0 0.13786764705882354 0.5187908496732027 0.01838235294117647 0.03431372549019608
0 0.08639705882352941 0.5032679738562091 0.020833333333333332 0.03594771241830066
0 0.06924019607843138 0.5122549019607844 0.015931372549019607 0.03758169934640523
0 0.11090686274509803 0.5367647058823529 0.03553921568627451 0.04084967320261438
0 0.13541666666666666 0.571078431372549 0.04044117647058824 0.07026143790849673
0 0.03308823529411765 0.5686274509803921 0.022058823529411763 0.03594771241830066
0 0.04779411764705882 0.5947712418300654 0.024509803921568627 0.04575163398692811
0 0.06004901960784314 0.5759803921568628 0.024509803921568627 0.04084967320261438
0 0.06924019607843138 0.5563725490196079 0.01838235294117647 0.03758169934640523
0 0.08517156862745098 0.559640522875817 0.015931372549019607 0.03431372549019608
0 0.10110294117647059 0.5678104575163399 0.020833333333333332 0.04411764705882353
0 0.11887254901960784 0.6209150326797386 0.0392156862745098 0.04575163398692811
0 0.18321078431372548 0.6568627450980392 0.03799019607843137 0.07516339869281045
0 0.14950980392156862 0.6650326797385621 0.041666666666666664 0.07516339869281045
0 0.08700980392156862 0.6004901960784313 0.024509803921568627 0.05065359477124183
0 0.06985294117647059 0.6323529411764706 0.022058823529411763 0.03594771241830066
0 0.0821078431372549 0.6486928104575164 0.01715686274509804 0.0392156862745098
0 0.06433823529411764 0.6699346405228759 0.028186274509803922 0.049019607843137254
0 0.09191176470588235 0.6781045751633987 0.0392156862745098 0.026143790849673203
0 0.1053921568627451 0.6511437908496732 0.03431372549019608 0.04738562091503268
0 0.12683823529411764 0.7050653594771242 0.028186274509803922 0.06045751633986928
0 0.14950980392156862 0.7091503267973857 0.0196078431372549 0.032679738562091505
0 0.17279411764705882 0.7124183006535948 0.029411764705882353 0.05228758169934641
0 0.1917892156862745 0.7287581699346406 0.025735294117647058 0.049019607843137254
0 0.1868872549019608 0.7696078431372549 0.028186274509803922 0.042483660130718956
0 0.1568627450980392 0.7573529411764706 0.031862745098039214 0.07026143790849673
0 0.12867647058823528 0.7663398692810458 0.02696078431372549 0.06209150326797386
0 0.06372549019607843 0.7124183006535948 0.029411764705882353 0.04575163398692811
0 0.07169117647058823 0.7606209150326798 0.030637254901960783 0.05065359477124183
0 0.061887254901960786 0.7834967320261438 0.028186274509803922 0.03431372549019608
0 0.08394607843137254 0.7949346405228759 0.01838235294117647 0.03758169934640523
0 0.10232843137254902 0.7736928104575164 0.030637254901960783 0.07026143790849673
0 0.11397058823529412 0.815359477124183 0.022058823529411763 0.0392156862745098
0 0.14215686274509803 0.8145424836601307 0.029411764705882353 0.05065359477124183
0 0.17279411764705882 0.8169934640522876 0.03431372549019608 0.06862745098039216
0 0.19607843137254902 0.8104575163398693 0.0196078431372549 0.0392156862745098
0 0.0661764705882353 0.8178104575163399 0.029411764705882353 0.04411764705882353
0 0.09375 0.8218954248366014 0.020833333333333332 0.0392156862745098
0 0.07720588235294118 0.852124183006536 0.03431372549019608 0.024509803921568627
0 0.10600490196078431 0.8570261437908497 0.025735294117647058 0.05065359477124183
0 0.0857843137254902 0.880718954248366 0.024509803921568627 0.042483660130718956
0 0.125 0.8480392156862745 0.022058823529411763 0.03594771241830066
0 0.1446078431372549 0.8619281045751634 0.024509803921568627 0.04738562091503268
0 0.18872549019607843 0.8627450980392157 0.029411764705882353 0.05555555555555556
0 0.1997549019607843 0.8913398692810458 0.022058823529411763 0.03758169934640523
0 0.16911764705882354 0.8717320261437909 0.01715686274509804 0.02777777777777778
0 0.15747549019607843 0.880718954248366 0.020833333333333332 0.029411764705882353
0 0.125 0.8897058823529412 0.022058823529411763 0.04411764705882353
0 0.10661764705882353 0.9003267973856209 0.0196078431372549 0.03594771241830066
0 0.1868872549019608 0.9199346405228759 0.030637254901960783 0.06209150326797386
0 0.15134803921568626 0.9207516339869282 0.025735294117647058 0.06045751633986928
0 0.12867647058823528 0.9305555555555556 0.024509803921568627 0.04738562091503268
0 0.12867647058823528 0.9722222222222222 0.0196078431372549 0.0392156862745098
0 0.14767156862745098 0.9656862745098039 0.015931372549019607 0.026143790849673203
0 0.16789215686274508 0.9697712418300654 0.024509803921568627 0.04738562091503268
0 0.1838235294117647 0.982843137254902 0.022058823529411763 0.024509803921568627
0 0.18259803921568626 0.9509803921568628 0.022058823529411763 0.032679738562091505
