0 0.02777777777777778 0.007965686274509803 0.0196078431372549 0.013480392156862746
0 0.0661764705882353 0.017769607843137254 0.021241830065359478 0.01838235294117647
0 0.049836601307189546 0.018995098039215685 0.021241830065359478 0.020833333333333332
0 0.0661764705882353 0.0428921568627451 0.01797385620915033 0.01715686274509804
0 0.09068627450980392 0.0545343137254902 0.02777777777777778 0.025735294117647058
0 0.10212418300653595 0.0704656862745098 0.024509803921568627 0.025735294117647058
0 0.05147058823529412 0.05024509803921569 0.014705882352941176 0.0196078431372549
0 0.06535947712418301 0.05943627450980392 0.022875816993464054 0.013480392156862746
0 0.014705882352941176 0.030637254901960783 0.026143790849673203 0.031862745098039214
0 0.03594771241830066 0.04656862745098039 0.0196078431372549 0.01715686274509804
0 0.01388888888888889 0.06066176470588235 0.024509803921568627 0.028186274509803922
0 0.03594771241830066 0.05943627450980392 0.0196078431372549 0.015931372549019607
0 0.049836601307189546 0.08394607843137254 0.021241830065359478 0.01838235294117647
0 0.06535947712418301 0.07475490196078431 0.0196078431372549 0.012254901960784314
0 0.08169934640522876 0.0741421568627451 0.016339869281045753 0.01838235294117647
0 0.03349673202614379 0.09191176470588235 0.01797385620915033 0.01715686274509804
0 0.01388888888888889 0.09497549019607843 0.024509803921568627 0.023284313725490197
0 0.0661764705882353 0.08762254901960784 0.01797385620915033 0.01838235294117647
0 0.08986928104575163 0.09068627450980392 0.0196078431372549 0.022058823529411763
0 0.04738562091503268 0.1053921568627451 0.0196078431372549 0.022058823529411763
0 0.06290849673202614 0.11029411764705882 0.021241830065359478 0.0196078431372549
0 0.07924836601307189 0.09681372549019608 0.014705882352941176 0.01715686274509804
0 0.02369281045751634 0.10845588235294118 0.01797385620915033 0.015931372549019607
0 0.04084967320261438 0.1213235294117647 0.016339869281045753 0.0196078431372549
0 0.06699346405228758 0.12867647058823528 0.016339869281045753 0.01715686274509804
0 0.05228758169934641 0.1323529411764706 0.016339869281045753 0.01715686274509804
0 0.018790849673202614 0.12622549019607843 0.01797385620915033 0.0196078431372549
0 0.03676470588235294 0.13848039215686275 0.01797385620915033 0.01715686274509804
0 0.06045751633986928 0.14338235294117646 0.0196078431372549 0.0196078431372549
0 0.08333333333333334 0.12622549019607843 0.022875816993464054 0.022058823529411763
0 0.07924836601307189 0.11519607843137254 0.01797385620915033 0.01715686274509804
0 0.08251633986928104 0.1446078431372549 0.021241830065359478 0.022058823529411763
0 0.015522875816993464 0.14154411764705882 0.01797385620915033 0.015931372549019607
0 0.026143790849673203 0.15318627450980393 0.026143790849673203 0.0196078431372549
0 0.06454248366013073 0.16666666666666666 0.02777777777777778 0.029411764705882353
0 0.08169934640522876 0.17892156862745098 0.022875816993464054 0.02696078431372549
0 0.008169934640522876 0.16299019607843138 0.013071895424836602 0.024509803921568627
0 0.015522875816993464 0.1721813725490196 0.014705882352941176 0.020833333333333332
0 0.029411764705882353 0.17034313725490197 0.016339869281045753 0.0196078431372549
0 0.04084967320261438 0.1721813725490196 0.0196078431372549 0.023284313725490197
0 0.049019607843137254 0.18566176470588236 0.0196078431372549 0.020833333333333332
0 0.01715686274509804 0.1917892156862745 0.03104575163398693 0.023284313725490197
0 0.026143790849673203 0.21262254901960784 0.022875816993464054 0.03308823529411765
0 0.04820261437908497 0.2150735294117647 0.03758169934640523 0.04044117647058824
0 0.010620915032679739 0.20894607843137256 0.01797385620915033 0.023284313725490197
0 0.04738562091503268 0.2506127450980392 0.026143790849673203 0.03308823529411765
0 0.026143790849673203 0.2549019607843137 0.026143790849673203 0.03676470588235294
0 0.022058823529411766 0.2867647058823529 0.01797385620915033 0.0196078431372549
0 0.010620915032679739 0.3020833333333333 0.01797385620915033 0.020833333333333332
0 0.021241830065359478 0.3167892156862745 0.026143790849673203 0.015931372549019607
0 0.008986928104575164 0.23651960784313725 0.014705882352941176 0.031862745098039214
0 0.011437908496732027 0.4381127450980392 0.0196078431372549 0.025735294117647058
0 0.42647058823529416 0.8259803921568627 0.026143790849673203 0.029411764705882353
