0 0.018995098039215685 0.9419934640522876 0.03553921568627451 0.03758169934640523
0 0.06556372549019608 0.9338235294117647 0.03799019607843137 0.04084967320261438
0 0.1096813725490196 0.9387254901960784 0.03308823529411765 0.03758169934640523
0 0.14338235294117646 0.9387254901960784 0.0392156862745098 0.04084967320261438
0 0.1764705882352941 0.9027777777777778 0.03676470588235294 0.03758169934640523
0 0.20588235294117646 0.9133986928104575 0.029411764705882353 0.03594771241830066
0 0.19056372549019607 0.9460784313725491 0.03553921568627451 0.0392156862745098
0 0.2077205882352941 0.9673202614379085 0.03553921568627451 0.032679738562091505
0 0.22916666666666666 0.9354575163398693 0.03676470588235294 0.03431372549019608
0 0.2824754901960784 0.9158496732026145 0.03308823529411765 0.03104575163398693
0 0.3131127450980392 0.8970588235294118 0.030637254901960783 0.03594771241830066
0 0.2775735294117647 0.9648692810457516 0.07965686274509803 0.057189542483660136
0 0.23529411764705882 0.9877450980392157 0.031862745098039214 0.021241830065359478
0 0.1525735294117647 0.9795751633986929 0.08946078431372549 0.04084967320261438
0 0.07230392156862744 0.977124183006536 0.08088235294117647 0.04575163398692811
0 0.016544117647058824 0.9852941176470589 0.030637254901960783 0.026143790849673203
0 0.3272058823529412 0.9452614379084968 0.031862745098039214 0.03104575163398693
0 0.34375 0.9117647058823529 0.04534313725490196 0.0392156862745098
0 0.3584558823529412 0.9640522875816994 0.06740196078431372 0.058823529411764705
0 0.3713235294117647 0.9199346405228759 0.031862745098039214 0.032679738562091505
0 0.39215686274509803 0.8946078431372549 0.0392156862745098 0.03431372549019608
0 0.4301470588235294 0.9084967320261438 0.029411764705882353 0.026143790849673203
0 0.40379901960784315 0.9313725490196079 0.028186274509803922 0.029411764705882353
0 0.4252450980392157 0.9436274509803921 0.024509803921568627 0.024509803921568627
0 0.3915441176470588 0.9754901960784313 0.020833333333333332 0.026143790849673203
0 0.42340686274509803 0.9763071895424837 0.03308823529411765 0.03104575163398693
