0 0.7015931372549019 0.01715686274509804 0.030637254901960783 0.03104575163398693
0 0.7310049019607843 0.010620915032679739 0.023284313725490197 0.01797385620915033
0 0.7469362745098039 0.04166666666666667 0.0428921568627451 0.04084967320261438
0 0.7628676470588235 0.011437908496732027 0.028186274509803922 0.0196078431372549
0 0.7886029411764706 0.059640522875817 0.04044117647058824 0.04084967320261438
0 0.8045343137254902 0.010620915032679739 0.04044117647058824 0.01797385620915033
0 0.8376225490196079 0.022875816993464054 0.05759803921568627 0.042483660130718956
0 0.8308823529411764 0.06372549019607843 0.02696078431372549 0.0392156862745098
0 0.8602941176470588 0.10457516339869281 0.031862745098039214 0.032679738562091505
0 0.8602941176470588 0.058823529411764705 0.031862745098039214 0.058823529411764705
0 0.8897058823529411 0.10212418300653595 0.022058823529411763 0.02777777777777778
0 0.8848039215686274 0.016339869281045753 0.031862745098039214 0.026143790849673203
0 0.8927696078431372 0.058823529411764705 0.030637254901960783 0.05555555555555556
0 0.9154411764705882 0.1053921568627451 0.029411764705882353 0.03104575163398693
0 0.9203431372549019 0.049019607843137254 0.02696078431372549 0.03594771241830066
0 0.9240196078431372 0.07598039215686275 0.029411764705882353 0.02777777777777778
0 0.9424019607843137 0.12173202614379085 0.03431372549019608 0.03104575163398693
0 0.9534313725490196 0.09722222222222222 0.0196078431372549 0.03431372549019608
0 0.9466911764705882 0.1519607843137255 0.025735294117647058 0.022875816993464054
0 0.9252450980392156 0.16830065359477125 0.031862745098039214 0.05555555555555556
0 0.96875 0.1527777777777778 0.028186274509803922 0.03431372549019608
0 0.9932598039215687 0.1593137254901961 0.013480392156862746 0.03104575163398693
0 0.9871323529411764 0.19607843137254902 0.025735294117647058 0.032679738562091505
0 0.9350490196078431 0.018790849673202614 0.061274509803921566 0.03431372549019608
0 0.9816176470588235 0.02042483660130719 0.03676470588235294 0.03758169934640523
0 0.9632352941176471 0.049019607843137254 0.05392156862745098 0.042483660130718956
0 0.9926470588235294 0.0784313725490196 0.014705882352941176 0.022875816993464054
0 0.9730392156862745 0.08741830065359478 0.022058823529411763 0.024509803921568627
0 0.9822303921568627 0.11601307189542484 0.03553921568627451 0.049019607843137254
