0 0.23713235294117646 0.33333333333333337 0.03799019607843137 0.05228758169934641
0 0.2113970588235294 0.37990196078431376 0.03553921568627451 0.04084967320261438
0 0.20098039215686275 0.3284313725490196 0.024509803921568627 0.058823529411764705
0 0.1954656862745098 0.2687908496732026 0.015931372549019607 0.04411764705882353
0 0.18137254901960784 0.2949346405228758 0.01715686274509804 0.04084967320261438
0 0.1605392156862745 0.28431372549019607 0.029411764705882353 0.058823529411764705
0 0.17279411764705882 0.3415032679738562 0.029411764705882353 0.05228758169934641
0 0.15012254901960784 0.34885620915032683 0.01838235294117647 0.04411764705882353
0 0.16666666666666666 0.39542483660130723 0.0196078431372549 0.04575163398692811
0 0.14767156862745098 0.3978758169934641 0.01838235294117647 0.04738562091503268
0 0.16789215686274508 0.44526143790849676 0.024509803921568627 0.05392156862745098
0 0.1642156862745098 0.5 0.03676470588235294 0.06209150326797386
0 0.17463235294117646 0.14379084967320263 0.0428921568627451 0.06862745098039216
0 0.1488970588235294 0.08741830065359478 0.023284313725490197 0.03758169934640523
0 0.12193627450980392 0.06454248366013073 0.028186274509803922 0.05392156862745098
0 0.06678921568627451 0.04656862745098039 0.025735294117647058 0.04411764705882353
0 0.08272058823529412 0.06535947712418301 0.011029411764705881 0.022875816993464054
0 0.11887254901960784 0.12663398692810457 0.0392156862745098 0.08006535947712419
0 0.10784313725490197 0.19607843137254902 0.056372549019607844 0.05228758169934641
0 0.13419117647058823 0.2581699346405229 0.011029411764705881 0.029411764705882353
0 0.11642156862745098 0.24836601307189543 0.014705882352941176 0.032679738562091505
0 0.09620098039215687 0.23529411764705882 0.020833333333333332 0.032679738562091505
0 0.1133578431372549 0.28594771241830064 0.01838235294117647 0.042483660130718956
0 0.13051470588235295 0.34395424836601307 0.013480392156862746 0.04084967320261438
0 0.020833333333333332 0.049019607843137254 0.0392156862745098 0.07189542483660132
0 0.042279411764705885 0.09722222222222222 0.015931372549019607 0.03104575163398693
0 0.04963235294117647 0.13562091503267976 0.013480392156862746 0.03594771241830066
0 0.034926470588235295 0.12581699346405228 0.013480392156862746 0.032679738562091505
0 0.03553921568627451 0.1568627450980392 0.0196078431372549 0.026143790849673203
0 0.0661764705882353 0.1854575163398693 0.029411764705882353 0.04411764705882353
0 0.07904411764705882 0.11274509803921569 0.03799019607843137 0.07516339869281045
0 0.015931372549019607 0.10294117647058824 0.014705882352941176 0.0392156862745098
0 0.012867647058823529 0.14869281045751634 0.01838235294117647 0.032679738562091505
0 0.02022058823529412 0.1919934640522876 0.023284313725490197 0.03431372549019608
0 0.0508578431372549 0.20261437908496732 0.028186274509803922 0.04575163398692811
0 0.07720588235294118 0.22303921568627452 0.014705882352941176 0.03104575163398693
0 0.011642156862745098 0.21568627450980393 0.020833333333333332 0.032679738562091505
0 0.04534313725490196 0.26715686274509803 0.041666666666666664 0.07352941176470588
0 0.08517156862745098 0.2834967320261438 0.03553921568627451 0.08006535947712419
0 0.07107843137254902 0.3243464052287582 0.024509803921568627 0.02777777777777778
0 0.05759803921568627 0.3161764705882353 0.024509803921568627 0.03431372549019608
0 0.03615196078431372 0.32598039215686275 0.015931372549019607 0.04411764705882353
0 0.012254901960784314 0.28594771241830064 0.01715686274509804 0.0392156862745098
0 0.017769607843137254 0.3276143790849673 0.020833333333333332 0.03104575163398693
0 0.11274509803921569 0.3357843137254902 0.0196078431372549 0.03758169934640523
0 0.11458333333333333 0.3700980392156863 0.020833333333333332 0.03758169934640523
0 0.0625 0.37826797385620914 0.0196078431372549 0.05065359477124183
0 0.03799019607843137 0.3946078431372549 0.03431372549019608 0.08660130718954248
0 0.06433823529411764 0.42483660130718953 0.020833333333333332 0.04575163398692811
0 0.09313725490196079 0.42728758169934644 0.02696078431372549 0.04738562091503268
0 0.12193627450980392 0.4027777777777778 0.03553921568627451 0.04084967320261438
0 0.13602941176470587 0.4436274509803922 0.0392156862745098 0.05065359477124183
0 0.11458333333333333 0.46405228758169936 0.020833333333333332 0.0392156862745098
0 0.13419117647058823 0.4901960784313726 0.025735294117647058 0.06209150326797386
0 0.08517156862745098 0.49264705882352944 0.020833333333333332 0.04084967320261438
0 0.10723039215686274 0.5253267973856209 0.01838235294117647 0.03758169934640523
0 0.09375 0.5334967320261438 0.015931372549019607 0.03104575163398693
0 0.08333333333333333 0.5620915032679739 0.02696078431372549 0.05228758169934641
0 0.006127450980392157 0.38153594771241833 0.00980392156862745 0.02777777777777778
0 0.02022058823529412 0.4542483660130719 0.03799019607843137 0.058823529411764705
0 0.009191176470588236 0.5065359477124183 0.015931372549019607 0.042483660130718956
0 0.027573529411764705 0.5433006535947713 0.03799019607843137 0.057189542483660136
0 0.00980392156862745 0.5571895424836601 0.01715686274509804 0.032679738562091505
0 0.00857843137254902 0.5996732026143791 0.014705882352941176 0.0196078431372549
0 0.1409313725490196 0.7377450980392157 0.022058823529411763 0.04411764705882353
0 0.15379901960784315 0.7851307189542484 0.03553921568627451 0.057189542483660136
0 0.04044117647058824 0.6781045751633987 0.024509803921568627 0.0392156862745098
0 0.034926470588235295 0.7050653594771242 0.020833333333333332 0.03758169934640523
0 0.05024509803921569 0.7361111111111112 0.01715686274509804 0.05392156862745098
0 0.027573529411764705 0.7516339869281046 0.028186274509803922 0.05555555555555556
0 0.017769607843137254 0.7181372549019608 0.01838235294117647 0.02777777777777778
0 0.013480392156862746 0.6617647058823529 0.024509803921568627 0.06862745098039216
0 0.006127450980392157 0.7426470588235294 0.00980392156862745 0.04084967320261438
0 0.044730392156862746 0.8251633986928105 0.03308823529411765 0.049019607843137254
0 0.016544117647058824 0.8137254901960784 0.030637254901960783 0.06535947712418301
0 0.04963235294117647 0.9060457516339869 0.05269607843137255 0.08986928104575163
0 0.009191176470588236 0.880718954248366 0.015931372549019607 0.06209150326797386
0 0.011642156862745098 0.9534313725490197 0.020833333333333332 0.06372549019607843
