0 0.03594771241830066 0.22058823529411764 0.06862745098039216 0.044117647058823525
0 0.07761437908496732 0.23161764705882354 0.03104575163398693 0.0196078431372549
0 0.03349673202614379 0.25245098039215685 0.05065359477124183 0.029411764705882353
0 0.08986928104575163 0.25919117647058826 0.07516339869281045 0.04534313725490196
0 0.14460784313725492 0.25674019607843135 0.03431372549019608 0.020833333333333332
0 0.17892156862745098 0.25306372549019607 0.03431372549019608 0.023284313725490197
0 0.125 0.2861519607843137 0.03431372549019608 0.01838235294117647
0 0.1576797385620915 0.2763480392156863 0.03104575163398693 0.020833333333333332
0 0.33088235294117646 0.20955882352941177 0.04411764705882353 0.022058823529411763
0 0.375 0.2028186274509804 0.057189542483660136 0.03308823529411765
0 0.3823529411764706 0.22426470588235295 0.032679738562091505 0.0196078431372549
0 0.3602941176470588 0.23223039215686275 0.04084967320261438 0.028186274509803922
0 0.40522875816993464 0.2383578431372549 0.0392156862745098 0.01838235294117647
0 0.4411764705882353 0.20588235294117646 0.0784313725490196 0.04656862745098039
0 0.45098039215686275 0.24080882352941177 0.05228758169934641 0.03553921568627451
0 0.5196078431372549 0.24387254901960784 0.08169934640522876 0.04656862745098039
0 0.5269607843137255 0.20526960784313725 0.06699346405228758 0.04044117647058824
0 0.5890522875816994 0.22426470588235295 0.057189542483660136 0.029411764705882353
0 0.8782679738562091 0.14154411764705882 0.03431372549019608 0.023284313725490197
0 0.8929738562091504 0.15870098039215685 0.03104575163398693 0.020833333333333332
0 0.9616013071895425 0.09558823529411764 0.04411764705882353 0.024509803921568627
0 0.9795751633986929 0.06924019607843138 0.03758169934640523 0.025735294117647058
0 0.9877450980392157 0.1213235294117647 0.024509803921568627 0.022058823529411763
0 0.9795751633986929 0.15012254901960784 0.04084967320261438 0.03799019607843137
0 0.928921568627451 0.1292892156862745 0.08986928104575163 0.04779411764705882
0 0.9803921568627452 0.6452205882352942 0.0392156862745098 0.04779411764705882
0 0.2303921568627451 0.49693627450980393 0.08496732026143791 0.03799019607843137
0 0.2042483660130719 0.5251225490196079 0.058823529411764705 0.025735294117647058
0 0.15522875816993464 0.49754901960784315 0.07189542483660132 0.041666666666666664
0 0.09885620915032681 0.46568627450980393 0.06045751633986928 0.031862745098039214
0 0.035130718954248366 0.4810049019607843 0.06045751633986928 0.03799019607843137
0 0.09313725490196079 0.49816176470588236 0.058823529411764705 0.030637254901960783
0 0.12418300653594772 0.5294117647058824 0.05228758169934641 0.024509803921568627
0 0.16748366013071897 0.5508578431372549 0.03431372549019608 0.023284313725490197
0 0.1895424836601307 0.5741421568627451 0.029411764705882353 0.025735294117647058
0 0.1968954248366013 0.6072303921568627 0.03431372549019608 0.023284313725490197
0 0.16748366013071897 0.6145833333333334 0.03104575163398693 0.020833333333333332
0 0.04493464052287582 0.5153186274509803 0.08006535947712419 0.03799019607843137
0 0.010620915032679739 0.5465686274509803 0.01797385620915033 0.01715686274509804
0 0.03349673202614379 0.5410539215686274 0.05392156862745098 0.030637254901960783
0 0.02369281045751634 0.5643382352941176 0.04084967320261438 0.015931372549019607
0 0.013071895424836602 0.5876225490196079 0.022875816993464054 0.025735294117647058
0 0.06127450980392157 0.5741421568627451 0.03431372549019608 0.025735294117647058
0 0.09150326797385622 0.5502450980392157 0.0784313725490196 0.03431372549019608
0 0.14215686274509803 0.5753676470588235 0.08169934640522876 0.04534313725490196
0 0.0923202614379085 0.5925245098039216 0.03758169934640523 0.020833333333333332
0 0.05555555555555556 0.6011029411764706 0.05555555555555556 0.0428921568627451
0 0.02369281045751634 0.6176470588235294 0.04411764705882353 0.029411764705882353
0 0.11846405228758171 0.6145833333333334 0.057189542483660136 0.03799019607843137
0 0.1642156862745098 0.6439950980392157 0.08660130718954248 0.04779411764705882
0 0.05228758169934641 0.6390931372549019 0.049019607843137254 0.028186274509803922
0 0.08660130718954248 0.6537990196078431 0.04575163398692811 0.030637254901960783
0 0.10049019607843138 0.6813725490196079 0.06045751633986928 0.03431372549019608
0 0.1503267973856209 0.6881127450980392 0.05555555555555556 0.03308823529411765
0 0.1985294117647059 0.7003676470588235 0.04411764705882353 0.04779411764705882
0 0.022058823529411766 0.6587009803921569 0.04084967320261438 0.03308823529411765
0 0.026143790849673203 0.6911764705882353 0.049019607843137254 0.02696078431372549
0 0.06781045751633988 0.7732843137254902 0.09640522875816994 0.05392156862745098
0 0.04330065359477124 0.8033088235294118 0.05392156862745098 0.025735294117647058
0 0.11274509803921569 0.7953431372549019 0.029411764705882353 0.0196078431372549
0 0.14297385620915032 0.7990196078431372 0.03104575163398693 0.022058823529411763
0 0.1503267973856209 0.7818627450980392 0.0392156862745098 0.0196078431372549
0 0.14705882352941177 0.8302696078431372 0.032679738562091505 0.03553921568627451
0 0.17973856209150327 0.8302696078431372 0.04575163398692811 0.028186274509803922
0 0.22549019607843138 0.7818627450980392 0.0392156862745098 0.022058823529411763
0 0.2107843137254902 0.8082107843137255 0.08169934640522876 0.05514705882352941
0 0.2769607843137255 0.8014705882352942 0.07679738562091504 0.044117647058823525
0 0.2965686274509804 0.8363970588235294 0.04084967320261438 0.03308823529411765
0 0.35375816993464054 0.8253676470588235 0.07679738562091504 0.04534313725490196
0 0.4150326797385621 0.8566176470588235 0.09477124183006536 0.049019607843137254
0 0.477124183006536 0.9031862745098039 0.08169934640522876 0.058823529411764705
0 0.40032679738562094 0.8958333333333334 0.04575163398692811 0.022058823529411763
0 0.41339869281045755 0.9166666666666666 0.049019607843137254 0.02696078431372549
0 0.238562091503268 0.8553921568627451 0.049019607843137254 0.02696078431372549
0 0.19607843137254902 0.8621323529411764 0.042483660130718956 0.03799019607843137
0 0.20915032679738563 0.8878676470588235 0.0392156862745098 0.020833333333333332
0 0.1593137254901961 0.8786764705882353 0.04738562091503268 0.02696078431372549
0 0.25163398692810457 0.9068627450980392 0.05228758169934641 0.029411764705882353
0 0.2581699346405229 0.9338235294117647 0.049019607843137254 0.0196078431372549
0 0.20261437908496732 0.9136029411764706 0.07516339869281045 0.03799019607843137
0 0.1454248366013072 0.9099264705882353 0.032679738562091505 0.03553921568627451
0 0.2965686274509804 0.8829656862745098 0.09640522875816994 0.0428921568627451
0 0.008169934640522876 0.7738970588235294 0.013071895424836602 0.028186274509803922
