0 0.8703703703703703 0.6683884297520661 0.043209876543209874 0.03512396694214876
0 0.8587962962962963 0.7045454545454546 0.041666666666666664 0.0371900826446281
0 0.974537037037037 0.7355371900826446 0.044753086419753084 0.03305785123966942
0 0.9290123456790123 0.7458677685950413 0.037037037037037035 0.049586776859504134
0 0.9606481481481481 0.7634297520661157 0.038580246913580245 0.03512396694214876
0 0.8904320987654321 0.7117768595041323 0.027777777777777776 0.022727272727272728
0 0.882716049382716 0.7396694214876033 0.06172839506172839 0.049586776859504134
0 0.8263888888888888 0.7066115702479339 0.032407407407407406 0.024793388429752067
0 0.820216049382716 0.7283057851239669 0.032407407407407406 0.026859504132231406
0 0.8217592592592592 0.7489669421487604 0.032407407407407406 0.022727272727272728
0 0.8541666666666666 0.7789256198347108 0.05709876543209876 0.05371900826446281
0 0.9220679012345678 0.7789256198347108 0.047839506172839504 0.0371900826446281
0 0.9645061728395061 0.8181818181818182 0.027777777777777776 0.028925619834710745
0 0.9351851851851851 0.8212809917355373 0.030864197530864196 0.030991735537190084
0 0.8996913580246914 0.8161157024793388 0.046296296296296294 0.03305785123966942
0 0.7816358024691358 0.7830578512396694 0.047839506172839504 0.04132231404958678
0 0.8101851851851851 0.8202479338842975 0.033950617283950615 0.03305785123966942
0 0.849537037037037 0.8233471074380165 0.044753086419753084 0.03512396694214876
0 0.8973765432098765 0.8429752066115703 0.041666666666666664 0.045454545454545456
0 0.9830246913580246 0.8481404958677686 0.033950617283950615 0.05578512396694215
0 0.9151234567901234 0.8574380165289256 0.037037037037037035 0.0371900826446281
0 0.8341049382716049 0.8667355371900827 0.05092592592592592 0.05991735537190083
0 0.7584876543209876 0.8553719008264463 0.06327160493827161 0.06611570247933884
0 0.8773148148148148 0.8956611570247934 0.041666666666666664 0.05165289256198347
0 0.908179012345679 0.8884297520661157 0.029320987654320986 0.049586776859504134
0 0.923611111111111 0.9132231404958678 0.05092592592592592 0.04132231404958678
0 0.9868827160493827 0.9049586776859504 0.026234567901234566 0.0371900826446281
0 0.7600308641975309 0.9018595041322315 0.032407407407407406 0.047520661157024795
0 0.7422839506172839 0.9256198347107438 0.037037037037037035 0.0371900826446281
0 0.7808641975308641 0.9173553719008265 0.027777777777777776 0.049586776859504134
0 0.8078703703703703 0.9452479338842975 0.06018518518518518 0.05578512396694215
0 0.9266975308641975 0.9576446280991736 0.06018518518518518 0.06404958677685951
0 0.9691358024691358 0.9380165289256198 0.027777777777777776 0.028925619834710745
0 0.9837962962962963 0.9514462809917356 0.032407407407407406 0.026859504132231406
0 0.9591049382716049 0.9648760330578513 0.038580246913580245 0.028925619834710745
0 0.6836419753086419 0.9235537190082644 0.043209876543209874 0.045454545454545456
0 0.7183641975308641 0.9586776859504132 0.06635802469135801 0.05785123966942149
0 0.7824074074074073 0.9783057851239669 0.040123456790123455 0.030991735537190084
0 0.8395061728395061 0.9783057851239669 0.033950617283950615 0.030991735537190084
0 0.853395061728395 0.9380165289256198 0.040123456790123455 0.05785123966942149
0 0.8850308641975309 0.984504132231405 0.026234567901234566 0.030991735537190084
0 0.6489197530864197 0.9638429752066116 0.038580246913580245 0.04338842975206612
0 0.6057098765432098 0.9524793388429752 0.05092592592592592 0.049586776859504134
0 0.6373456790123456 0.9514462809917356 0.027777777777777776 0.04338842975206612
0 0.533179012345679 0.9700413223140496 0.06635802469135801 0.05991735537190083
0 0.4884259259259259 0.9380165289256198 0.035493827160493825 0.028925619834710745
0 0.48765432098765427 0.9597107438016529 0.040123456790123455 0.030991735537190084
0 0.4506172839506173 0.9824380165289256 0.05864197530864197 0.03512396694214876
0 0.40277777777777773 0.9886363636363636 0.05864197530864197 0.022727272727272728
0 0.4112654320987654 0.9628099173553719 0.041666666666666664 0.03305785123966942
