0 0.5183823529411765 0.2761437908496732 0.03431372549019608 0.04575163398692811
0 0.6942401960784313 0.2508169934640523 0.023284313725490197 0.04084967320261438
0 0.6905637254901961 0.6601307189542484 0.03553921568627451 0.049019607843137254
0 0.7383578431372549 0.6209150326797386 0.01838235294117647 0.04575163398692811
0 0.5251225490196079 0.8480392156862745 0.023284313725490197 0.05228758169934641
0 0.5006127450980392 0.8611111111111112 0.03308823529411765 0.07189542483660132
0 0.477328431372549 0.7892156862745098 0.04534313725490196 0.08823529411764706
0 0.4258578431372549 0.928921568627451 0.015931372549019607 0.021241830065359478
0 0.45588235294117646 0.6576797385620915 0.022058823529411763 0.05065359477124183
0 0.13848039215686275 0.7834967320261438 0.029411764705882353 0.057189542483660136
0 0.07536764705882353 0.8660130718954249 0.03553921568627451 0.06209150326797386
0 0.0857843137254902 0.571078431372549 0.024509803921568627 0.07026143790849673
0 0.1213235294117647 0.3553921568627451 0.024509803921568627 0.03431372549019608
0 0.13970588235294118 0.39215686274509803 0.044117647058823525 0.09803921568627451
0 0.40625 0.05555555555555556 0.015931372549019607 0.032679738562091505
0 0.29901960784313725 0.18055555555555555 0.02696078431372549 0.03758169934640523
0 0.2757352941176471 0.1650326797385621 0.01715686274509804 0.04575163398692811
0 0.25245098039215685 0.14624183006535948 0.031862745098039214 0.04084967320261438
0 0.2922794117647059 0.12173202614379085 0.04779411764705882 0.08660130718954248
0 0.22487745098039216 0.026143790849673203 0.028186274509803922 0.04575163398692811
0 0.1997549019607843 0.014705882352941176 0.014705882352941176 0.026143790849673203
0 0.20588235294117646 0.04575163398692811 0.01715686274509804 0.03594771241830066
0 0.19056372549019607 0.06862745098039216 0.04779411764705882 0.0784313725490196
