0 0.011642156862745098 0.7173202614379085 0.020833333333333332 0.032679738562091505
0 0.031862745098039214 0.7132352941176471 0.02696078431372549 0.024509803921568627
0 0.023284313725490197 0.7344771241830066 0.03431372549019608 0.02777777777777778
0 0.07352941176470588 0.7107843137254902 0.0661764705882353 0.06862745098039216
0 0.11580882352941177 0.7197712418300654 0.030637254901960783 0.03104575163398693
0 0.13541666666666666 0.7303921568627452 0.030637254901960783 0.026143790849673203
0 0.3161764705882353 0.6633986928104575 0.031862745098039214 0.029411764705882353
0 0.3388480392156863 0.6813725490196079 0.025735294117647058 0.032679738562091505
0 0.35049019607843135 0.6503267973856209 0.031862745098039214 0.029411764705882353
0 0.3602941176470588 0.6266339869281046 0.031862745098039214 0.02777777777777778
0 0.3860294117647059 0.6151960784313726 0.029411764705882353 0.02777777777777778
0 0.3854166666666667 0.638888888888889 0.028186274509803922 0.026143790849673203
0 0.36580882352941174 0.6699346405228759 0.030637254901960783 0.032679738562091505
0 0.3915441176470588 0.6601307189542484 0.030637254901960783 0.029411764705882353
0 0.4074754901960784 0.6813725490196079 0.028186274509803922 0.026143790849673203
0 0.42769607843137253 0.6266339869281046 0.061274509803921566 0.05392156862745098
0 0.42401960784313725 0.6609477124183006 0.03676470588235294 0.02777777777777778
0 0.45036764705882354 0.6666666666666667 0.028186274509803922 0.032679738562091505
0 0.48161764705882354 0.6225490196078431 0.049019607843137254 0.049019607843137254
0 0.5202205882352942 0.6200980392156863 0.030637254901960783 0.03431372549019608
0 0.4889705882352941 0.6584967320261438 0.029411764705882353 0.029411764705882353
