0 0.15379901960784315 0.3937908496732026 0.07230392156862744 0.06862745098039216
0 0.21262254901960784 0.3741830065359477 0.025735294117647058 0.026143790849673203
0 0.19669117647058823 0.3839869281045752 0.015931372549019607 0.0196078431372549
0 0.2113970588235294 0.39869281045751637 0.028186274509803922 0.026143790849673203
0 0.23529411764705882 0.41013071895424835 0.029411764705882353 0.029411764705882353
0 0.1948529411764706 0.4281045751633987 0.05392156862745098 0.042483660130718956
0 0.21997549019607843 0.4575163398692811 0.03308823529411765 0.0392156862745098
0 0.25674019607843135 0.47303921568627455 0.05514705882352941 0.057189542483660136
0 0.24754901960784315 0.43300653594771243 0.03676470588235294 0.022875816993464054
0 0.2763480392156863 0.4362745098039216 0.023284313725490197 0.022875816993464054
0 0.2622549019607843 0.41421568627450983 0.022058823529411763 0.021241830065359478
0 0.27205882352941174 0.4019607843137255 0.022058823529411763 0.022875816993464054
0 0.28308823529411764 0.3872549019607843 0.024509803921568627 0.0196078431372549
0 0.3118872549019608 0.352124183006536 0.01838235294117647 0.04738562091503268
0 0.2757352941176471 0.35947712418300654 0.051470588235294115 0.049019607843137254
0 0.30330882352941174 0.4362745098039216 0.03553921568627451 0.022875816993464054
0 0.28370098039215685 0.4893790849673203 0.023284313725490197 0.024509803921568627
0 0.3075980392156863 0.49836601307189543 0.024509803921568627 0.0196078431372549
0 0.3278186274509804 0.5147058823529412 0.023284313725490197 0.022875816993464054
0 0.32965686274509803 0.477124183006536 0.01715686274509804 0.026143790849673203
0 0.3014705882352941 0.4673202614379085 0.041666666666666664 0.0392156862745098
0 0.3118872549019608 0.40931372549019607 0.06004901960784314 0.05392156862745098
0 0.33394607843137253 0.4550653594771242 0.04044117647058824 0.03758169934640523
0 0.34191176470588236 0.3741830065359477 0.051470588235294115 0.04575163398692811
0 0.3792892156862745 0.39052287581699346 0.028186274509803922 0.026143790849673203
0 0.3676470588235294 0.34395424836601307 0.029411764705882353 0.03758169934640523
0 0.3639705882352941 0.5253267973856209 0.02696078431372549 0.021241830065359478
0 0.4050245098039216 0.4803921568627451 0.028186274509803922 0.029411764705882353
0 0.4068627450980392 0.5498366013071896 0.022058823529411763 0.03104575163398693
0 0.37316176470588236 0.4419934640522876 0.06740196078431372 0.057189542483660136
0 0.3639705882352941 0.4893790849673203 0.056372549019607844 0.05065359477124183
0 0.40870098039215685 0.5171568627450981 0.06004901960784314 0.04738562091503268
0 0.5232843137254902 0.5473856209150327 0.024509803921568627 0.026143790849673203
0 0.5471813725490196 0.5343137254901961 0.030637254901960783 0.022875816993464054
0 0.5337009803921569 0.5122549019607844 0.015931372549019607 0.021241830065359478
0 0.5177696078431373 0.5081699346405228 0.020833333333333332 0.026143790849673203
0 0.49754901960784315 0.5171568627450981 0.02696078431372549 0.024509803921568627
0 0.49142156862745096 0.4959150326797386 0.029411764705882353 0.02777777777777778
0 0.5018382352941176 0.4714052287581699 0.03308823529411765 0.05065359477124183
0 0.4791666666666667 0.548202614379085 0.061274509803921566 0.04738562091503268
0 0.4620098039215686 0.5106209150326797 0.04656862745098039 0.03758169934640523
0 0.4577205882352941 0.4714052287581699 0.06495098039215687 0.04738562091503268
0 0.41299019607843135 0.4305555555555556 0.05392156862745098 0.05392156862745098
0 0.46629901960784315 0.4256535947712418 0.06004901960784314 0.04738562091503268
0 0.41360294117647056 0.3888888888888889 0.028186274509803922 0.022875816993464054
0 0.44730392156862747 0.3872549019607843 0.029411764705882353 0.026143790849673203
0 0.4724264705882353 0.35375816993464054 0.025735294117647058 0.04084967320261438
0 0.4430147058823529 0.33415032679738566 0.028186274509803922 0.04084967320261438
0 0.41605392156862747 0.3602941176470588 0.06985294117647059 0.057189542483660136
0 0.522671568627451 0.37826797385620914 0.030637254901960783 0.03758169934640523
0 0.5447303921568627 0.37254901960784315 0.030637254901960783 0.042483660130718956
0 0.5453431372549019 0.4215686274509804 0.02696078431372549 0.0196078431372549
0 0.5575980392156863 0.4011437908496732 0.0196078431372549 0.03104575163398693
0 0.5735294117647058 0.41748366013071897 0.022058823529411763 0.03758169934640523
0 0.49754901960784315 0.4068627450980392 0.06862745098039216 0.058823529411764705
0 0.5735294117647058 0.44689542483660133 0.031862745098039214 0.02777777777777778
0 0.5723039215686274 0.4722222222222222 0.029411764705882353 0.022875816993464054
0 0.5343137254901961 0.46568627450980393 0.04656862745098039 0.05228758169934641
0 0.5692401960784313 0.5122549019607844 0.06004901960784314 0.05392156862745098
