0 0.39644607843137253 0.7679738562091504 0.023284313725490197 0.022875816993464054
0 0.25 0.6576797385620915 0.024509803921568627 0.03104575163398693
0 0.19362745098039216 0.6805555555555556 0.0196078431372549 0.021241830065359478
0 0.19240196078431374 0.6503267973856209 0.031862745098039214 0.032679738562091505
0 0.044117647058823525 0.5383986928104575 0.022058823529411763 0.024509803921568627
0 0.027573529411764705 0.5212418300653595 0.015931372549019607 0.0196078431372549
0 0.014093137254901961 0.6650326797385621 0.025735294117647058 0.04575163398692811
0 0.006740196078431373 0.7075163398692811 0.011029411764705881 0.022875816993464054
0 0.015318627450980392 0.7279411764705882 0.028186274509803922 0.021241830065359478
0 0.03125 0.7736928104575164 0.023284313725490197 0.03104575163398693
0 0.02267156862745098 0.7908496732026145 0.020833333333333332 0.026143790849673203
0 0.08394607843137254 0.815359477124183 0.025735294117647058 0.042483660130718956
0 0.055759803921568624 0.8202614379084967 0.020833333333333332 0.0392156862745098
0 0.023284313725490197 0.821078431372549 0.0196078431372549 0.03104575163398693
0 0.13357843137254902 0.863562091503268 0.029411764705882353 0.04084967320261438
0 0.05392156862745098 0.8594771241830066 0.01715686274509804 0.03594771241830066
0 0.0821078431372549 0.8709150326797386 0.03431372549019608 0.06209150326797386
0 0.09558823529411764 0.917483660130719 0.031862745098039214 0.02777777777777778
0 0.15196078431372548 0.9199346405228759 0.02696078431372549 0.0392156862745098
0 0.18933823529411764 0.8676470588235294 0.015931372549019607 0.022875816993464054
0 0.18321078431372548 0.8905228758169935 0.025735294117647058 0.022875816993464054
0 0.21017156862745098 0.8880718954248367 0.01838235294117647 0.03431372549019608
0 0.2267156862745098 0.8717320261437909 0.02696078431372549 0.02777777777777778
0 0.23345588235294118 0.9052287581699346 0.015931372549019607 0.022875816993464054
0 0.25612745098039214 0.9109477124183006 0.024509803921568627 0.01797385620915033
0 0.2506127450980392 0.9248366013071896 0.023284313725490197 0.013071895424836602
0 0.0196078431372549 0.8366013071895425 0.029411764705882353 0.029411764705882353
0 0.03982843137254902 0.8537581699346406 0.011029411764705881 0.02777777777777778
0 0.01838235294117647 0.8660130718954249 0.03431372549019608 0.026143790849673203
0 0.03799019607843137 0.8815359477124183 0.014705882352941176 0.02777777777777778
0 0.0196078431372549 0.8815359477124183 0.024509803921568627 0.021241830065359478
0 0.005514705882352941 0.8921568627450981 0.00857843137254902 0.022875816993464054
0 0.014705882352941176 0.9035947712418301 0.02696078431372549 0.022875816993464054
0 0.03002450980392157 0.9068627450980392 0.020833333333333332 0.026143790849673203
0 0.04656862745098039 0.9084967320261438 0.014705882352941176 0.032679738562091505
0 0.07230392156862744 0.923202614379085 0.022058823529411763 0.03594771241830066
0 0.06372549019607843 0.9428104575163399 0.024509803921568627 0.0392156862745098
0 0.04350490196078431 0.9477124183006537 0.015931372549019607 0.03594771241830066
0 0.02267156862745098 0.9338235294117647 0.025735294117647058 0.02777777777777778
0 0.007965686274509803 0.9419934640522876 0.013480392156862746 0.03758169934640523
0 0.06862745098039216 0.9836601307189543 0.024509803921568627 0.022875816993464054
0 0.0974264705882353 0.9852941176470589 0.03553921568627451 0.026143790849673203
0 0.09987745098039215 0.9468954248366014 0.030637254901960783 0.02777777777777778
0 0.13725490196078433 0.9501633986928105 0.022058823529411763 0.01797385620915033
0 0.13664215686274508 0.9754901960784313 0.015931372549019607 0.032679738562091505
0 0.16299019607843138 0.9656862745098039 0.041666666666666664 0.029411764705882353
0 0.17524509803921567 0.9281045751633987 0.022058823529411763 0.04575163398692811
0 0.19791666666666666 0.9370915032679739 0.028186274509803922 0.03431372549019608
0 0.20404411764705882 0.9681372549019608 0.025735294117647058 0.021241830065359478
0 0.21752450980392157 0.9852941176470589 0.013480392156862746 0.029411764705882353
0 0.23345588235294118 0.9812091503267975 0.015931372549019607 0.03104575163398693
0 0.2261029411764706 0.9477124183006537 0.020833333333333332 0.032679738562091505
0 0.24509803921568626 0.9493464052287582 0.012254901960784314 0.029411764705882353
0 0.25 0.9861111111111112 0.01715686274509804 0.021241830065359478
0 0.2579656862745098 0.9656862745098039 0.015931372549019607 0.026143790849673203
0 0.2653186274509804 0.9877450980392157 0.01838235294117647 0.024509803921568627
0 0.26838235294117646 0.9370915032679739 0.02696078431372549 0.02777777777777778
0 0.2916666666666667 0.9656862745098039 0.024509803921568627 0.0196078431372549
0 0.29901960784313725 0.9877450980392157 0.04656862745098039 0.024509803921568627
0 0.33455882352941174 0.9893790849673203 0.029411764705882353 0.021241830065359478
0 0.4270833333333333 0.9910130718954249 0.030637254901960783 0.01797385620915033
