0 0.03431372549019608 0.021241830065359478 0.058823529411764705 0.0392156862745098
0 0.08149509803921569 0.01797385620915033 0.05269607843137255 0.032679738562091505
0 0.12438725490196079 0.022058823529411766 0.03799019607843137 0.04084967320261438
0 0.15747549019607843 0.03349673202614379 0.030637254901960783 0.02777777777777778
0 0.17830882352941177 0.03431372549019608 0.023284313725490197 0.026143790849673203
0 0.16911764705882354 0.05147058823529412 0.029411764705882353 0.021241830065359478
0 0.19607843137254902 0.057189542483660136 0.031862745098039214 0.032679738562091505
0 0.20465686274509803 0.02369281045751634 0.03676470588235294 0.03758169934640523
0 0.23039215686274508 0.015522875816993464 0.041666666666666664 0.02777777777777778
0 0.22732843137254902 0.042483660130718956 0.025735294117647058 0.026143790849673203
0 0.23345588235294118 0.06290849673202614 0.020833333333333332 0.03431372549019608
0 0.2555147058823529 0.013071895424836602 0.020833333333333332 0.022875816993464054
0 0.2708333333333333 0.012254901960784314 0.014705882352941176 0.021241830065359478
0 0.28799019607843135 0.00980392156862745 0.024509803921568627 0.016339869281045753
0 0.2604166666666667 0.03349673202614379 0.03308823529411765 0.03104575163398693
0 0.2549019607843137 0.06454248366013073 0.031862745098039214 0.03758169934640523
0 0.2824754901960784 0.04166666666666667 0.025735294117647058 0.04411764705882353
0 0.30269607843137253 0.025326797385620915 0.031862745098039214 0.02777777777777778
0 0.3051470588235294 0.04738562091503268 0.029411764705882353 0.026143790849673203
0 0.3327205882352941 0.02777777777777778 0.03308823529411765 0.029411764705882353
0 0.32536764705882354 0.05065359477124183 0.023284313725490197 0.029411764705882353
0 0.34558823529411764 0.057189542483660136 0.03431372549019608 0.029411764705882353
0 0.3762254901960784 0.022058823529411766 0.06372549019607843 0.04084967320261438
0 0.3799019607843137 0.05392156862745098 0.031862745098039214 0.026143790849673203
0 0.37193627450980393 0.07026143790849673 0.028186274509803922 0.0196078431372549
0 0.41360294117647056 0.025326797385620915 0.025735294117647058 0.03104575163398693
0 0.4528186274509804 0.0196078431372549 0.04779411764705882 0.03594771241830066
0 0.4325980392156863 0.035130718954248366 0.0392156862745098 0.03431372549019608
0 0.4215686274509804 0.05147058823529412 0.02696078431372549 0.021241830065359478
0 0.40379901960784315 0.059640522875817 0.023284313725490197 0.024509803921568627
0 0.4227941176470588 0.06862745098039216 0.022058823529411763 0.0196078431372549
0 0.4454656862745098 0.07026143790849673 0.028186274509803922 0.026143790849673203
0 0.4693627450980392 0.05310457516339869 0.041666666666666664 0.03431372549019608
0 0.4883578431372549 0.042483660130718956 0.04044117647058824 0.03594771241830066
0 0.4846813725490196 0.01715686274509804 0.03308823529411765 0.02777777777777778
0 0.5091911764705882 0.025326797385620915 0.020833333333333332 0.02777777777777778
0 0.5287990196078431 0.014705882352941176 0.03553921568627451 0.026143790849673203
0 0.5661764705882353 0.01715686274509804 0.024509803921568627 0.02777777777777778
0 0.5870098039215687 0.026143790849673203 0.02696078431372549 0.022875816993464054
0 0.6151960784313726 0.021241830065359478 0.03676470588235294 0.032679738562091505
0 0.5704656862745098 0.05228758169934641 0.05759803921568627 0.049019607843137254
0 0.5238970588235294 0.04656862745098039 0.03799019607843137 0.03758169934640523
0 0.5030637254901961 0.07679738562091504 0.025735294117647058 0.029411764705882353
0 0.5447303921568627 0.06535947712418301 0.028186274509803922 0.022875816993464054
0 0.5557598039215687 0.08169934640522876 0.028186274509803922 0.022875816993464054
0 0.5189950980392157 0.06944444444444445 0.025735294117647058 0.021241830065359478
0 0.5330882352941176 0.08660130718954248 0.029411764705882353 0.022875816993464054
0 0.5569852941176471 0.11029411764705882 0.028186274509803922 0.04411764705882353
0 0.6158088235294118 0.04820261437908497 0.03308823529411765 0.02777777777777778
0 0.6403186274509803 0.03022875816993464 0.025735294117647058 0.024509803921568627
0 0.6623774509803921 0.0196078431372549 0.023284313725490197 0.026143790849673203
0 0.6899509803921569 0.011437908496732027 0.03676470588235294 0.0196078431372549
0 0.7205882352941176 0.00980392156862745 0.02696078431372549 0.016339869281045753
0 0.7132352941176471 0.022058823529411766 0.022058823529411763 0.021241830065359478
0 0.7383578431372549 0.024509803921568627 0.03308823529411765 0.032679738562091505
0 0.7714460784313726 0.024509803921568627 0.03799019607843137 0.029411764705882353
0 0.6924019607843137 0.03104575163398693 0.024509803921568627 0.022875816993464054
0 0.6709558823529411 0.03839869281045752 0.030637254901960783 0.02777777777777778
0 0.6930147058823529 0.05800653594771242 0.03553921568627451 0.02777777777777778
0 0.6507352941176471 0.06127450980392157 0.0392156862745098 0.03758169934640523
0 0.673406862745098 0.07924836601307189 0.028186274509803922 0.024509803921568627
0 0.6237745098039216 0.07679738562091504 0.03431372549019608 0.029411764705882353
0 0.6378676470588235 0.08823529411764706 0.03308823529411765 0.026143790849673203
0 0.5894607843137255 0.08415032679738563 0.02696078431372549 0.021241830065359478
0 0.6096813725490196 0.09395424836601307 0.025735294117647058 0.03104575163398693
0 0.7224264705882353 0.04738562091503268 0.03799019607843137 0.032679738562091505
0 0.71875 0.07598039215686275 0.03308823529411765 0.02777777777777778
0 0.7616421568627451 0.04656862745098039 0.03308823529411765 0.03431372549019608
0 0.7481617647058824 0.06372549019607843 0.028186274509803922 0.022875816993464054
0 0.7720588235294118 0.07434640522875817 0.01715686274509804 0.03758169934640523
0 0.7561274509803921 0.0857843137254902 0.03431372549019608 0.03104575163398693
0 0.7947303921568627 0.04493464052287582 0.028186274509803922 0.02777777777777778
0 0.8198529411764706 0.04166666666666667 0.024509803921568627 0.021241830065359478
0 0.8161764705882353 0.058823529411764705 0.0196078431372549 0.022875816993464054
0 0.8468137254901961 0.04084967320261438 0.031862745098039214 0.026143790849673203
0 0.8762254901960784 0.04084967320261438 0.031862745098039214 0.026143790849673203
0 0.8431372549019608 0.057189542483660136 0.029411764705882353 0.0196078431372549
0 0.8805147058823529 0.07434640522875817 0.05759803921568627 0.04738562091503268
0 0.9068627450980392 0.03594771241830066 0.02696078431372549 0.026143790849673203
0 0.9252450980392156 0.022058823529411766 0.029411764705882353 0.024509803921568627
0 0.9577205882352942 0.01797385620915033 0.03553921568627451 0.032679738562091505
0 0.9871323529411764 0.015522875816993464 0.025735294117647058 0.021241830065359478
0 0.9901960784313726 0.035130718954248366 0.0196078431372549 0.024509803921568627
0 0.954656862745098 0.04738562091503268 0.024509803921568627 0.022875816993464054
0 0.9785539215686274 0.04411764705882353 0.023284313725490197 0.026143790849673203
0 0.9889705882352942 0.06535947712418301 0.022058823529411763 0.029411764705882353
0 0.9871323529411764 0.0857843137254902 0.025735294117647058 0.024509803921568627
0 0.9712009803921569 0.119281045751634 0.03799019607843137 0.029411764705882353
0 0.9613970588235294 0.08006535947712419 0.03799019607843137 0.049019607843137254
0 0.9295343137254902 0.040032679738562095 0.028186274509803922 0.024509803921568627
0 0.9240196078431372 0.07352941176470588 0.0392156862745098 0.032679738562091505
0 0.9368872549019608 0.05800653594771242 0.025735294117647058 0.021241830065359478
0 0.9313725490196079 0.10375816993464053 0.051470588235294115 0.04084967320261438
0 0.897671568627451 0.11029411764705882 0.020833333333333332 0.024509803921568627
0 0.8792892156862745 0.10702614379084968 0.020833333333333332 0.021241830065359478
0 0.8578431372549019 0.11111111111111112 0.022058823529411763 0.026143790849673203
0 0.8419117647058824 0.08741830065359478 0.022058823529411763 0.02777777777777778
0 0.8223039215686274 0.08496732026143791 0.0196078431372549 0.029411764705882353
0 0.9779411764705882 0.22222222222222224 0.022058823529411763 0.022875816993464054
0 0.985906862745098 0.28839869281045755 0.028186274509803922 0.04084967320261438
0 0.9705882352941176 0.2769607843137255 0.01715686274509804 0.02777777777777778
0 0.9362745098039216 0.2908496732026144 0.04656862745098039 0.04575163398692811
0 0.8596813725490196 0.2679738562091503 0.030637254901960783 0.04575163398692811
0 0.8419117647058824 0.2581699346405229 0.022058823529411763 0.029411764705882353
0 0.7843137254901961 0.25980392156862747 0.03431372549019608 0.049019607843137254
0 0.8118872549019608 0.26143790849673204 0.01838235294117647 0.0196078431372549
0 0.7530637254901961 0.2540849673202614 0.023284313725490197 0.03758169934640523
0 0.7144607843137255 0.24918300653594772 0.03431372549019608 0.024509803921568627
0 0.6887254901960784 0.25 0.024509803921568627 0.026143790849673203
0 0.6850490196078431 0.26633986928104575 0.029411764705882353 0.022875816993464054
0 0.6470588235294118 0.27532679738562094 0.05392156862745098 0.05065359477124183
0 0.6286764705882353 0.25653594771241833 0.02696078431372549 0.022875816993464054
0 0.6078431372549019 0.24183006535947713 0.029411764705882353 0.022875816993464054
0 0.5637254901960784 0.2434640522875817 0.029411764705882353 0.022875816993464054
0 0.5563725490196079 0.26062091503267976 0.02696078431372549 0.01797385620915033
0 0.5698529411764706 0.2834967320261438 0.024509803921568627 0.03104575163398693
0 0.5784313725490196 0.2638888888888889 0.022058823529411763 0.024509803921568627
0 0.5876225490196079 0.24591503267973858 0.020833333333333332 0.024509803921568627
0 0.5882352941176471 0.27941176470588236 0.022058823529411763 0.022875816993464054
0 0.6078431372549019 0.28839869281045755 0.03431372549019608 0.024509803921568627
0 0.7230392156862745 0.2647058823529412 0.044117647058823525 0.032679738562091505
0 0.6832107843137255 0.2949346405228758 0.04779411764705882 0.04411764705882353
0 0.6102941176470588 0.3104575163398693 0.02696078431372549 0.0196078431372549
0 0.6341911764705882 0.31290849673202614 0.03799019607843137 0.03104575163398693
0 0.678921568627451 0.3243464052287582 0.02696078431372549 0.021241830065359478
0 0.7064950980392157 0.3292483660130719 0.023284313725490197 0.024509803921568627
0 0.7132352941176471 0.3055555555555556 0.0196078431372549 0.032679738562091505
0 0.6899509803921569 0.34068627450980393 0.029411764705882353 0.024509803921568627
0 0.7095588235294118 0.35375816993464054 0.022058823529411763 0.03104575163398693
0 0.7567401960784313 0.2834967320261438 0.03799019607843137 0.05392156862745098
0 0.8223039215686274 0.29820261437908496 0.061274509803921566 0.04411764705882353
0 0.78125 0.3496732026143791 0.06495098039215687 0.04575163398692811
0 0.8725490196078431 0.30800653594771243 0.022058823529411763 0.02777777777777778
0 0.8480392156862745 0.3235294117647059 0.02696078431372549 0.022875816993464054
0 0.8370098039215687 0.352124183006536 0.024509803921568627 0.021241830065359478
0 0.9252450980392156 0.33986928104575165 0.03676470588235294 0.026143790849673203
0 0.9730392156862745 0.3839869281045752 0.024509803921568627 0.022875816993464054
0 0.9675245098039216 0.40931372549019607 0.025735294117647058 0.024509803921568627
0 0.9522058823529411 0.38643790849673204 0.0196078431372549 0.024509803921568627
0 0.9332107843137255 0.3937908496732026 0.023284313725490197 0.029411764705882353
0 0.9252450980392156 0.36601307189542487 0.031862745098039214 0.026143790849673203
0 0.8964460784313726 0.3651960784313726 0.025735294117647058 0.03104575163398693
0 0.9080882352941176 0.3823529411764706 0.022058823529411763 0.029411764705882353
0 0.9117647058823529 0.41013071895424835 0.03431372549019608 0.032679738562091505
0 0.8621323529411764 0.4068627450980392 0.04779411764705882 0.049019607843137254
0 0.8884803921568627 0.4035947712418301 0.029411764705882353 0.026143790849673203
0 0.892156862745098 0.44607843137254904 0.056372549019607844 0.04575163398692811
0 0.789828431372549 0.42320261437908496 0.028186274509803922 0.026143790849673203
0 0.8547794117647058 0.43300653594771243 0.023284313725490197 0.0196078431372549
0 0.9270833333333334 0.5686274509803921 0.028186274509803922 0.029411764705882353
