0 0.36213235294117646 0.00980392156862745 0.020833333333333332 0.016339869281045753
0 0.3792892156862745 0.02696078431372549 0.023284313725490197 0.024509803921568627
0 0.3995098039215686 0.018790849673202614 0.024509803921568627 0.03431372549019608
0 0.34987745098039214 0.1707516339869281 0.01838235294117647 0.021241830065359478
0 0.3431372549019608 0.14624183006535948 0.0196078431372549 0.01797385620915033
0 0.32598039215686275 0.14379084967320263 0.01715686274509804 0.022875816993464054
0 0.30453431372549017 0.13398692810457516 0.023284313725490197 0.03594771241830066
0 0.31433823529411764 0.11846405228758171 0.011029411764705881 0.02777777777777778
0 0.3314950980392157 0.11356209150326797 0.013480392156862746 0.03104575163398693
0 0.34681372549019607 0.11437908496732027 0.01715686274509804 0.032679738562091505
0 0.29105392156862747 0.09885620915032681 0.030637254901960783 0.03104575163398693
0 0.30453431372549017 0.08088235294117647 0.03799019607843137 0.04738562091503268
0 0.32659313725490197 0.07434640522875817 0.023284313725490197 0.04411764705882353
0 0.3400735294117647 0.06372549019607843 0.01838235294117647 0.032679738562091505
0 0.3529411764705882 0.08333333333333334 0.022058823529411763 0.022875816993464054
0 0.36519607843137253 0.11356209150326797 0.031862745098039214 0.04411764705882353
0 0.38786764705882354 0.12663398692810457 0.030637254901960783 0.04738562091503268
0 0.37745098039215685 0.1707516339869281 0.02696078431372549 0.02777777777777778
0 0.40379901960784315 0.17565359477124184 0.030637254901960783 0.03758169934640523
0 0.3541666666666667 0.03758169934640523 0.02696078431372549 0.022875816993464054
0 0.3639705882352941 0.06209150326797386 0.029411764705882353 0.029411764705882353
0 0.3866421568627451 0.05800653594771242 0.01838235294117647 0.02777777777777778
0 0.40379901960784315 0.05228758169934641 0.030637254901960783 0.032679738562091505
0 0.39276960784313725 0.09150326797385622 0.03799019607843137 0.0392156862745098
0 0.4172794117647059 0.08496732026143791 0.025735294117647058 0.032679738562091505
0 0.4227941176470588 0.11601307189542484 0.022058823529411763 0.03594771241830066
0 0.4252450980392157 0.14624183006535948 0.014705882352941176 0.03431372549019608
0 0.43504901960784315 0.13643790849673204 0.0196078431372549 0.03758169934640523
0 0.42892156862745096 0.16993464052287582 0.024509803921568627 0.029411764705882353
0 0.42401960784313725 0.20098039215686275 0.012254901960784314 0.029411764705882353
0 0.4362745098039216 0.19607843137254902 0.01715686274509804 0.032679738562091505
0 0.44362745098039214 0.22875816993464054 0.022058823529411763 0.032679738562091505
0 0.4522058823529412 0.19934640522875818 0.022058823529411763 0.042483660130718956
0 0.47120098039215685 0.18055555555555555 0.020833333333333332 0.021241830065359478
0 0.4577205882352941 0.15849673202614378 0.03553921568627451 0.032679738562091505
0 0.4834558823529412 0.16666666666666669 0.01838235294117647 0.0392156862745098
0 0.5018382352941176 0.17647058823529413 0.013480392156862746 0.0392156862745098
0 0.4895833333333333 0.19771241830065361 0.020833333333333332 0.026143790849673203
0 0.47610294117647056 0.2099673202614379 0.023284313725490197 0.02777777777777778
0 0.4681372549019608 0.24101307189542484 0.022058823529411763 0.03758169934640523
0 0.4307598039215686 0.04820261437908497 0.025735294117647058 0.02777777777777778
0 0.41973039215686275 0.01715686274509804 0.023284313725490197 0.03104575163398693
0 0.4803921568627451 0.07189542483660132 0.031862745098039214 0.04575163398692811
0 0.4497549019607843 0.09068627450980392 0.031862745098039214 0.07352941176470588
0 0.48161764705882354 0.10784313725490197 0.0196078431372549 0.032679738562091505
0 0.49693627450980393 0.10620915032679738 0.023284313725490197 0.0392156862745098
0 0.5214460784313726 0.1323529411764706 0.023284313725490197 0.029411764705882353
0 0.5269607843137255 0.19526143790849673 0.02696078431372549 0.02777777777777778
0 0.5177696078431373 0.22303921568627452 0.023284313725490197 0.03431372549019608
0 0.49816176470588236 0.24019607843137256 0.025735294117647058 0.05228758169934641
0 0.48651960784313725 0.2712418300653595 0.02696078431372549 0.032679738562091505
0 0.508578431372549 0.2720588235294118 0.01715686274509804 0.03758169934640523
0 0.5036764705882353 0.29901960784313725 0.0196078431372549 0.026143790849673203
0 0.4963235294117647 0.3194444444444445 0.024509803921568627 0.03758169934640523
0 0.5269607843137255 0.25571895424836605 0.0196078431372549 0.03758169934640523
0 0.5379901960784313 0.2426470588235294 0.0196078431372549 0.04084967320261438
0 0.5563725490196079 0.2630718954248366 0.022058823529411763 0.029411764705882353
0 0.5814950980392157 0.2761437908496732 0.023284313725490197 0.029411764705882353
0 0.5465686274509803 0.3464052287581699 0.02696078431372549 0.026143790849673203
0 0.5631127450980392 0.3186274509803922 0.03799019607843137 0.06862745098039216
0 0.5906862745098039 0.3553921568627451 0.01715686274509804 0.03431372549019608
0 0.5857843137254902 0.40522875816993464 0.02696078431372549 0.07189542483660132
0 0.5606617647058824 0.41258169934640526 0.023284313725490197 0.021241830065359478
0 0.5704656862745098 0.45915032679738566 0.023284313725490197 0.026143790849673203
0 0.602328431372549 0.3031045751633987 0.023284313725490197 0.04411764705882353
0 0.5502450980392157 0.21486928104575165 0.0196078431372549 0.03758169934640523
0 0.5686274509803921 0.22712418300653595 0.014705882352941176 0.03594771241830066
0 0.5931372549019608 0.2549019607843137 0.014705882352941176 0.032679738562091505
0 0.6072303921568627 0.2728758169934641 0.015931372549019607 0.032679738562091505
0 0.625 0.27450980392156865 0.014705882352941176 0.029411764705882353
0 0.5870098039215687 0.21977124183006536 0.014705882352941176 0.03104575163398693
0 0.6035539215686274 0.22630718954248366 0.015931372549019607 0.03758169934640523
0 0.6182598039215687 0.23692810457516342 0.015931372549019607 0.029411764705882353
0 0.6323529411764706 0.22140522875816995 0.022058823529411763 0.03104575163398693
0 0.6550245098039216 0.2426470588235294 0.030637254901960783 0.03431372549019608
0 0.647671568627451 0.20751633986928106 0.028186274509803922 0.03594771241830066
0 0.6691176470588235 0.2303921568627451 0.01715686274509804 0.022875816993464054
0 0.5772058823529411 0.1895424836601307 0.041666666666666664 0.03594771241830066
0 0.610906862745098 0.19607843137254902 0.020833333333333332 0.022875816993464054
0 0.5471813725490196 0.18055555555555555 0.015931372549019607 0.02777777777777778
0 0.5428921568627451 0.13725490196078433 0.014705882352941176 0.029411764705882353
0 0.5563725490196079 0.1503267973856209 0.01715686274509804 0.016339869281045753
0 0.5582107843137255 0.13071895424836602 0.01838235294117647 0.022875816993464054
0 0.585171568627451 0.16584967320261437 0.020833333333333332 0.024509803921568627
0 0.5759803921568627 0.12173202614379085 0.0196078431372549 0.01797385620915033
0 0.5643382352941176 0.09477124183006536 0.023284313725490197 0.032679738562091505
0 0.5618872549019608 0.06699346405228758 0.025735294117647058 0.026143790849673203
0 0.5447303921568627 0.040032679738562095 0.028186274509803922 0.03104575163398693
0 0.5073529411764706 0.014705882352941176 0.02696078431372549 0.022875816993464054
0 0.5330882352941176 0.01388888888888889 0.0196078431372549 0.021241830065359478
0 0.5674019607843137 0.015522875816993464 0.022058823529411763 0.021241830065359478
0 0.6354166666666666 0.06699346405228758 0.01838235294117647 0.026143790849673203
0 0.673406862745098 0.08823529411764706 0.025735294117647058 0.03594771241830066
0 0.6041666666666666 0.12908496732026145 0.022058823529411763 0.0392156862745098
0 0.6213235294117647 0.13643790849673204 0.01715686274509804 0.03431372549019608
0 0.6268382352941176 0.1053921568627451 0.0428921568627451 0.04738562091503268
0 0.4626225490196078 0.13562091503267976 0.025735294117647058 0.0196078431372549
0 0.6200980392156863 0.16830065359477125 0.01715686274509804 0.026143790849673203
0 0.6427696078431372 0.1772875816993464 0.028186274509803922 0.02777777777777778
0 0.647671568627451 0.1519607843137255 0.013480392156862746 0.0196078431372549
0 0.6488970588235294 0.13480392156862744 0.013480392156862746 0.014705882352941176
0 0.6660539215686274 0.13643790849673204 0.01838235294117647 0.021241830065359478
0 0.6678921568627451 0.18790849673202614 0.01715686274509804 0.0392156862745098
0 0.6985294117647058 0.184640522875817 0.01715686274509804 0.0196078431372549
0 0.7083333333333334 0.20261437908496732 0.01715686274509804 0.0392156862745098
0 0.7077205882352942 0.17320261437908496 0.01838235294117647 0.0196078431372549
0 0.7040441176470588 0.14379084967320263 0.01838235294117647 0.029411764705882353
0 0.6893382352941176 0.16094771241830066 0.011029411764705881 0.02777777777777778
0 0.7665441176470588 0.11601307189542484 0.023284313725490197 0.026143790849673203
0 0.7310049019607843 0.2034313725490196 0.013480392156862746 0.024509803921568627
0 0.7647058823529411 0.08333333333333334 0.022058823529411763 0.029411764705882353
0 0.7169117647058824 0.016339869281045753 0.01715686274509804 0.029411764705882353
0 0.6954656862745098 0.022875816993464054 0.025735294117647058 0.022875816993464054
0 0.6715686274509803 0.011437908496732027 0.0196078431372549 0.0196078431372549
0 0.7003676470588235 0.2679738562091503 0.01838235294117647 0.032679738562091505
0 0.7169117647058824 0.27450980392156865 0.01715686274509804 0.049019607843137254
0 0.7334558823529411 0.3055555555555556 0.01838235294117647 0.032679738562091505
0 0.7297794117647058 0.26552287581699346 0.011029411764705881 0.03431372549019608
0 0.7334558823529411 0.2426470588235294 0.013480392156862746 0.03431372549019608
0 0.7598039215686274 0.2638888888888889 0.014705882352941176 0.021241830065359478
0 0.7567401960784313 0.3839869281045752 0.05269607843137255 0.0784313725490196
0 0.7432598039215687 0.42483660130718953 0.015931372549019607 0.026143790849673203
0 0.7591911764705882 0.4395424836601307 0.01838235294117647 0.032679738562091505
0 0.7751225490196079 0.434640522875817 0.01838235294117647 0.029411764705882353
0 0.7475490196078431 0.2949346405228758 0.012254901960784314 0.02777777777777778
0 0.4142156862745098 0.24754901960784315 0.024509803921568627 0.03104575163398693
0 0.32965686274509803 0.02777777777777778 0.03676470588235294 0.05228758169934641
0 0.3008578431372549 0.0196078431372549 0.020833333333333332 0.032679738562091505
