0 0.5502450980392157 0.15359477124183007 0.03431372549019608 0.04575163398692811
0 0.6017156862745098 0.1315359477124183 0.022058823529411763 0.03758169934640523
0 0.6213235294117647 0.12009803921568628 0.02696078431372549 0.04411764705882353
0 0.6139705882352942 0.1781045751633987 0.024509803921568627 0.04575163398692811
0 0.633578431372549 0.16094771241830066 0.02696078431372549 0.03431372549019608
0 0.6525735294117647 0.14133986928104575 0.028186274509803922 0.04738562091503268
0 0.6727941176470588 0.16094771241830066 0.0196078431372549 0.03758169934640523
0 0.6905637254901961 0.17565359477124184 0.023284313725490197 0.04738562091503268
0 0.7071078431372549 0.16666666666666669 0.012254901960784314 0.026143790849673203
0 0.6875 0.14297385620915032 0.01715686274509804 0.024509803921568627
0 0.6691176470588235 0.12663398692810457 0.012254901960784314 0.02777777777777778
0 0.6813725490196079 0.119281045751634 0.01715686274509804 0.026143790849673203
0 0.6531862745098039 0.10784313725490197 0.014705882352941176 0.029411764705882353
0 0.6654411764705882 0.09313725490196079 0.01715686274509804 0.032679738562091505
0 0.6746323529411765 0.05473856209150327 0.023284313725490197 0.04411764705882353
0 0.6973039215686274 0.03349673202614379 0.01715686274509804 0.03431372549019608
0 0.7089460784313726 0.015522875816993464 0.01838235294117647 0.024509803921568627
0 0.696078431372549 0.0784313725490196 0.03676470588235294 0.05228758169934641
0 0.7334558823529411 0.03758169934640523 0.04779411764705882 0.049019607843137254
0 0.7175245098039216 0.12091503267973856 0.03553921568627451 0.07189542483660132
0 0.7230392156862745 0.18055555555555555 0.024509803921568627 0.04411764705882353
0 0.7205882352941176 0.21486928104575165 0.01715686274509804 0.02777777777777778
0 0.7009803921568627 0.22303921568627452 0.0196078431372549 0.03758169934640523
0 0.6881127450980392 0.2540849673202614 0.023284313725490197 0.04084967320261438
0 0.7015931372549019 0.28839869281045755 0.023284313725490197 0.04084967320261438
0 0.7236519607843137 0.2549019607843137 0.028186274509803922 0.05228758169934641
0 0.7457107843137255 0.2450980392156863 0.015931372549019607 0.03594771241830066
0 0.7432598039215687 0.2818627450980392 0.03308823529411765 0.04084967320261438
0 0.7444852941176471 0.3186274509803922 0.030637254901960783 0.03594771241830066
0 0.7683823529411764 0.30800653594771243 0.02696078431372549 0.05392156862745098
0 0.7450980392156863 0.18382352941176472 0.014705882352941176 0.02777777777777778
0 0.7886029411764706 0.28758169934640526 0.020833333333333332 0.029411764705882353
0 0.7886029411764706 0.25571895424836605 0.015931372549019607 0.03758169934640523
0 0.7720588235294118 0.25653594771241833 0.024509803921568627 0.04575163398692811
0 0.7959558823529411 0.23284313725490197 0.013480392156862746 0.03104575163398693
0 0.8063725490196079 0.24591503267973858 0.01715686274509804 0.03104575163398693
0 0.821078431372549 0.24019607843137256 0.0196078431372549 0.032679738562091505
0 0.8357843137254902 0.2622549019607843 0.014705882352941176 0.024509803921568627
0 0.772671568627451 0.21160130718954248 0.025735294117647058 0.04738562091503268
0 0.7604166666666666 0.1707516339869281 0.01838235294117647 0.03431372549019608
0 0.7493872549019608 0.13970588235294118 0.03553921568627451 0.04411764705882353
0 0.7561274509803921 0.08905228758169935 0.041666666666666664 0.06699346405228758
0 0.7659313725490196 0.04166666666666667 0.012254901960784314 0.03104575163398693
0 0.772671568627451 0.014705882352941176 0.03799019607843137 0.026143790849673203
0 0.7892156862745098 0.04330065359477124 0.031862745098039214 0.06699346405228758
0 0.7886029411764706 0.10702614379084968 0.025735294117647058 0.03758169934640523
0 0.7928921568627451 0.13316993464052287 0.01715686274509804 0.02777777777777778
0 0.8069852941176471 0.14624183006535948 0.013480392156862746 0.024509803921568627
0 0.7910539215686274 0.17892156862745098 0.04044117647058824 0.06372549019607843
0 0.8370098039215687 0.2246732026143791 0.0196078431372549 0.02777777777777778
0 0.8560049019607843 0.20833333333333334 0.013480392156862746 0.02777777777777778
0 0.8321078431372549 0.1968954248366013 0.022058823529411763 0.021241830065359478
0 0.8443627450980392 0.17401960784313725 0.012254901960784314 0.03104575163398693
0 0.8284313725490196 0.15849673202614378 0.024509803921568627 0.042483660130718956
0 0.8180147058823529 0.12826797385620917 0.015931372549019607 0.03104575163398693
0 0.8339460784313726 0.12091503267973856 0.015931372549019607 0.032679738562091505
0 0.8511029411764706 0.1315359477124183 0.01838235294117647 0.03431372549019608
0 0.803921568627451 0.07352941176470588 0.01715686274509804 0.042483660130718956
0 0.8112745098039216 0.03839869281045752 0.012254901960784314 0.02777777777777778
0 0.8272058823529411 0.0392156862745098 0.01715686274509804 0.029411764705882353
0 0.8223039215686274 0.0661764705882353 0.01715686274509804 0.03104575163398693
0 0.8094362745098039 0.01388888888888889 0.028186274509803922 0.024509803921568627
0 0.8327205882352942 0.01388888888888889 0.01838235294117647 0.024509803921568627
0 0.8529411764705882 0.03349673202614379 0.029411764705882353 0.04738562091503268
0 0.8455882352941176 0.0784313725490196 0.024509803921568627 0.0392156862745098
0 0.8731617647058824 0.1323529411764706 0.015931372549019607 0.026143790849673203
0 0.8737745098039216 0.16584967320261437 0.0196078431372549 0.03431372549019608
0 0.8952205882352942 0.1593137254901961 0.025735294117647058 0.04411764705882353
0 0.8829656862745098 0.20016339869281047 0.030637254901960783 0.021241830065359478
0 0.9074754901960784 0.19362745098039216 0.01838235294117647 0.03104575163398693
0 0.8792892156862745 0.22712418300653595 0.020833333333333332 0.029411764705882353
0 0.9080882352941176 0.2238562091503268 0.024509803921568627 0.03594771241830066
0 0.8903186274509803 0.2622549019607843 0.025735294117647058 0.03758169934640523
0 0.8670343137254902 0.2728758169934641 0.01838235294117647 0.0392156862745098
0 0.8443627450980392 0.2973856209150327 0.03676470588235294 0.06209150326797386
0 0.860906862745098 0.309640522875817 0.020833333333333332 0.04084967320261438
0 0.8780637254901961 0.31290849673202614 0.011029411764705881 0.01797385620915033
0 0.8780637254901961 0.3284313725490196 0.011029411764705881 0.016339869281045753
0 0.8854166666666666 0.3472222222222222 0.01838235294117647 0.03431372549019608
0 0.8927696078431372 0.38562091503267976 0.020833333333333332 0.042483660130718956
0 0.9160539215686274 0.3823529411764706 0.023284313725490197 0.049019607843137254
0 0.9068627450980392 0.3431372549019608 0.022058823529411763 0.029411764705882353
0 0.9068627450980392 0.29901960784313725 0.014705882352941176 0.032679738562091505
0 0.9221813725490196 0.3178104575163399 0.01838235294117647 0.02777777777777778
0 0.9240196078431372 0.2638888888888889 0.0392156862745098 0.06699346405228758
0 0.9332107843137255 0.21650326797385622 0.020833333333333332 0.03104575163398693
0 0.9430147058823529 0.19281045751633988 0.025735294117647058 0.04575163398692811
0 0.9185049019607843 0.1380718954248366 0.023284313725490197 0.03431372549019608
0 0.9411764705882353 0.14950980392156862 0.024509803921568627 0.04738562091503268
0 0.9589460784313726 0.1781045751633987 0.01838235294117647 0.049019607843137254
0 0.9650735294117647 0.2303921568627451 0.025735294117647058 0.0392156862745098
0 0.9583333333333334 0.26062091503267976 0.031862745098039214 0.02777777777777778
0 0.9724264705882353 0.2769607843137255 0.020833333333333332 0.021241830065359478
0 0.9552696078431372 0.3014705882352941 0.023284313725490197 0.04411764705882353
0 0.9828431372549019 0.3178104575163399 0.024509803921568627 0.07026143790849673
0 0.96875 0.3562091503267974 0.015931372549019607 0.042483660130718956
0 0.9791666666666666 0.38643790849673204 0.01715686274509804 0.03758169934640523
0 0.9387254901960784 0.34558823529411764 0.0392156862745098 0.06372549019607843
0 0.9528186274509803 0.39133986928104575 0.03308823529411765 0.06699346405228758
0 0.9350490196078431 0.41830065359477125 0.029411764705882353 0.042483660130718956
0 0.9197303921568627 0.4297385620915033 0.023284313725490197 0.03594771241830066
0 0.9319852941176471 0.45588235294117646 0.015931372549019607 0.029411764705882353
0 0.9325980392156863 0.4861111111111111 0.01715686274509804 0.03758169934640523
0 0.9522058823529411 0.4754901960784314 0.029411764705882353 0.07516339869281045
0 0.9742647058823529 0.43218954248366015 0.031862745098039214 0.06699346405228758
0 0.9822303921568627 0.4763071895424837 0.03553921568627451 0.03104575163398693
0 0.9503676470588235 0.5236928104575164 0.03799019607843137 0.04411764705882353
0 0.9932598039215687 0.2581699346405229 0.013480392156862746 0.05555555555555556
0 0.9785539215686274 0.20833333333333334 0.01838235294117647 0.04411764705882353
0 0.9938725490196079 0.2107843137254902 0.012254901960784314 0.049019607843137254
0 0.9865196078431372 0.16013071895424838 0.02696078431372549 0.05228758169934641
0 0.9871323529411764 0.12990196078431374 0.025735294117647058 0.03104575163398693
0 0.9528186274509803 0.11437908496732027 0.01838235294117647 0.032679738562091505
0 0.9485294117647058 0.08415032679738563 0.02696078431372549 0.021241830065359478
0 0.9963235294117647 0.09885620915032681 0.007352941176470588 0.03758169934640523
0 0.9816176470588235 0.08741830065359478 0.029411764705882353 0.05065359477124183
0 0.9552696078431372 0.059640522875817 0.03308823529411765 0.03104575163398693
0 0.9791666666666666 0.03022875816993464 0.01715686274509804 0.03431372549019608
0 0.960171568627451 0.025326797385620915 0.01838235294117647 0.03758169934640523
0 0.9178921568627451 0.06944444444444445 0.0196078431372549 0.04411764705882353
0 0.9031862745098039 0.08741830065359478 0.014705882352941176 0.02777777777777778
0 0.8988970588235294 0.06127450980392157 0.015931372549019607 0.03431372549019608
0 0.8774509803921569 0.08660130718954248 0.03431372549019608 0.06209150326797386
0 0.928921568627451 0.028594771241830068 0.029411764705882353 0.04738562091503268
0 0.892156862745098 0.025326797385620915 0.0392156862745098 0.04738562091503268
0 0.985906862745098 0.5098039215686274 0.028186274509803922 0.03594771241830066
0 0.9730392156862745 0.5326797385620915 0.01715686274509804 0.026143790849673203
0 0.9840686274509803 0.5669934640522876 0.031862745098039214 0.07189542483660132
0 0.9883578431372549 0.6086601307189543 0.023284313725490197 0.021241830065359478
0 0.9938725490196079 0.6364379084967321 0.012254901960784314 0.03431372549019608
0 0.9950980392156863 0.6699346405228759 0.00980392156862745 0.026143790849673203
0 0.9669117647058824 0.6462418300653595 0.041666666666666664 0.06699346405228758
0 0.9932598039215687 0.7336601307189543 0.013480392156862746 0.0784313725490196
0 0.9736519607843137 0.7099673202614379 0.030637254901960783 0.07352941176470588
0 0.9515931372549019 0.7107843137254902 0.01838235294117647 0.042483660130718956
0 0.9111519607843137 0.7663398692810458 0.01838235294117647 0.042483660130718956
0 0.928921568627451 0.7712418300653595 0.02696078431372549 0.06535947712418301
0 0.9662990196078431 0.7785947712418301 0.04534313725490196 0.06699346405228758
0 0.9522058823529411 0.8284313725490197 0.03431372549019608 0.06862745098039216
0 0.9926470588235294 0.8006535947712419 0.012254901960784314 0.026143790849673203
0 0.9779411764705882 0.8186274509803921 0.014705882352941176 0.013071895424836602
0 0.9877450980392156 0.8398692810457516 0.012254901960784314 0.032679738562091505
0 0.9950980392156863 0.8839869281045752 0.00980392156862745 0.03594771241830066
0 0.9730392156862745 0.8627450980392157 0.014705882352941176 0.026143790849673203
0 0.9540441176470588 0.9003267973856209 0.028186274509803922 0.06535947712418301
0 0.9117647058823529 0.8651960784313726 0.0196078431372549 0.03758169934640523
0 0.9932598039215687 0.9158496732026145 0.011029411764705881 0.03104575163398693
0 0.9840686274509803 0.9436274509803921 0.022058823529411763 0.03104575163398693
0 0.9846813725490196 0.977124183006536 0.030637254901960783 0.04575163398692811
0 0.9595588235294118 0.9640522875816994 0.03431372549019608 0.06535947712418301
0 0.9356617647058824 0.9477124183006537 0.015931372549019607 0.032679738562091505
0 0.923406862745098 0.9877450980392157 0.015931372549019607 0.024509803921568627
0 0.9093137254901961 0.9901960784313726 0.01715686274509804 0.016339869281045753
