0 0.05392156862745098 0.21895424836601307 0.031862745098039214 0.032679738562091505
0 0.017769607843137254 0.22712418300653595 0.023284313725490197 0.03594771241830066
0 0.011029411764705881 0.25326797385620914 0.0196078431372549 0.0196078431372549
0 0.042279411764705885 0.2647058823529412 0.025735294117647058 0.049019607843137254
0 0.015318627450980392 0.2826797385620915 0.028186274509803922 0.029411764705882353
0 0.05269607843137255 0.3112745098039216 0.024509803921568627 0.05065359477124183
0 0.04656862745098039 0.34477124183006536 0.022058823529411763 0.0392156862745098
0 0.07659313725490197 0.3415032679738562 0.030637254901960783 0.03594771241830066
0 0.10416666666666667 0.3619281045751634 0.022058823529411763 0.04411764705882353
0 0.020833333333333332 0.32107843137254904 0.02696078431372549 0.05392156862745098
0 0.00980392156862745 0.3643790849673203 0.01715686274509804 0.03594771241830066
0 0.03370098039215686 0.37990196078431376 0.01838235294117647 0.04411764705882353
0 0.04779411764705882 0.375 0.0196078431372549 0.03431372549019608
0 0.0821078431372549 0.3937908496732026 0.022058823529411763 0.03594771241830066
0 0.05698529411764706 0.4150326797385621 0.03799019607843137 0.029411764705882353
0 0.08700980392156862 0.43137254901960786 0.03431372549019608 0.026143790849673203
0 0.05392156862745098 0.4419934640522876 0.02696078431372549 0.02777777777777778
0 0.06556372549019608 0.4803921568627451 0.04044117647058824 0.0392156862745098
0 0.09865196078431372 0.46568627450980393 0.03799019607843137 0.0392156862745098
0 0.09436274509803921 0.49836601307189543 0.02696078431372549 0.032679738562091505
0 0.13174019607843138 0.4861111111111111 0.03308823529411765 0.04411764705882353
0 0.12316176470588235 0.5277777777777778 0.030637254901960783 0.042483660130718956
0 0.020833333333333332 0.4395424836601307 0.0392156862745098 0.0784313725490196
0 0.03308823529411765 0.4901960784313726 0.022058823529411763 0.0392156862745098
0 0.05024509803921569 0.5326797385620915 0.02696078431372549 0.032679738562091505
0 0.010416666666666666 0.5531045751633987 0.01838235294117647 0.05065359477124183
0 0.022058823529411763 0.5465686274509804 0.014705882352941176 0.03431372549019608
0 0.031862745098039214 0.5743464052287582 0.024509803921568627 0.03104575163398693
0 0.012867647058823529 0.5049019607843137 0.023284313725490197 0.04575163398692811
0 0.07720588235294118 0.5326797385620915 0.029411764705882353 0.042483660130718956
0 0.10784313725490197 0.5547385620915033 0.029411764705882353 0.03104575163398693
0 0.14154411764705882 0.5694444444444444 0.025735294117647058 0.03758169934640523
0 0.1758578431372549 0.5490196078431373 0.030637254901960783 0.029411764705882353
0 0.20588235294117646 0.5416666666666666 0.024509803921568627 0.05065359477124183
0 0.04963235294117647 0.6029411764705882 0.030637254901960783 0.03594771241830066
0 0.04656862745098039 0.6364379084967321 0.02696078431372549 0.02777777777777778
0 0.017769607843137254 0.6241830065359477 0.03308823529411765 0.0784313725490196
0 0.04044117647058824 0.6748366013071896 0.044117647058823525 0.03594771241830066
0 0.0821078431372549 0.5939542483660131 0.03676470588235294 0.08006535947712419
0 0.11887254901960784 0.6062091503267975 0.044117647058823525 0.05228758169934641
0 0.16176470588235295 0.5898692810457516 0.029411764705882353 0.042483660130718956
0 0.14644607843137256 0.6290849673202614 0.015931372549019607 0.032679738562091505
0 0.18995098039215685 0.5980392156862745 0.022058823529411763 0.049019607843137254
0 0.2383578431372549 0.5996732026143791 0.04779411764705882 0.03594771241830066
0 0.20833333333333334 0.6364379084967321 0.022058823529411763 0.05392156862745098
0 0.23223039215686275 0.6421568627450981 0.030637254901960783 0.05228758169934641
0 0.258578431372549 0.6429738562091504 0.02696078431372549 0.05392156862745098
0 0.018995098039215685 0.7083333333333334 0.03553921568627451 0.04411764705882353
0 0.10049019607843138 0.6617647058823529 0.041666666666666664 0.0784313725490196
0 0.13541666666666666 0.6723856209150327 0.01838235294117647 0.04738562091503268
0 0.17769607843137256 0.6511437908496732 0.0392156862745098 0.06699346405228758
0 0.1605392156862745 0.6928104575163399 0.029411764705882353 0.042483660130718956
0 0.11948529411764705 0.7034313725490197 0.023284313725490197 0.021241830065359478
0 0.125 0.7336601307189543 0.014705882352941176 0.029411764705882353
0 0.14522058823529413 0.7140522875816994 0.030637254901960783 0.026143790849673203
0 0.15134803921568626 0.7434640522875817 0.020833333333333332 0.029411764705882353
0 0.1801470588235294 0.7254901960784313 0.0196078431372549 0.049019607843137254
0 0.18872549019607843 0.7647058823529412 0.024509803921568627 0.029411764705882353
0 0.2150735294117647 0.7761437908496732 0.028186274509803922 0.032679738562091505
0 0.22794117647058823 0.7450980392156863 0.02696078431372549 0.0392156862745098
0 0.21568627450980393 0.6919934640522876 0.02696078431372549 0.057189542483660136
0 0.24080882352941177 0.684640522875817 0.01838235294117647 0.029411764705882353
0 0.2463235294117647 0.7263071895424836 0.029411764705882353 0.04411764705882353
0 0.27267156862745096 0.7017973856209151 0.03308823529411765 0.057189542483660136
0 0.3002450980392157 0.6911764705882353 0.029411764705882353 0.06535947712418301
0 0.2818627450980392 0.7540849673202614 0.029411764705882353 0.05392156862745098
0 0.3118872549019608 0.7467320261437909 0.025735294117647058 0.04575163398692811
0 0.3394607843137255 0.7630718954248367 0.024509803921568627 0.042483660130718956
0 0.29044117647058826 0.7933006535947713 0.02696078431372549 0.03104575163398693
0 0.31862745098039214 0.8169934640522876 0.024509803921568627 0.0392156862745098
0 0.3431372549019608 0.8513071895424836 0.0196078431372549 0.03594771241830066
0 0.3700980392156863 0.8202614379084967 0.04656862745098039 0.05555555555555556
0 0.3639705882352941 0.8660130718954249 0.029411764705882353 0.058823529411764705
0 0.39828431372549017 0.8782679738562091 0.044117647058823525 0.04084967320261438
0 0.3903186274509804 0.9003267973856209 0.03553921568627451 0.022875816993464054
0 0.28308823529411764 0.8251633986928105 0.044117647058823525 0.032679738562091505
0 0.27144607843137253 0.8676470588235294 0.01838235294117647 0.04575163398692811
0 0.29534313725490197 0.8684640522875817 0.022058823529411763 0.05392156862745098
0 0.3241421568627451 0.8594771241830066 0.0428921568627451 0.049019607843137254
0 0.33088235294117646 0.9003267973856209 0.031862745098039214 0.029411764705882353
0 0.36151960784313725 0.9199346405228759 0.024509803921568627 0.0392156862745098
0 0.39276960784313725 0.9313725490196079 0.023284313725490197 0.032679738562091505
0 0.3829656862745098 0.9517973856209151 0.020833333333333332 0.02777777777777778
0 0.36703431372549017 0.9640522875816994 0.01838235294117647 0.0392156862745098
0 0.4013480392156863 0.9787581699346406 0.020833333333333332 0.029411764705882353
0 0.38174019607843135 0.9877450980392157 0.01838235294117647 0.024509803921568627
0 0.4270833333333333 0.9550653594771242 0.04044117647058824 0.06372549019607843
0 0.3112745098039216 0.9787581699346406 0.03676470588235294 0.042483660130718956
0 0.2928921568627451 0.9093137254901961 0.02696078431372549 0.04084967320261438
0 0.24509803921568626 0.8022875816993464 0.0661764705882353 0.04575163398692811
0 0.24816176470588236 0.8627450980392157 0.028186274509803922 0.03594771241830066
0 0.25306372549019607 0.9044117647058824 0.015931372549019607 0.04738562091503268
0 0.2763480392156863 0.9272875816993464 0.023284313725490197 0.03431372549019608
0 0.23529411764705882 0.9330065359477124 0.031862745098039214 0.026143790849673203
0 0.23774509803921567 0.9599673202614379 0.03431372549019608 0.02777777777777778
0 0.26286764705882354 0.9705882352941176 0.020833333333333332 0.032679738562091505
0 0.24019607843137256 0.988562091503268 0.041666666666666664 0.022875816993464054
0 0.21629901960784315 0.8570261437908497 0.030637254901960783 0.02777777777777778
0 0.1948529411764706 0.8316993464052288 0.049019607843137254 0.032679738562091505
0 0.18995098039215685 0.7973856209150327 0.03431372549019608 0.03594771241830066
0 0.16911764705882354 0.8112745098039216 0.024509803921568627 0.01797385620915033
0 0.16666666666666666 0.8439542483660131 0.0196078431372549 0.04084967320261438
0 0.22120098039215685 0.9011437908496732 0.015931372549019607 0.03758169934640523
0 0.19791666666666666 0.8758169934640523 0.04534313725490196 0.03594771241830066
0 0.1997549019607843 0.9509803921568628 0.03676470588235294 0.08496732026143791
0 0.16176470588235295 0.923202614379085 0.029411764705882353 0.026143790849673203
0 0.06372549019607843 0.8741830065359477 0.044117647058823525 0.0784313725490196
0 0.023284313725490197 0.7687908496732027 0.03431372549019608 0.08006535947712419
0 0.024509803921568627 0.8464052287581699 0.03431372549019608 0.06209150326797386
0 0.09375 0.9419934640522876 0.030637254901960783 0.08333333333333334
0 0.12438725490196079 0.9689542483660131 0.023284313725490197 0.03594771241830066
0 0.12806372549019607 0.9248366013071896 0.028186274509803922 0.022875816993464054
0 0.12745098039215685 0.8758169934640523 0.0196078431372549 0.05228758169934641
0 0.15502450980392157 0.8839869281045752 0.023284313725490197 0.05228758169934641
0 0.15502450980392157 0.9640522875816994 0.06004901960784314 0.06535947712418301
0 0.05759803921568627 0.7271241830065359 0.041666666666666664 0.06209150326797386
0 0.0661764705882353 0.7957516339869282 0.05392156862745098 0.06209150326797386
0 0.09803921568627451 0.8243464052287582 0.024509803921568627 0.06699346405228758
0 0.09497549019607843 0.7532679738562091 0.04044117647058824 0.07516339869281045
0 0.14399509803921567 0.792483660130719 0.030637254901960783 0.029411764705882353
0 0.14276960784313725 0.8447712418300654 0.028186274509803922 0.0392156862745098
