0 0.2653186274509804 0.03594771241830066 0.025735294117647058 0.026143790849673203
0 0.27818627450980393 0.01388888888888889 0.022058823529411763 0.021241830065359478
0 0.29044117647058826 0.02777777777777778 0.0196078431372549 0.0196078431372549
0 0.3088235294117647 0.03758169934640523 0.0196078431372549 0.0196078431372549
0 0.3278186274509804 0.03349673202614379 0.013480392156862746 0.03104575163398693
0 0.34129901960784315 0.031862745098039214 0.013480392156862746 0.02777777777777778
0 0.3805147058823529 0.06372549019607843 0.03308823529411765 0.032679738562091505
0 0.3676470588235294 0.03022875816993464 0.041666666666666664 0.03758169934640523
0 0.34375 0.008986928104575164 0.013480392156862746 0.014705882352941176
0 0.35661764705882354 0.008169934640522876 0.014705882352941176 0.013071895424836602
0 0.39828431372549017 0.03431372549019608 0.022058823529411763 0.032679738562091505
0 0.4332107843137255 0.06944444444444445 0.04044117647058824 0.03758169934640523
0 0.40379901960784315 0.011437908496732027 0.04779411764705882 0.0196078431372549
0 0.4362745098039216 0.010620915032679739 0.029411764705882353 0.01797385620915033
0 0.45588235294117646 0.011437908496732027 0.014705882352941176 0.0196078431372549
0 0.4730392156862745 0.007352941176470588 0.022058823529411763 0.011437908496732027
0 0.48284313725490197 0.02696078431372549 0.01715686274509804 0.024509803921568627
0 0.4791666666666667 0.05065359477124183 0.022058823529411763 0.026143790849673203
0 0.4638480392156863 0.029411764705882353 0.01838235294117647 0.026143790849673203
0 0.4362745098039216 0.03349673202614379 0.041666666666666664 0.024509803921568627
0 0.45098039215686275 0.05555555555555556 0.022058823529411763 0.0196078431372549
0 0.4650735294117647 0.06535947712418301 0.015931372549019607 0.029411764705882353
0 0.5238970588235294 0.07679738562091504 0.028186274509803922 0.026143790849673203
0 0.4852941176470588 0.1781045751633987 0.041666666666666664 0.042483660130718956
0 0.5778186274509803 0.09722222222222222 0.023284313725490197 0.024509803921568627
0 0.5784313725490196 0.07598039215686275 0.022058823529411763 0.01797385620915033
0 0.6060049019607843 0.08823529411764706 0.03553921568627451 0.0392156862745098
0 0.6041666666666666 0.05555555555555556 0.022058823529411763 0.029411764705882353
0 0.6084558823529411 0.031862745098039214 0.023284313725490197 0.021241830065359478
0 0.6231617647058824 0.059640522875817 0.01838235294117647 0.01797385620915033
0 0.6280637254901961 0.014705882352941176 0.028186274509803922 0.022875816993464054
0 0.6580882352941176 0.008986928104575164 0.02696078431372549 0.014705882352941176
0 0.6488970588235294 0.03104575163398693 0.03799019607843137 0.026143790849673203
0 0.6243872549019608 0.04166666666666667 0.01838235294117647 0.01797385620915033
0 0.6482843137254902 0.05147058823529412 0.0196078431372549 0.014705882352941176
0 0.6672794117647058 0.049836601307189546 0.023284313725490197 0.02777777777777778
0 0.6605392156862745 0.09395424836601307 0.024509803921568627 0.01797385620915033
0 0.6672794117647058 0.07761437908496732 0.01838235294117647 0.021241830065359478
0 0.6813725490196079 0.06862745098039216 0.0196078431372549 0.022875816993464054
0 0.6397058823529411 0.08088235294117647 0.03676470588235294 0.03104575163398693
0 0.6887254901960784 0.09477124183006536 0.03431372549019608 0.032679738562091505
0 0.6997549019607843 0.07679738562091504 0.024509803921568627 0.022875816993464054
0 0.7009803921568627 0.04656862745098039 0.029411764705882353 0.03104575163398693
0 0.735906862745098 0.07026143790849673 0.0428921568627451 0.04575163398692811
0 0.7598039215686274 0.09150326797385622 0.029411764705882353 0.026143790849673203
0 0.7297794117647058 0.10457516339869281 0.020833333333333332 0.022875816993464054
0 0.7555147058823529 0.11029411764705882 0.025735294117647058 0.021241830065359478
0 0.7689950980392157 0.06944444444444445 0.023284313725490197 0.02777777777777778
0 0.7892156862745098 0.049836601307189546 0.022058823529411763 0.04084967320261438
0 0.8376225490196079 0.06535947712418301 0.028186274509803922 0.03594771241830066
