0 0.6299019607843137 0.04963235294117647 0.04084967320261438 0.0428921568627451
0 0.6397058823529412 0.09191176470588235 0.02777777777777778 0.02696078431372549
0 0.571078431372549 0.11090686274509803 0.02777777777777778 0.028186274509803922
0 0.5964052287581699 0.08639705882352941 0.07189542483660132 0.07475490196078431
0 0.6258169934640523 0.2113970588235294 0.07189542483660132 0.07475490196078431
0 0.6421568627450981 0.23590686274509803 0.022875816993464054 0.028186274509803922
0 0.6053921568627452 0.2653186274509804 0.02777777777777778 0.030637254901960783
0 0.6241830065359477 0.40379901960784315 0.08169934640522876 0.06740196078431372
0 0.6241830065359477 0.4528186274509804 0.042483660130718956 0.028186274509803922
0 0.7124183006535948 0.5134803921568627 0.029411764705882353 0.03431372549019608
0 0.7794117647058824 0.53125 0.022875816993464054 0.025735294117647058
0 0.7875816993464052 0.553921568627451 0.03594771241830066 0.022058823529411763
0 0.7377450980392157 0.5422794117647058 0.03431372549019608 0.03799019607843137
0 0.6936274509803921 0.571078431372549 0.02777777777777778 0.031862745098039214
0 0.7124183006535948 0.5968137254901961 0.029411764705882353 0.022058823529411763
0 0.7410130718954249 0.5839460784313726 0.04084967320261438 0.04779411764705882
0 0.7712418300653595 0.5906862745098039 0.032679738562091505 0.029411764705882353
0 0.8071895424836601 0.5949754901960784 0.0196078431372549 0.023284313725490197
0 0.8300653594771242 0.6053921568627451 0.026143790849673203 0.03431372549019608
0 0.8651960784313726 0.616421568627451 0.02777777777777778 0.03676470588235294
0 0.9011437908496732 0.585171568627451 0.04084967320261438 0.04534313725490196
0 0.9125816993464052 0.6207107843137255 0.024509803921568627 0.025735294117647058
0 0.9722222222222222 0.6966911764705882 0.0196078431372549 0.030637254901960783
0 0.9338235294117647 0.7138480392156863 0.024509803921568627 0.03553921568627451
0 0.9158496732026145 0.6868872549019608 0.01797385620915033 0.03308823529411765
0 0.8766339869281046 0.647671568627451 0.021241830065359478 0.028186274509803922
0 0.8455882352941176 0.6537990196078431 0.03431372549019608 0.03553921568627451
0 0.857843137254902 0.7022058823529411 0.04575163398692811 0.051470588235294115
0 0.869281045751634 0.7426470588235294 0.029411764705882353 0.029411764705882353
0 0.8227124183006537 0.7285539215686274 0.04738562091503268 0.03308823529411765
0 0.7973856209150327 0.6985294117647058 0.0392156862745098 0.05392156862745098
0 0.792483660130719 0.6433823529411765 0.05555555555555556 0.06372549019607843
0 0.75 0.6973039215686274 0.05555555555555556 0.051470588235294115
0 0.7589869281045751 0.6507352941176471 0.021241830065359478 0.022058823529411763
0 0.7377450980392157 0.6580882352941176 0.021241830065359478 0.024509803921568627
0 0.7483660130718954 0.6158088235294118 0.032679738562091505 0.023284313725490197
0 0.7246732026143791 0.6243872549019608 0.021241830065359478 0.030637254901960783
0 0.6952614379084967 0.6305147058823529 0.03104575163398693 0.030637254901960783
0 0.7091503267973857 0.664828431372549 0.04575163398692811 0.04534313725490196
0 0.684640522875817 0.7150735294117647 0.026143790849673203 0.028186274509803922
0 0.6740196078431373 0.7438725490196079 0.04084967320261438 0.029411764705882353
0 0.6772875816993464 0.7818627450980392 0.04738562091503268 0.031862745098039214
0 0.815359477124183 0.8560049019607843 0.029411764705882353 0.028186274509803922
0 0.7900326797385621 0.860906862745098 0.024509803921568627 0.028186274509803922
0 0.8790849673202614 0.9221813725490196 0.026143790849673203 0.030637254901960783
0 0.6781045751633987 0.9558823529411764 0.049019607843137254 0.044117647058823525
0 0.571078431372549 0.985906862745098 0.03758169934640523 0.01838235294117647
0 0.7728758169934641 0.9797794117647058 0.029411764705882353 0.03308823529411765
0 0.8088235294117647 0.9840686274509803 0.029411764705882353 0.029411764705882353
0 0.7148692810457516 0.9754901960784313 0.024509803921568627 0.0196078431372549
0 0.6560457516339869 0.9901960784313726 0.02777777777777778 0.014705882352941176
0 0.6282679738562091 0.9889705882352942 0.01797385620915033 0.014705882352941176
0 0.8513071895424836 0.9950980392156863 0.029411764705882353 0.00980392156862745
0 0.8660130718954249 0.4736519607843137 0.03594771241830066 0.030637254901960783
0 0.8970588235294118 0.4950980392156863 0.0392156862745098 0.049019607843137254
0 0.9452614379084968 0.5067401960784313 0.024509803921568627 0.030637254901960783
0 0.9632352941176471 0.49816176470588236 0.021241830065359478 0.025735294117647058
0 0.9321895424836601 0.4681372549019608 0.014705882352941176 0.02696078431372549
0 0.9591503267973857 0.47181372549019607 0.022875816993464054 0.012254901960784314
0 0.888888888888889 0.4375 0.0196078431372549 0.0196078431372549
0 0.9640522875816994 0.4411764705882353 0.029411764705882353 0.03431372549019608
0 0.9738562091503268 0.3756127450980392 0.0196078431372549 0.030637254901960783
0 0.977124183006536 0.31556372549019607 0.022875816993464054 0.030637254901960783
0 0.9656862745098039 0.29105392156862747 0.016339869281045753 0.023284313725490197
0 0.9387254901960784 0.4375 0.024509803921568627 0.031862745098039214
0 0.8660130718954249 0.39767156862745096 0.058823529411764705 0.0625
0 0.9027777777777778 0.3897058823529412 0.02777777777777778 0.024509803921568627
0 0.923202614379085 0.3676470588235294 0.016339869281045753 0.0196078431372549
0 0.8946078431372549 0.34681372549019607 0.03758169934640523 0.044117647058823525
0 0.9452614379084968 0.39338235294117646 0.057189542483660136 0.06372549019607843
0 0.9330065359477124 0.32598039215686275 0.049019607843137254 0.06372549019607843
0 0.8921568627450981 0.30330882352941174 0.04575163398692811 0.03308823529411765
0 0.875 0.2818627450980392 0.01797385620915033 0.024509803921568627
0 0.8316993464052288 0.31862745098039214 0.058823529411764705 0.061274509803921566
0 0.9044117647058824 0.2647058823529412 0.03431372549019608 0.03676470588235294
0 0.9746732026143791 0.2622549019607843 0.03431372549019608 0.04656862745098039
0 0.9419934640522876 0.26715686274509803 0.03758169934640523 0.05392156862745098
0 0.9550653594771242 0.22426470588235295 0.01797385620915033 0.029411764705882353
0 0.9852941176470589 0.20955882352941177 0.022875816993464054 0.029411764705882353
0 0.9395424836601307 0.19914215686274508 0.022875816993464054 0.025735294117647058
0 0.9215686274509804 0.22916666666666666 0.03594771241830066 0.029411764705882353
0 0.8986928104575164 0.21568627450980393 0.0392156862745098 0.024509803921568627
0 0.8782679738562091 0.2512254901960784 0.03758169934640523 0.04656862745098039
0 0.8366013071895425 0.26409313725490197 0.05555555555555556 0.0428921568627451
0 0.8431372549019608 0.2310049019607843 0.03594771241830066 0.030637254901960783
0 0.8741830065359477 0.19607843137254902 0.026143790849673203 0.02696078431372549
0 0.8995098039215687 0.18566176470588236 0.03431372549019608 0.028186274509803922
0 0.8194444444444444 0.20649509803921567 0.057189542483660136 0.04779411764705882
0 0.9468954248366014 0.1758578431372549 0.03104575163398693 0.025735294117647058
0 0.9803921568627452 0.15134803921568626 0.0392156862745098 0.05759803921568627
0 0.9428104575163399 0.14583333333333334 0.0196078431372549 0.02696078431372549
0 0.9142156862745099 0.15931372549019607 0.03758169934640523 0.04656862745098039
0 0.8774509803921569 0.14705882352941177 0.03594771241830066 0.049019607843137254
0 0.8398692810457516 0.1642156862745098 0.07189542483660132 0.04656862745098039
0 0.8071895424836601 0.12622549019607843 0.032679738562091505 0.03676470588235294
0 0.8366013071895425 0.12193627450980392 0.032679738562091505 0.03308823529411765
0 0.857843137254902 0.1096813725490196 0.029411764705882353 0.030637254901960783
0 0.9256535947712419 0.1017156862745098 0.02777777777777778 0.029411764705882353
0 0.9844771241830066 0.11458333333333333 0.014705882352941176 0.01838235294117647
0 0.9509803921568628 0.10723039215686274 0.0196078431372549 0.03553921568627451
0 0.7990196078431373 0.09620098039215687 0.029411764705882353 0.028186274509803922
0 0.7957516339869282 0.07230392156862744 0.03594771241830066 0.024509803921568627
0 0.829248366013072 0.08088235294117647 0.03104575163398693 0.03431372549019608
0 0.8594771241830066 0.05514705882352941 0.026143790849673203 0.03431372549019608
0 0.8815359477124183 0.09497549019607843 0.03431372549019608 0.04044117647058824
0 0.8978758169934641 0.06985294117647059 0.03758169934640523 0.031862745098039214
0 0.9256535947712419 0.05514705882352941 0.03431372549019608 0.041666666666666664
0 0.9640522875816994 0.05759803921568627 0.0392156862745098 0.0661764705882353
0 0.9918300653594772 0.04105392156862745 0.016339869281045753 0.04044117647058824
0 0.977124183006536 0.018995098039215685 0.029411764705882353 0.03553921568627451
0 0.9411764705882353 0.017769607843137254 0.0392156862745098 0.030637254901960783
0 0.8766339869281046 0.017769607843137254 0.02777777777777778 0.03308823529411765
0 0.8341503267973857 0.044730392156862746 0.03431372549019608 0.03308823529411765
0 0.7908496732026145 0.044730392156862746 0.026143790849673203 0.030637254901960783
0 0.8374183006535948 0.015318627450980392 0.04411764705882353 0.028186274509803922
0 0.7867647058823529 0.014705882352941176 0.06045751633986928 0.02696078431372549
