0 0.014705882352941176 0.0392156862745098 0.02696078431372549 0.029411764705882353
0 0.05698529411764706 0.021241830065359478 0.020833333333333332 0.0196078431372549
0 0.04534313725490196 0.035130718954248366 0.024509803921568627 0.024509803921568627
0 0.0392156862745098 0.049836601307189546 0.0196078431372549 0.021241830065359478
0 0.03370098039215686 0.0661764705882353 0.023284313725490197 0.01797385620915033
0 0.013480392156862746 0.0661764705882353 0.024509803921568627 0.024509803921568627
0 0.01715686274509804 0.09313725490196079 0.0196078431372549 0.029411764705882353
0 0.011029411764705881 0.12418300653594772 0.0196078431372549 0.032679738562091505
0 0.03002450980392157 0.11601307189542484 0.020833333333333332 0.0196078431372549
0 0.049019607843137254 0.119281045751634 0.024509803921568627 0.016339869281045753
0 0.04779411764705882 0.0923202614379085 0.04656862745098039 0.03431372549019608
0 0.05759803921568627 0.1323529411764706 0.024509803921568627 0.022875816993464054
0 0.07291666666666667 0.1527777777777778 0.03553921568627451 0.02777777777777778
0 0.10294117647058823 0.1503267973856209 0.01715686274509804 0.026143790849673203
0 0.0821078431372549 0.13643790849673204 0.02696078431372549 0.01797385620915033
0 0.08455882352941177 0.119281045751634 0.031862745098039214 0.0196078431372549
0 0.09191176470588235 0.10212418300653595 0.02696078431372549 0.014705882352941176
0 0.1170343137254902 0.12826797385620917 0.04044117647058824 0.02777777777777778
0 0.11519607843137254 0.10375816993464053 0.02696078431372549 0.024509803921568627
0 0.13357843137254902 0.10620915032679738 0.0196078431372549 0.0196078431372549
0 0.09252450980392157 0.07924836601307189 0.03308823529411765 0.024509803921568627
0 0.06678921568627451 0.06290849673202614 0.04044117647058824 0.02777777777777778
0 0.08946078431372549 0.05555555555555556 0.031862745098039214 0.026143790849673203
0 0.0704656862745098 0.03839869281045752 0.015931372549019607 0.01797385620915033
0 0.0974264705882353 0.03594771241830066 0.04044117647058824 0.029411764705882353
0 0.08026960784313725 0.0196078431372549 0.028186274509803922 0.016339869281045753
0 0.12990196078431374 0.026143790849673203 0.024509803921568627 0.016339869281045753
0 0.11948529411764705 0.04575163398692811 0.03308823529411765 0.022875816993464054
0 0.15379901960784315 0.04575163398692811 0.030637254901960783 0.026143790849673203
0 0.12867647058823528 0.07352941176470588 0.041666666666666664 0.0392156862745098
0 0.16299019607843138 0.13071895424836602 0.029411764705882353 0.0196078431372549
0 0.15012254901960784 0.11437908496732027 0.023284313725490197 0.022875816993464054
0 0.17034313725490197 0.10294117647058824 0.01715686274509804 0.029411764705882353
0 0.1868872549019608 0.10947712418300654 0.025735294117647058 0.0196078431372549
0 0.15870098039215685 0.07679738562091504 0.023284313725490197 0.042483660130718956
0 0.18443627450980393 0.08333333333333334 0.020833333333333332 0.022875816993464054
0 0.20404411764705882 0.08741830065359478 0.020833333333333332 0.01797385620915033
0 0.1838235294117647 0.06290849673202614 0.024509803921568627 0.01797385620915033
0 0.18321078431372548 0.03022875816993464 0.023284313725490197 0.024509803921568627
0 0.21017156862745098 0.06699346405228758 0.028186274509803922 0.022875816993464054
0 0.20098039215686275 0.04656862745098039 0.03431372549019608 0.024509803921568627
0 0.21323529411764705 0.03022875816993464 0.02696078431372549 0.021241830065359478
0 0.22549019607843138 0.015522875816993464 0.022058823529411763 0.01797385620915033
0 0.2267156862745098 0.08333333333333334 0.024509803921568627 0.022875816993464054
0 0.2426470588235294 0.06699346405228758 0.029411764705882353 0.022875816993464054
0 0.22977941176470587 0.049019607843137254 0.025735294117647058 0.022875816993464054
0 0.2549019607843137 0.04411764705882353 0.022058823529411763 0.022875816993464054
0 0.2653186274509804 0.02777777777777778 0.020833333333333332 0.0196078431372549
0 0.24080882352941177 0.02777777777777778 0.028186274509803922 0.016339869281045753
0 0.24142156862745098 0.10294117647058824 0.03676470588235294 0.0392156862745098
0 0.2763480392156863 0.10620915032679738 0.03799019607843137 0.03594771241830066
0 0.26715686274509803 0.08333333333333334 0.02696078431372549 0.022875816993464054
0 0.3002450980392157 0.08823529411764706 0.029411764705882353 0.026143790849673203
0 0.28308823529411764 0.05310457516339869 0.051470588235294115 0.03758169934640523
0 0.3180147058823529 0.11111111111111112 0.028186274509803922 0.0196078431372549
0 0.3314950980392157 0.08823529411764706 0.03553921568627451 0.026143790849673203
0 0.3553921568627451 0.08496732026143791 0.022058823529411763 0.026143790849673203
0 0.34558823529411764 0.06290849673202614 0.024509803921568627 0.01797385620915033
0 0.3229166666666667 0.05800653594771242 0.028186274509803922 0.024509803921568627
0 0.2959558823529412 0.018790849673202614 0.025735294117647058 0.021241830065359478
0 0.3333333333333333 0.02369281045751634 0.04656862745098039 0.03758169934640523
0 0.3909313725490196 0.09068627450980392 0.0392156862745098 0.03758169934640523
0 0.36151960784313725 0.049019607843137254 0.029411764705882353 0.029411764705882353
0 0.4178921568627451 0.09803921568627451 0.029411764705882353 0.026143790849673203
0 0.46017156862745096 0.10130718954248366 0.023284313725490197 0.022875816993464054
0 0.43995098039215685 0.0857843137254902 0.02696078431372549 0.01797385620915033
0 0.3958333333333333 0.06454248366013073 0.024509803921568627 0.01797385620915033
0 0.3915441176470588 0.04575163398692811 0.030637254901960783 0.022875816993464054
0 0.3860294117647059 0.02042483660130719 0.044117647058823525 0.03104575163398693
0 0.41299019607843135 0.03431372549019608 0.0196078431372549 0.03594771241830066
0 0.4172794117647059 0.0661764705882353 0.03799019607843137 0.024509803921568627
0 0.48651960784313725 0.10620915032679738 0.024509803921568627 0.032679738562091505
0 0.5091911764705882 0.09885620915032681 0.030637254901960783 0.02777777777777778
0 0.4736519607843137 0.07516339869281045 0.028186274509803922 0.0196078431372549
0 0.4485294117647059 0.06862745098039216 0.024509803921568627 0.016339869281045753
0 0.4613970588235294 0.04575163398692811 0.03553921568627451 0.022875816993464054
0 0.4325980392156863 0.04820261437908497 0.02696078431372549 0.01797385620915033
0 0.4338235294117647 0.02777777777777778 0.0392156862745098 0.032679738562091505
0 0.5006127450980392 0.059640522875817 0.05514705882352941 0.04084967320261438
0 0.4987745098039216 0.03022875816993464 0.01715686274509804 0.021241830065359478
0 0.4840686274509804 0.024509803921568627 0.022058823529411763 0.0196078431372549
0 0.4675245098039216 0.013071895424836602 0.023284313725490197 0.016339869281045753
0 0.49080882352941174 0.00980392156862745 0.023284313725490197 0.016339869281045753
0 0.5238970588235294 0.01388888888888889 0.03799019607843137 0.024509803921568627
0 0.5386029411764706 0.03349673202614379 0.03553921568627451 0.03758169934640523
0 0.5502450980392157 0.058823529411764705 0.03676470588235294 0.029411764705882353
0 0.5416666666666666 0.08251633986928104 0.022058823529411763 0.021241830065359478
0 0.5649509803921569 0.03594771241830066 0.0196078431372549 0.0196078431372549
0 0.5716911764705882 0.018790849673202614 0.030637254901960783 0.024509803921568627
0 0.585171568627451 0.049836601307189546 0.023284313725490197 0.021241830065359478
0 0.6090686274509803 0.0392156862745098 0.03431372549019608 0.029411764705882353
0 0.6017156862745098 0.016339869281045753 0.024509803921568627 0.022875816993464054
0 0.6384803921568627 0.03758169934640523 0.024509803921568627 0.026143790849673203
0 0.8075980392156863 0.03758169934640523 0.024509803921568627 0.022875816993464054
0 0.8100490196078431 0.058823529411764705 0.022058823529411763 0.022875816993464054
0 0.8425245098039216 0.04084967320261438 0.030637254901960783 0.032679738562091505
0 0.7787990196078431 0.7205882352941176 0.025735294117647058 0.04575163398692811
0 0.1170343137254902 0.30228758169934644 0.0428921568627451 0.0392156862745098
0 0.07169117647058823 0.3227124183006536 0.023284313725490197 0.021241830065359478
0 0.09620098039215687 0.3366013071895425 0.023284313725490197 0.0196078431372549
0 0.14950980392156862 0.29901960784313725 0.02696078431372549 0.022875816993464054
0 0.17034313725490197 0.31209150326797386 0.024509803921568627 0.0196078431372549
0 0.15808823529411764 0.33169934640522875 0.024509803921568627 0.0196078431372549
0 0.13848039215686275 0.34885620915032683 0.0196078431372549 0.014705882352941176
0 0.10416666666666667 0.352124183006536 0.0196078431372549 0.021241830065359478
0 0.09129901960784313 0.37990196078431376 0.01838235294117647 0.024509803921568627
0 0.08149509803921569 0.36683006535947715 0.025735294117647058 0.03104575163398693
0 0.1997549019607843 0.2973856209150327 0.022058823529411763 0.029411764705882353
0 0.2230392156862745 0.28513071895424835 0.024509803921568627 0.021241830065359478
0 0.2463235294117647 0.28022875816993464 0.0196078431372549 0.024509803921568627
0 0.26348039215686275 0.29983660130718953 0.022058823529411763 0.021241830065359478
0 0.25919117647058826 0.3186274509803922 0.023284313725490197 0.0196078431372549
0 0.2542892156862745 0.3366013071895425 0.020833333333333332 0.0196078431372549
0 0.2702205882352941 0.3504901960784314 0.023284313725490197 0.024509803921568627
0 0.2604166666666667 0.3643790849673203 0.01838235294117647 0.0196078431372549
0 0.24142156862745098 0.3611111111111111 0.0196078431372549 0.032679738562091505
0 0.22732843137254902 0.3055555555555556 0.025735294117647058 0.022875816993464054
0 0.18259803921568626 0.3235294117647059 0.012254901960784314 0.026143790849673203
0 0.20036764705882354 0.32516339869281047 0.013480392156862746 0.026143790849673203
0 0.1997549019607843 0.3431372549019608 0.01715686274509804 0.013071895424836602
0 0.20955882352941177 0.3178104575163399 0.00980392156862745 0.01797385620915033
0 0.22487745098039216 0.3415032679738562 0.03308823529411765 0.05228758169934641
0 0.20404411764705882 0.36683006535947715 0.01838235294117647 0.01797385620915033
0 0.1997549019607843 0.37826797385620914 0.0196078431372549 0.021241830065359478
0 0.19056372549019607 0.3872549019607843 0.01838235294117647 0.022875816993464054
0 0.17034313725490197 0.3570261437908497 0.041666666666666664 0.04411764705882353
0 0.17830882352941177 0.4011437908496732 0.0428921568627451 0.04084967320261438
0 0.14522058823529413 0.39215686274509803 0.020833333333333332 0.0196078431372549
0 0.15318627450980393 0.42320261437908496 0.0392156862745098 0.03594771241830066
0 0.12009803921568628 0.38071895424836605 0.03431372549019608 0.049019607843137254
0 0.12071078431372549 0.4166666666666667 0.023284313725490197 0.026143790849673203
0 0.061274509803921566 0.4019607843137255 0.02696078431372549 0.022875816993464054
0 0.06740196078431372 0.42401960784313725 0.024509803921568627 0.024509803921568627
0 0.044117647058823525 0.41830065359477125 0.01715686274509804 0.032679738562091505
0 0.01838235294117647 0.43137254901960786 0.024509803921568627 0.042483660130718956
0 0.041666666666666664 0.45996732026143794 0.03431372549019608 0.03758169934640523
0 0.10294117647058823 0.4354575163398693 0.0196078431372549 0.021241830065359478
0 0.27328431372549017 0.45996732026143794 0.022058823529411763 0.02777777777777778
0 0.2506127450980392 0.4877450980392157 0.01838235294117647 0.02777777777777778
0 0.24754901960784315 0.46405228758169936 0.0196078431372549 0.026143790849673203
0 0.22549019607843138 0.46405228758169936 0.022058823529411763 0.026143790849673203
0 0.22794117647058823 0.49264705882352944 0.01715686274509804 0.024509803921568627
0 0.23039215686274508 0.5367647058823529 0.022058823529411763 0.024509803921568627
0 0.2193627450980392 0.5588235294117647 0.0196078431372549 0.022875816993464054
0 0.20588235294117646 0.5383986928104575 0.0196078431372549 0.021241830065359478
0 0.19669117647058823 0.553921568627451 0.020833333333333332 0.016339869281045753
0 0.19730392156862744 0.5718954248366013 0.022058823529411763 0.022875816993464054
0 0.17830882352941177 0.5612745098039216 0.013480392156862746 0.02777777777777778
0 0.17708333333333334 0.5923202614379085 0.01838235294117647 0.02777777777777778
0 0.15931372549019607 0.5759803921568628 0.024509803921568627 0.02777777777777778
0 0.15625 0.6004901960784313 0.020833333333333332 0.021241830065359478
0 0.14950980392156862 0.6225490196078431 0.02696078431372549 0.022875816993464054
0 0.19362745098039216 0.46568627450980393 0.04656862745098039 0.042483660130718956
0 0.16605392156862744 0.45098039215686275 0.025735294117647058 0.022875816993464054
0 0.2034313725490196 0.5073529411764706 0.04656862745098039 0.04411764705882353
0 0.17830882352941177 0.5179738562091504 0.04779411764705882 0.04575163398692811
0 0.1556372549019608 0.5433006535947713 0.049019607843137254 0.03758169934640523
0 0.1323529411764706 0.5669934640522876 0.024509803921568627 0.0196078431372549
0 0.13664215686274508 0.5906862745098039 0.023284313725490197 0.02777777777777778
0 0.1256127450980392 0.6274509803921569 0.030637254901960783 0.03594771241830066
0 0.08272058823529412 0.6421568627450981 0.023284313725490197 0.032679738562091505
0 0.12193627450980392 0.5465686274509804 0.011029411764705881 0.02777777777777778
0 0.125 0.5204248366013072 0.014705882352941176 0.024509803921568627
0 0.13909313725490197 0.4959150326797386 0.028186274509803922 0.04411764705882353
0 0.13725490196078433 0.4575163398692811 0.03431372549019608 0.042483660130718956
0 0.11213235294117647 0.46486928104575165 0.015931372549019607 0.01797385620915033
0 0.11029411764705882 0.4812091503267974 0.01715686274509804 0.014705882352941176
0 0.10416666666666667 0.5098039215686274 0.031862745098039214 0.049019607843137254
0 0.10845588235294118 0.5416666666666666 0.015931372549019607 0.021241830065359478
0 0.11029411764705882 0.5612745098039216 0.01715686274509804 0.021241830065359478
0 0.1053921568627451 0.5808823529411765 0.0392156862745098 0.03431372549019608
0 0.09681372549019608 0.6102941176470589 0.029411764705882353 0.024509803921568627
0 0.0661764705882353 0.6274509803921569 0.031862745098039214 0.032679738562091505
0 0.08394607843137254 0.5939542483660131 0.028186274509803922 0.021241830065359478
0 0.06004901960784314 0.5988562091503268 0.022058823529411763 0.021241830065359478
0 0.044117647058823525 0.6143790849673203 0.03431372549019608 0.029411764705882353
0 0.0784313725490196 0.5473856209150327 0.041666666666666664 0.03594771241830066
0 0.06678921568627451 0.4950980392156863 0.03553921568627451 0.029411764705882353
0 0.05024509803921569 0.5392156862745098 0.014705882352941176 0.029411764705882353
0 0.05024509803921569 0.571078431372549 0.03676470588235294 0.03431372549019608
0 0.014093137254901961 0.6176470588235294 0.025735294117647058 0.032679738562091505
0 0.015318627450980392 0.5800653594771242 0.028186274509803922 0.03594771241830066
0 0.006740196078431373 0.5531045751633987 0.011029411764705881 0.021241830065359478
0 0.032475490196078434 0.5269607843137255 0.023284313725490197 0.04738562091503268
0 0.012867647058823529 0.5236928104575164 0.023284313725490197 0.04084967320261438
0 0.015931372549019607 0.49183006535947715 0.0196078431372549 0.022875816993464054
0 0.004901960784313725 0.488562091503268 0.007352941176470588 0.016339869281045753
0 0.09497549019607843 0.4681372549019608 0.04534313725490196 0.04738562091503268
0 0.9466911764705882 0.015522875816993464 0.04779411764705882 0.024509803921568627
0 0.9589460784313726 0.03104575163398693 0.04534313725490196 0.032679738562091505
0 0.985906862745098 0.01715686274509804 0.028186274509803922 0.02777777777777778
