0 0.10784313725490197 0.02042483660130719 0.01715686274509804 0.03431372549019608
0 0.09313725490196079 0.0196078431372549 0.014705882352941176 0.029411764705882353
0 0.12316176470588235 0.02696078431372549 0.01838235294117647 0.03431372549019608
0 0.13541666666666666 0.016339869281045753 0.01838235294117647 0.029411764705882353
0 0.1482843137254902 0.058823529411764705 0.024509803921568627 0.029411764705882353
0 0.12990196078431374 0.07434640522875817 0.024509803921568627 0.03104575163398693
0 0.11397058823529412 0.07761437908496732 0.0196078431372549 0.03431372549019608
0 0.15992647058823528 0.08660130718954248 0.020833333333333332 0.029411764705882353
0 0.1488970588235294 0.1053921568627451 0.01838235294117647 0.03431372549019608
0 0.1292892156862745 0.11029411764705882 0.020833333333333332 0.04084967320261438
0 0.14522058823529413 0.125 0.015931372549019607 0.021241830065359478
0 0.1642156862745098 0.11274509803921569 0.01715686274509804 0.026143790849673203
0 0.1605392156862745 0.1323529411764706 0.0196078431372549 0.029411764705882353
0 0.1446078431372549 0.14624183006535948 0.02696078431372549 0.03758169934640523
0 0.1636029411764706 0.18709150326797386 0.030637254901960783 0.04738562091503268
0 0.14950980392156862 0.21241830065359477 0.02696078431372549 0.05228758169934641
0 0.19607843137254902 0.17647058823529413 0.01715686274509804 0.029411764705882353
0 0.18504901960784315 0.20751633986928106 0.014705882352941176 0.026143790849673203
0 0.20894607843137256 0.28513071895424835 0.01838235294117647 0.024509803921568627
0 0.2034313725490196 0.24754901960784315 0.00980392156862745 0.021241830065359478
0 0.16911764705882354 0.25163398692810457 0.014705882352941176 0.026143790849673203
0 0.18321078431372548 0.2704248366013072 0.015931372549019607 0.024509803921568627
0 0.20894607843137256 0.3104575163398693 0.015931372549019607 0.022875816993464054
0 0.6709558823529411 0.010620915032679739 0.020833333333333332 0.01797385620915033
0 0.6930147058823529 0.011437908496732027 0.020833333333333332 0.0196078431372549
0 0.7267156862745098 0.010620915032679739 0.024509803921568627 0.01797385620915033
0 0.7806372549019608 0.01388888888888889 0.029411764705882353 0.024509803921568627
0 0.8100490196078431 0.02042483660130719 0.044117647058823525 0.03431372549019608
0 0.8639705882352942 0.026143790849673203 0.03431372549019608 0.026143790849673203
0 0.8848039215686274 0.022058823529411766 0.0196078431372549 0.03758169934640523
0 0.8995098039215687 0.022875816993464054 0.01715686274509804 0.022875816993464054
0 0.9013480392156863 0.04656862745098039 0.01838235294117647 0.02777777777777778
0 0.9197303921568627 0.06862745098039216 0.025735294117647058 0.026143790849673203
0 0.866421568627451 0.049019607843137254 0.031862745098039214 0.03594771241830066
0 0.8382352941176471 0.04084967320261438 0.031862745098039214 0.049019607843137254
0 0.8075980392156863 0.058823529411764705 0.029411764705882353 0.05228758169934641
0 0.7745098039215687 0.03758169934640523 0.029411764705882353 0.05555555555555556
0 0.7555147058823529 0.03758169934640523 0.015931372549019607 0.0196078431372549
0 0.7438725490196079 0.022875816993464054 0.0196078431372549 0.029411764705882353
0 0.7340686274509803 0.03431372549019608 0.01715686274509804 0.0392156862745098
0 0.7064950980392157 0.015522875816993464 0.030637254901960783 0.024509803921568627
0 0.6887254901960784 0.029411764705882353 0.024509803921568627 0.032679738562091505
0 0.6746323529411765 0.03349673202614379 0.023284313725490197 0.03104575163398693
0 0.7071078431372549 0.040032679738562095 0.0196078431372549 0.024509803921568627
0 0.7089460784313726 0.058823529411764705 0.025735294117647058 0.03594771241830066
0 0.6875 0.057189542483660136 0.0196078431372549 0.032679738562091505
0 0.6862745098039216 0.07924836601307189 0.01715686274509804 0.03431372549019608
0 0.6936274509803921 0.1119281045751634 0.02696078431372549 0.021241830065359478
0 0.7420343137254902 0.057189542483660136 0.013480392156862746 0.026143790849673203
0 0.7236519607843137 0.05228758169934641 0.013480392156862746 0.026143790849673203
0 0.727328431372549 0.0784313725490196 0.01838235294117647 0.029411764705882353
0 0.7530637254901961 0.08006535947712419 0.01838235294117647 0.04575163398692811
0 0.7873774509803921 0.06127450980392157 0.01838235294117647 0.024509803921568627
0 0.821078431372549 0.0857843137254902 0.03431372549019608 0.03431372549019608
0 0.8651960784313726 0.09150326797385622 0.029411764705882353 0.03594771241830066
0 0.8933823529411764 0.08006535947712419 0.024509803921568627 0.026143790849673203
0 0.7150735294117647 0.08823529411764706 0.01838235294117647 0.022875816993464054
0 0.7003676470588235 0.09395424836601307 0.01838235294117647 0.024509803921568627
0 0.7212009803921569 0.1119281045751634 0.01838235294117647 0.03104575163398693
0 0.7389705882352942 0.10375816993464053 0.022058823529411763 0.021241830065359478
0 0.7034313725490196 0.13562091503267976 0.024509803921568627 0.03594771241830066
0 0.7156862745098039 0.16339869281045752 0.0196078431372549 0.029411764705882353
0 0.7383578431372549 0.12826797385620917 0.01838235294117647 0.03431372549019608
0 0.7316176470588235 0.14297385620915032 0.014705882352941176 0.02777777777777778
0 0.7561274509803921 0.11601307189542484 0.031862745098039214 0.022875816993464054
0 0.7769607843137255 0.08660130718954248 0.03431372549019608 0.0392156862745098
0 0.7953431372549019 0.11519607843137256 0.02696078431372549 0.05392156862745098
0 0.7751225490196079 0.1388888888888889 0.025735294117647058 0.05555555555555556
0 0.7524509803921569 0.1380718954248366 0.022058823529411763 0.03104575163398693
0 0.8075980392156863 0.14460784313725492 0.031862745098039214 0.05065359477124183
0 0.8308823529411764 0.13562091503267976 0.0196078431372549 0.0196078431372549
0 0.8529411764705882 0.12990196078431374 0.03676470588235294 0.03431372549019608
0 0.883578431372549 0.10049019607843138 0.0196078431372549 0.021241830065359478
0 0.9007352941176471 0.10866013071895425 0.0196078431372549 0.02777777777777778
0 0.8854166666666666 0.11764705882352941 0.01838235294117647 0.022875816993464054
0 0.9080882352941176 0.13562091503267976 0.022058823529411763 0.03594771241830066
0 0.8946078431372549 0.14950980392156862 0.0196078431372549 0.03758169934640523
0 0.8651960784313726 0.15604575163398693 0.0392156862745098 0.04084967320261438
0 0.8370098039215687 0.1576797385620915 0.02696078431372549 0.03758169934640523
0 0.8137254901960784 0.18218954248366015 0.031862745098039214 0.03758169934640523
0 0.7892156862745098 0.19035947712418302 0.02696078431372549 0.05392156862745098
0 0.7579656862745098 0.1568627450980392 0.023284313725490197 0.0196078431372549
0 0.7450980392156863 0.1568627450980392 0.01715686274509804 0.026143790849673203
0 0.7316176470588235 0.18382352941176472 0.014705882352941176 0.02777777777777778
0 0.7640931372549019 0.17483660130718956 0.025735294117647058 0.026143790849673203
0 0.7591911764705882 0.2034313725490196 0.01838235294117647 0.024509803921568627
0 0.7689950980392157 0.1968954248366013 0.01838235294117647 0.021241830065359478
0 0.7781862745098039 0.21486928104575165 0.01715686274509804 0.024509803921568627
0 0.7659313725490196 0.22222222222222224 0.022058823529411763 0.0196078431372549
0 0.7469362745098039 0.23202614379084968 0.020833333333333332 0.0196078431372549
0 0.8449754901960784 0.18137254901960784 0.013480392156862746 0.029411764705882353
0 0.8602941176470588 0.18627450980392157 0.022058823529411763 0.022875816993464054
0 0.8872549019607843 0.17647058823529413 0.01715686274509804 0.032679738562091505
0 0.9037990196078431 0.19362745098039216 0.023284313725490197 0.03431372549019608
0 0.9154411764705882 0.2181372549019608 0.01715686274509804 0.02777777777777778
0 0.8884803921568627 0.19771241830065361 0.014705882352941176 0.0196078431372549
0 0.8890931372549019 0.2181372549019608 0.013480392156862746 0.02777777777777778
0 0.897671568627451 0.21650326797385622 0.013480392156862746 0.024509803921568627
0 0.9087009803921569 0.238562091503268 0.01838235294117647 0.03594771241830066
0 0.8406862745098039 0.2107843137254902 0.0392156862745098 0.032679738562091505
0 0.8627450980392157 0.20506535947712418 0.0196078431372549 0.024509803921568627
0 0.8057598039215687 0.23937908496732027 0.025735294117647058 0.05392156862745098
0 0.7861519607843137 0.22875816993464054 0.023284313725490197 0.026143790849673203
0 0.7677696078431372 0.23937908496732027 0.020833333333333332 0.021241830065359478
0 0.7542892156862745 0.25326797385620914 0.015931372549019607 0.032679738562091505
0 0.7401960784313726 0.25571895424836605 0.01715686274509804 0.024509803921568627
0 0.7837009803921569 0.2728758169934641 0.020833333333333332 0.022875816993464054
0 0.8253676470588235 0.2434640522875817 0.020833333333333332 0.04575163398692811
0 0.8443627450980392 0.23529411764705882 0.024509803921568627 0.029411764705882353
0 0.8627450980392157 0.23447712418300654 0.0196078431372549 0.04084967320261438
0 0.8799019607843137 0.24019607843137256 0.01715686274509804 0.022875816993464054
0 0.8155637254901961 0.2679738562091503 0.013480392156862746 0.026143790849673203
0 0.8425245098039216 0.2581699346405229 0.01838235294117647 0.026143790849673203
0 0.8394607843137255 0.2834967320261438 0.012254901960784314 0.02777777777777778
0 0.8560049019607843 0.27532679738562094 0.023284313725490197 0.02777777777777778
0 0.8817401960784313 0.25980392156862747 0.01838235294117647 0.026143790849673203
0 0.8964460784313726 0.2508169934640523 0.020833333333333332 0.02777777777777778
0 0.8688725490196079 0.26062091503267976 0.01715686274509804 0.014705882352941176
0 0.8841911764705882 0.29983660130718953 0.020833333333333332 0.03431372549019608
0 0.8682598039215687 0.3055555555555556 0.013480392156862746 0.022875816993464054
0 0.8572303921568627 0.315359477124183 0.020833333333333332 0.03594771241830066
0 0.8259803921568627 0.28022875816993464 0.014705882352941176 0.03431372549019608
0 0.7928921568627451 0.29983660130718953 0.012254901960784314 0.02777777777777778
0 0.7769607843137255 0.30228758169934644 0.0196078431372549 0.0196078431372549
0 0.8082107843137255 0.29901960784313725 0.013480392156862746 0.026143790849673203
0 0.8192401960784313 0.30800653594771243 0.015931372549019607 0.03104575163398693
0 0.8339460784313726 0.3088235294117647 0.01838235294117647 0.03594771241830066
0 0.8443627450980392 0.32189542483660133 0.012254901960784314 0.029411764705882353
0 0.8265931372549019 0.3292483660130719 0.015931372549019607 0.02777777777777778
0 0.8057598039215687 0.32598039215686275 0.013480392156862746 0.02777777777777778
0 0.8186274509803921 0.3431372549019608 0.01715686274509804 0.032679738562091505
0 0.8443627450980392 0.34395424836601307 0.012254901960784314 0.024509803921568627
0 0.8339460784313726 0.3684640522875817 0.023284313725490197 0.02777777777777778
