0 0.6623774509803921 0.29330065359477125 0.03799019607843137 0.03758169934640523
0 0.6550245098039216 0.2589869281045752 0.028186274509803922 0.03431372549019608
0 0.6550245098039216 0.21895424836601307 0.025735294117647058 0.026143790849673203
0 0.6348039215686274 0.21323529411764708 0.0392156862745098 0.04411764705882353
0 0.53125 0.1985294117647059 0.03799019607843137 0.04084967320261438
0 0.5214460784313726 0.28839869281045755 0.04779411764705882 0.04411764705882353
0 0.4215686274509804 0.10212418300653595 0.031862745098039214 0.04411764705882353
0 0.3682598039215686 0.13725490196078433 0.01838235294117647 0.03594771241830066
0 0.5104166666666666 0.07679738562091504 0.023284313725490197 0.029411764705882353
0 0.2622549019607843 0.19444444444444445 0.044117647058823525 0.04575163398692811
0 0.23161764705882354 0.23529411764705882 0.031862745098039214 0.032679738562091505
0 0.2579656862745098 0.24754901960784315 0.04044117647058824 0.03431372549019608
0 0.22365196078431374 0.2581699346405229 0.025735294117647058 0.0196078431372549
0 0.21568627450980393 0.2704248366013072 0.024509803921568627 0.021241830065359478
0 0.21568627450980393 0.2908496732026144 0.02696078431372549 0.029411764705882353
0 0.2493872549019608 0.2826797385620915 0.04534313725490196 0.0392156862745098
0 0.2708333333333333 0.303921568627451 0.0392156862745098 0.029411764705882353
0 0.2028186274509804 0.2426470588235294 0.030637254901960783 0.06045751633986928
0 0.2757352941176471 0.11111111111111112 0.022058823529411763 0.042483660130718956
0 0.24019607843137256 0.11683006535947713 0.041666666666666664 0.07026143790849673
0 0.3137254901960784 0.035130718954248366 0.02696078431372549 0.02777777777777778
0 0.3897058823529412 0.05310457516339869 0.02696078431372549 0.04084967320261438
0 0.4166666666666667 0.03431372549019608 0.031862745098039214 0.026143790849673203
0 0.25980392156862747 0.032679738562091505 0.041666666666666664 0.0392156862745098
0 0.2616421568627451 0.00980392156862745 0.03799019607843137 0.016339869281045753
0 0.20404411764705882 0.02696078431372549 0.06004901960784314 0.04411764705882353
0 0.1525735294117647 0.008169934640522876 0.03799019607843137 0.013071895424836602
0 0.41299019607843135 0.01388888888888889 0.058823529411764705 0.024509803921568627
0 0.47058823529411764 0.040032679738562095 0.07107843137254902 0.04738562091503268
0 0.5067401960784313 0.01388888888888889 0.06495098039215687 0.024509803921568627
0 0.5637254901960784 0.01388888888888889 0.0392156862745098 0.024509803921568627
0 0.5490196078431373 0.03104575163398693 0.041666666666666664 0.03594771241830066
0 0.5686274509803921 0.09885620915032681 0.0392156862745098 0.03431372549019608
0 0.5765931372549019 0.06781045751633988 0.05024509803921569 0.04738562091503268
0 0.5980392156862745 0.028594771241830068 0.06372549019607843 0.05065359477124183
0 0.6158088235294118 0.08333333333333334 0.025735294117647058 0.032679738562091505
0 0.6397058823529411 0.059640522875817 0.022058823529411763 0.02777777777777778
0 0.6409313725490196 0.024509803921568627 0.022058823529411763 0.03594771241830066
0 0.6537990196078431 0.10130718954248366 0.04044117647058824 0.049019607843137254
0 0.6825980392156863 0.08251633986928104 0.04656862745098039 0.04411764705882353
0 0.6887254901960784 0.0392156862745098 0.06372549019607843 0.05555555555555556
0 0.6623774509803921 0.010620915032679739 0.04534313725490196 0.01797385620915033
0 0.7132352941176471 0.013071895424836602 0.029411764705882353 0.0196078431372549
0 0.8339460784313726 0.04411764705882353 0.030637254901960783 0.022875816993464054
0 0.8143382352941176 0.058823529411764705 0.01838235294117647 0.029411764705882353
0 0.7794117647058824 0.05310457516339869 0.049019607843137254 0.04411764705882353
0 0.7959558823529411 0.02042483660130719 0.07720588235294118 0.03758169934640523
0 0.8829656862745098 0.025326797385620915 0.03799019607843137 0.03431372549019608
0 0.9908088235294118 0.016339869281045753 0.01838235294117647 0.029411764705882353
0 0.9209558823529411 0.008169934640522876 0.03799019607843137 0.013071895424836602
0 0.75 0.10375816993464053 0.07598039215686274 0.06699346405228758
0 0.06066176470588235 0.00980392156862745 0.028186274509803922 0.016339869281045753
0 0.015931372549019607 0.05800653594771242 0.029411764705882353 0.04411764705882353
0 0.007352941176470588 0.01715686274509804 0.012254901960784314 0.03104575163398693
