0 0.8382352941176471 0.0661764705882353 0.061274509803921566 0.10947712418300654
0 0.9270833333333334 0.7083333333333334 0.06495098039215687 0.08660130718954248
0 0.9356617647058824 0.7998366013071896 0.0428921568627451 0.10294117647058824
0 0.8970588235294118 0.8071895424836601 0.022058823529411763 0.042483660130718956
0 0.90625 0.8439542483660131 0.023284313725490197 0.05065359477124183
0 0.9307598039215687 0.9003267973856209 0.04534313725490196 0.08496732026143791
0 0.883578431372549 0.934640522875817 0.04656862745098039 0.10130718954248366
0 0.9087009803921569 0.9812091503267975 0.011029411764705881 0.03431372549019608
0 0.9577205882352942 0.9509803921568628 0.028186274509803922 0.049019607843137254
0 0.9761029411764706 0.9746732026143791 0.020833333333333332 0.04738562091503268
0 0.9442401960784313 0.9861111111111112 0.023284313725490197 0.02777777777777778
