0 0.05092592592592592 0.7097107438016529 0.040123456790123455 0.026859504132231406
0 0.08873456790123456 0.7045454545454546 0.029320987654320986 0.02066115702479339
0 0.14814814814814814 0.6983471074380165 0.024691358024691357 0.028925619834710745
0 0.18287037037037035 0.7148760330578513 0.029320987654320986 0.024793388429752067
0 0.029320987654320986 0.7283057851239669 0.037037037037037035 0.03512396694214876
0 0.05864197530864197 0.7324380165289256 0.024691358024691357 0.022727272727272728
0 0.04089506172839506 0.7644628099173554 0.05401234567901234 0.0371900826446281
0 0.08333333333333333 0.7510330578512396 0.046296296296296294 0.030991735537190084
0 0.1257716049382716 0.7551652892561984 0.032407407407407406 0.04338842975206612
0 0.158179012345679 0.7355371900826446 0.041666666666666664 0.03305785123966942
0 0.1905864197530864 0.746900826446281 0.041666666666666664 0.03512396694214876
0 0.2345679012345679 0.7252066115702479 0.04938271604938271 0.028925619834710745
0 0.23302469135802467 0.7479338842975207 0.05246913580246913 0.0371900826446281
0 0.2762345679012346 0.7489669421487604 0.046296296296296294 0.05165289256198347
0 0.3171296296296296 0.75 0.032407407407407406 0.028925619834710745
0 0.28858024691358025 0.7706611570247934 0.040123456790123455 0.024793388429752067
0 0.2901234567901234 0.7944214876033058 0.05246913580246913 0.04338842975206612
0 0.17592592592592593 0.7747933884297521 0.037037037037037035 0.028925619834710745
0 0.20293209876543208 0.7789256198347108 0.026234567901234566 0.03305785123966942
0 0.24614197530864196 0.7747933884297521 0.032407407407407406 0.028925619834710745
0 0.2183641975308642 0.7913223140495868 0.026234567901234566 0.04132231404958678
0 0.0625 0.7789256198347108 0.05401234567901234 0.04132231404958678
0 0.02854938271604938 0.8140495867768596 0.047839506172839504 0.045454545454545456
0 0.07098765432098765 0.8068181818181819 0.037037037037037035 0.03512396694214876
0 0.10339506172839505 0.7923553719008265 0.04938271604938271 0.05578512396694215
0 0.1550925925925926 0.7985537190082644 0.029320987654320986 0.026859504132231406
0 0.15432098765432098 0.8223140495867769 0.033950617283950615 0.028925619834710745
0 0.18595679012345678 0.8037190082644629 0.032407407407407406 0.028925619834710745
0 0.0470679012345679 0.8316115702479339 0.038580246913580245 0.026859504132231406
0 0.03317901234567901 0.8491735537190083 0.038580246913580245 0.028925619834710745
0 0.08641975308641975 0.8316115702479339 0.05246913580246913 0.03512396694214876
0 0.1273148148148148 0.8336776859504132 0.044753086419753084 0.03925619834710744
0 0.24382716049382713 0.8088842975206612 0.033950617283950615 0.026859504132231406
0 0.21373456790123455 0.84400826446281 0.044753086419753084 0.05578512396694215
0 0.16589506172839505 0.8646694214876033 0.05709876543209876 0.05165289256198347
0 0.06867283950617284 0.865702479338843 0.06018518518518518 0.045454545454545456
0 0.10030864197530864 0.8842975206611571 0.046296296296296294 0.05371900826446281
0 0.026234567901234566 0.9173553719008265 0.027777777777777776 0.04132231404958678
0 0.016975308641975308 0.9452479338842975 0.030864197530864196 0.04338842975206612
0 0.0625 0.9390495867768596 0.06018518518518518 0.05165289256198347
0 0.10802469135802469 0.9163223140495868 0.037037037037037035 0.03925619834710744
0 0.1558641975308642 0.9049586776859504 0.043209876543209874 0.0371900826446281
0 0.2631172839506173 0.8409090909090909 0.06327160493827161 0.05785123966942149
0 0.12114197530864197 0.9473140495867769 0.06635802469135801 0.05578512396694215
0 0.07638888888888888 0.9772727272727273 0.05092592592592592 0.0371900826446281
0 0.015432098765432098 0.981404958677686 0.024691358024691357 0.0371900826446281
0 0.038580246913580245 0.9855371900826446 0.043209876543209874 0.028925619834710745
0 0.047839506172839504 0.9679752066115703 0.021604938271604937 0.03512396694214876
0 0.22685185185185183 0.8729338842975207 0.033950617283950615 0.026859504132231406
0 0.2044753086419753 0.9039256198347108 0.047839506172839504 0.05165289256198347
0 0.1736111111111111 0.9287190082644629 0.026234567901234566 0.04338842975206612
0 0.1736111111111111 0.9648760330578513 0.032407407407407406 0.0371900826446281
0 0.14814814814814814 0.9783057851239669 0.033950617283950615 0.03512396694214876
0 0.13348765432098764 0.9886363636363636 0.041666666666666664 0.022727272727272728
0 0.24459876543209874 0.9018595041322315 0.041666666666666664 0.03512396694214876
0 0.220679012345679 0.9359504132231405 0.030864197530864196 0.03305785123966942
0 0.19598765432098764 0.9483471074380165 0.018518518518518517 0.04132231404958678
0 0.25925925925925924 0.9586776859504132 0.06172839506172839 0.05785123966942149
0 0.2777777777777778 0.8729338842975207 0.033950617283950615 0.026859504132231406
0 0.27546296296296297 0.8966942148760331 0.032407407407407406 0.03305785123966942
0 0.19521604938271603 0.9793388429752067 0.023148148148148147 0.03305785123966942
0 0.2183641975308642 0.9555785123966942 0.026234567901234566 0.022727272727272728
0 0.3294753086419753 0.8078512396694215 0.041666666666666664 0.028925619834710745
0 0.378858024691358 0.8016528925619835 0.029320987654320986 0.024793388429752067
0 0.41820987654320985 0.7902892561983471 0.040123456790123455 0.03512396694214876
0 0.35570987654320985 0.8243801652892562 0.035493827160493825 0.0371900826446281
0 0.3248456790123457 0.8336776859504132 0.029320987654320986 0.030991735537190084
0 0.3966049382716049 0.8150826446280992 0.037037037037037035 0.030991735537190084
0 0.4266975308641975 0.8264462809917356 0.041666666666666664 0.03305785123966942
0 0.408179012345679 0.859504132231405 0.047839506172839504 0.045454545454545456
0 0.34104938271604934 0.862603305785124 0.024691358024691357 0.047520661157024795
0 0.30092592592592593 0.8502066115702479 0.027777777777777776 0.05165289256198347
0 0.32098765432098764 0.8533057851239669 0.033950617283950615 0.028925619834710745
0 0.3611111111111111 0.8832644628099173 0.04938271604938271 0.07231404958677687
0 0.32098765432098764 0.8915289256198348 0.040123456790123455 0.047520661157024795
0 0.2854938271604938 0.9297520661157025 0.037037037037037035 0.028925619834710745
0 0.3132716049382716 0.9359504132231405 0.037037037037037035 0.03305785123966942
0 0.30709876543209874 0.972107438016529 0.046296296296296294 0.03512396694214876
0 0.35493827160493824 0.9514462809917356 0.06172839506172839 0.05165289256198347
0 0.34027777777777773 0.9855371900826446 0.041666666666666664 0.028925619834710745
0 0.4112654320987654 0.9121900826446281 0.05092592592592592 0.05991735537190083
0 0.4699074074074074 0.8016528925619835 0.05709876543209876 0.0371900826446281
0 0.5169753086419753 0.7778925619834711 0.027777777777777776 0.030991735537190084
0 0.529320987654321 0.7933884297520661 0.037037037037037035 0.028925619834710745
0 0.548611111111111 0.8295454545454546 0.05709876543209876 0.05165289256198347
0 0.5007716049382716 0.8274793388429752 0.041666666666666664 0.03512396694214876
0 0.4637345679012345 0.8326446280991736 0.041666666666666664 0.03305785123966942
0 0.4591049382716049 0.862603305785124 0.047839506172839504 0.03925619834710744
0 0.4305555555555555 0.8863636363636364 0.030864197530864196 0.04132231404958678
0 0.4637345679012345 0.9142561983471075 0.05709876543209876 0.05165289256198347
0 0.4236111111111111 0.9617768595041323 0.047839506172839504 0.047520661157024795
0 0.40046296296296297 0.987603305785124 0.05709876543209876 0.024793388429752067
0 0.4729938271604938 0.9783057851239669 0.06327160493827161 0.04338842975206612
0 0.5177469135802469 0.8605371900826446 0.05092592592592592 0.04338842975206612
0 0.5208333333333333 0.9101239669421488 0.06944444444444445 0.05991735537190083
0 0.533179012345679 0.9824380165289256 0.044753086419753084 0.03512396694214876
0 0.5462962962962963 0.9638429752066116 0.043209876543209874 0.047520661157024795
0 0.5679012345679012 0.9803719008264463 0.027777777777777776 0.03925619834710744
0 0.595679012345679 0.8491735537190083 0.043209876543209874 0.0371900826446281
0 0.6057098765432098 0.8161157024793388 0.029320987654320986 0.028925619834710745
0 0.6080246913580246 0.7840909090909091 0.027777777777777776 0.030991735537190084
0 0.5617283950617283 0.8832644628099173 0.027777777777777776 0.030991735537190084
0 0.6033950617283951 0.8977272727272727 0.05864197530864197 0.07644628099173553
0 0.5964506172839505 0.9741735537190083 0.038580246913580245 0.05165289256198347
0 0.6242283950617283 0.9421487603305785 0.041666666666666664 0.05371900826446281
0 0.6280864197530864 0.9772727272727273 0.04938271604938271 0.04132231404958678
0 0.64429012345679 0.7964876033057852 0.038580246913580245 0.03925619834710744
0 0.6280864197530864 0.8316115702479339 0.018518518518518517 0.04338842975206612
0 0.6589506172839505 0.8243801652892562 0.033950617283950615 0.028925619834710745
0 0.6450617283950617 0.8502066115702479 0.037037037037037035 0.026859504132231406
0 0.6751543209876543 0.8615702479338844 0.041666666666666664 0.0371900826446281
0 0.6450617283950617 0.9008264462809917 0.037037037037037035 0.03305785123966942
0 0.6759259259259259 0.8946280991735538 0.030864197530864196 0.04132231404958678
0 0.6527777777777778 0.9462809917355373 0.027777777777777776 0.04132231404958678
0 0.6875 0.9318181818181819 0.05401234567901234 0.05371900826446281
0 0.6597222222222222 0.9834710743801653 0.029320987654320986 0.03305785123966942
0 0.691358024691358 0.9793388429752067 0.040123456790123455 0.04132231404958678
0 0.7013888888888888 0.7427685950413223 0.032407407407407406 0.026859504132231406
0 0.6936728395061728 0.7933884297520661 0.044753086419753084 0.03305785123966942
0 0.6936728395061728 0.828512396694215 0.041666666666666664 0.0371900826446281
0 0.7199074074074073 0.8057851239669421 0.026234567901234566 0.04132231404958678
0 0.7299382716049382 0.753099173553719 0.037037037037037035 0.03925619834710744
0 0.7299382716049382 0.7820247933884298 0.033950617283950615 0.026859504132231406
0 0.7569444444444444 0.7272727272727273 0.047839506172839504 0.03305785123966942
0 0.7739197530864197 0.6973140495867769 0.029320987654320986 0.026859504132231406
0 0.8016975308641975 0.7045454545454546 0.029320987654320986 0.024793388429752067
0 0.790895061728395 0.71900826446281 0.029320987654320986 0.028925619834710745
0 0.8001543209876543 0.7448347107438017 0.035493827160493825 0.03512396694214876
0 0.7677469135802468 0.7541322314049587 0.041666666666666664 0.06611570247933884
0 0.7854938271604938 0.7809917355371901 0.027777777777777776 0.0371900826446281
0 0.7592592592592592 0.7964876033057852 0.037037037037037035 0.030991735537190084
0 0.7623456790123456 0.8171487603305785 0.033950617283950615 0.030991735537190084
0 0.790895061728395 0.8150826446280992 0.029320987654320986 0.03512396694214876
0 0.7716049382716049 0.8419421487603306 0.033950617283950615 0.030991735537190084
0 0.7291666666666666 0.8409090909090909 0.038580246913580245 0.028925619834710745
0 0.7091049382716049 0.8822314049586777 0.032407407407407406 0.06611570247933884
0 0.7422839506172839 0.8667355371900827 0.027777777777777776 0.04338842975206612
0 0.7608024691358024 0.8966942148760331 0.037037037037037035 0.028925619834710745
0 0.7299382716049382 0.9307851239669421 0.043209876543209874 0.03925619834710744
0 0.7183641975308641 0.987603305785124 0.029320987654320986 0.024793388429752067
0 0.7700617283950617 0.9566115702479339 0.027777777777777776 0.0371900826446281
0 0.8040123456790123 0.8956611570247934 0.033950617283950615 0.05578512396694215
0 0.9297839506172839 0.6105371900826446 0.05709876543209876 0.047520661157024795
0 0.9884259259259258 0.6198347107438017 0.023148148148148147 0.049586776859504134
0 0.9174382716049382 0.6415289256198348 0.041666666666666664 0.03512396694214876
0 0.8904320987654321 0.6373966942148761 0.030864197530864196 0.030991735537190084
0 0.8503086419753086 0.6497933884297521 0.06481481481481481 0.047520661157024795
0 0.8294753086419753 0.6849173553719008 0.047839506172839504 0.03925619834710744
0 0.8672839506172839 0.6807851239669421 0.033950617283950615 0.026859504132231406
0 0.8479938271604938 0.6973140495867769 0.035493827160493825 0.026859504132231406
0 0.8425925925925926 0.7200413223140496 0.037037037037037035 0.030991735537190084
0 0.8479938271604938 0.7520661157024794 0.029320987654320986 0.024793388429752067
0 0.9683641975308641 0.6580578512396694 0.023148148148148147 0.047520661157024795
0 0.9251543209876543 0.6621900826446281 0.026234567901234566 0.03512396694214876
0 0.9521604938271604 0.6373966942148761 0.033950617283950615 0.03925619834710744
0 0.9853395061728395 0.6859504132231405 0.029320987654320986 0.045454545454545456
0 0.9429012345679012 0.6673553719008265 0.027777777777777776 0.024793388429752067
0 0.9575617283950617 0.6942148760330579 0.029320987654320986 0.0371900826446281
0 0.9668209876543209 0.7334710743801653 0.05092592592592592 0.06198347107438017
0 0.9112654320987654 0.6942148760330579 0.06944444444444445 0.049586776859504134
0 0.8935185185185185 0.6735537190082644 0.030864197530864196 0.045454545454545456
0 0.8688271604938271 0.7117768595041323 0.027777777777777776 0.04338842975206612
0 0.8912037037037036 0.7510330578512396 0.047839506172839504 0.07644628099173553
0 0.927469135802469 0.7334710743801653 0.040123456790123455 0.0371900826446281
0 0.9205246913580246 0.7541322314049587 0.029320987654320986 0.03305785123966942
0 0.9359567901234568 0.7851239669421488 0.023148148148148147 0.0371900826446281
0 0.9182098765432098 0.7933884297520661 0.021604938271604937 0.04132231404958678
0 0.9614197530864197 0.856404958677686 0.046296296296296294 0.04338842975206612
0 0.9776234567901234 0.8977272727272727 0.032407407407407406 0.030991735537190084
0 0.8996913580246914 0.9338842975206612 0.05246913580246913 0.08264462809917356
0 0.9359567901234568 0.981404958677686 0.032407407407407406 0.03305785123966942
0 0.9637345679012345 0.9855371900826446 0.035493827160493825 0.024793388429752067
0 0.9938271604938271 0.953512396694215 0.012345679012345678 0.03512396694214876
0 0.9907407407407407 0.9834710743801653 0.018518518518518517 0.024793388429752067
