0 0.7034313725490196 0.28594771241830064 0.029411764705882353 0.049019607843137254
0 0.6850490196078431 0.32107843137254904 0.01715686274509804 0.03104575163398693
0 0.6703431372549019 0.35866013071895425 0.01715686274509804 0.03758169934640523
0 0.6948529411764706 0.34477124183006536 0.012254901960784314 0.026143790849673203
0 0.6703431372549019 0.3962418300653595 0.031862745098039214 0.05392156862745098
0 0.6182598039215687 0.48284313725490197 0.03308823529411765 0.04084967320261438
0 0.5863970588235294 0.542483660130719 0.030637254901960783 0.058823529411764705
0 0.5594362745098039 0.5857843137254902 0.025735294117647058 0.04738562091503268
0 0.539828431372549 0.6274509803921569 0.020833333333333332 0.042483660130718956
0 0.4877450980392157 0.7687908496732027 0.0196078431372549 0.04084967320261438
0 0.4724264705882353 0.7941176470588236 0.01838235294117647 0.0392156862745098
0 0.4834558823529412 0.8349673202614379 0.020833333333333332 0.04575163398692811
