0 0.007965686274509803 0.8243464052287582 0.013480392156862746 0.03758169934640523
0 0.8455882352941176 0.5212418300653595 0.031862745098039214 0.04575163398692811
0 0.7800245098039216 0.5383986928104575 0.025735294117647058 0.02777777777777778
0 0.7089460784313726 0.5449346405228759 0.030637254901960783 0.04084967320261438
0 0.7303921568627451 0.5490196078431373 0.02696078431372549 0.03594771241830066
0 0.7561274509803921 0.5555555555555556 0.029411764705882353 0.032679738562091505
0 0.7837009803921569 0.5588235294117647 0.03308823529411765 0.032679738562091505
0 0.8088235294117647 0.5588235294117647 0.022058823529411763 0.022875816993464054
0 0.8278186274509803 0.565359477124183 0.025735294117647058 0.026143790849673203
0 0.852328431372549 0.5816993464052288 0.023284313725490197 0.022875816993464054
0 0.8933823529411764 0.5955882352941176 0.031862745098039214 0.02777777777777778
0 0.9375 0.6029411764705882 0.0392156862745098 0.03594771241830066
0 0.9626225490196079 0.6160130718954249 0.025735294117647058 0.029411764705882353
0 0.7941176470588235 0.5808823529411765 0.022058823529411763 0.021241830065359478
0 0.8161764705882353 0.5915032679738562 0.024509803921568627 0.03594771241830066
0 0.8339460784313726 0.5915032679738562 0.015931372549019607 0.032679738562091505
0 0.7034313725490196 0.573529411764706 0.02696078431372549 0.026143790849673203
0 0.7224264705882353 0.5890522875816994 0.03308823529411765 0.02777777777777778
0 0.7530637254901961 0.5833333333333334 0.03308823529411765 0.029411764705882353
0 0.7757352941176471 0.6004901960784313 0.031862745098039214 0.02777777777777778
0 0.8014705882352942 0.6029411764705882 0.029411764705882353 0.026143790849673203
0 0.8468137254901961 0.6045751633986929 0.024509803921568627 0.029411764705882353
0 0.8682598039215687 0.6094771241830066 0.028186274509803922 0.029411764705882353
0 0.6770833333333334 0.5890522875816994 0.030637254901960783 0.04084967320261438
0 0.6544117647058824 0.5906862745098039 0.02696078431372549 0.024509803921568627
0 0.65625 0.6151960784313726 0.025735294117647058 0.024509803921568627
0 0.6905637254901961 0.6364379084967321 0.05024509803921569 0.057189542483660136
0 0.7150735294117647 0.6143790849673203 0.025735294117647058 0.0392156862745098
0 0.7352941176470588 0.6258169934640523 0.024509803921568627 0.029411764705882353
0 0.6378676470588235 0.6241830065359477 0.013480392156862746 0.026143790849673203
0 0.65625 0.638888888888889 0.028186274509803922 0.032679738562091505
0 0.6133578431372549 0.6348039215686274 0.0428921568627451 0.03758169934640523
0 0.5949754901960784 0.6266339869281046 0.025735294117647058 0.024509803921568627
0 0.5802696078431372 0.6184640522875817 0.023284313725490197 0.021241830065359478
0 0.5594362745098039 0.6094771241830066 0.030637254901960783 0.029411764705882353
0 0.5667892156862745 0.6348039215686274 0.025735294117647058 0.021241830065359478
0 0.5814950980392157 0.6486928104575164 0.025735294117647058 0.022875816993464054
0 0.6317401960784313 0.6519607843137255 0.023284313725490197 0.029411764705882353
0 0.6525735294117647 0.6576797385620915 0.028186274509803922 0.02777777777777778
0 0.6844362745098039 0.6895424836601307 0.05514705882352941 0.04575163398692811
0 0.7549019607843137 0.6151960784313726 0.0196078431372549 0.03758169934640523
0 0.7708333333333334 0.625 0.029411764705882353 0.03104575163398693
0 0.7928921568627451 0.6241830065359477 0.0196078431372549 0.03594771241830066
0 0.8131127450980392 0.6299019607843137 0.030637254901960783 0.03104575163398693
0 0.8290441176470588 0.6209150326797386 0.025735294117647058 0.026143790849673203
0 0.7310049019607843 0.6568627450980392 0.01838235294117647 0.03594771241830066
0 0.7475490196078431 0.6609477124183006 0.024509803921568627 0.03104575163398693
0 0.78125 0.6429738562091504 0.01838235294117647 0.021241830065359478
0 0.803921568627451 0.6560457516339869 0.03676470588235294 0.03104575163398693
0 0.8388480392156863 0.6560457516339869 0.0428921568627451 0.03758169934640523
0 0.8707107843137255 0.6601307189542484 0.030637254901960783 0.04575163398692811
0 0.8694852941176471 0.6323529411764706 0.028186274509803922 0.03594771241830066
0 0.7328431372549019 0.7017973856209151 0.049019607843137254 0.04411764705882353
0 0.4319852941176471 0.6323529411764706 0.028186274509803922 0.022875816993464054
0 0.45955882352941174 0.6429738562091504 0.02696078431372549 0.021241830065359478
0 0.49203431372549017 0.6544117647058824 0.03308823529411765 0.03104575163398693
0 0.5159313725490196 0.6429738562091504 0.022058823529411763 0.021241830065359478
0 0.5361519607843137 0.6364379084967321 0.025735294117647058 0.021241830065359478
0 0.5575980392156863 0.6486928104575164 0.02696078431372549 0.022875816993464054
0 0.5337009803921569 0.6658496732026143 0.03308823529411765 0.03431372549019608
0 0.5122549019607843 0.667483660130719 0.014705882352941176 0.03104575163398693
0 0.4736519607843137 0.6683006535947713 0.01838235294117647 0.032679738562091505
0 0.45955882352941174 0.6650326797385621 0.01715686274509804 0.029411764705882353
0 0.4932598039215686 0.6764705882352942 0.025735294117647058 0.026143790849673203
0 0.5337009803921569 0.6887254901960784 0.025735294117647058 0.021241830065359478
0 0.5655637254901961 0.6756535947712419 0.03553921568627451 0.04411764705882353
0 0.5992647058823529 0.673202614379085 0.044117647058823525 0.042483660130718956
0 0.4417892156862745 0.6584967320261438 0.023284313725490197 0.026143790849673203
0 0.4264705882352941 0.6658496732026143 0.0196078431372549 0.03431372549019608
0 0.40625 0.6609477124183006 0.020833333333333332 0.024509803921568627
0 0.41299019607843135 0.6813725490196079 0.0196078431372549 0.029411764705882353
0 0.41973039215686275 0.6968954248366013 0.01838235294117647 0.03104575163398693
0 0.4926470588235294 0.6944444444444444 0.0196078431372549 0.026143790849673203
0 0.3799019607843137 0.6805555555555556 0.031862745098039214 0.02777777777777778
0 0.39338235294117646 0.7001633986928105 0.024509803921568627 0.024509803921568627
0 0.4424019607843137 0.6805555555555556 0.02696078431372549 0.024509803921568627
0 0.4540441176470588 0.704248366013072 0.04044117647058824 0.042483660130718956
0 0.47855392156862747 0.7001633986928105 0.015931372549019607 0.02777777777777778
0 0.5091911764705882 0.7107843137254902 0.020833333333333332 0.0392156862745098
0 0.5404411764705882 0.7132352941176471 0.04656862745098039 0.04084967320261438
0 0.5784313725490196 0.7026143790849674 0.03431372549019608 0.032679738562091505
0 0.6041666666666666 0.6993464052287582 0.022058823529411763 0.029411764705882353
0 0.3229166666666667 0.7091503267973857 0.023284313725490197 0.029411764705882353
0 0.3443627450980392 0.7050653594771242 0.022058823529411763 0.02777777777777778
0 0.36580882352941174 0.7099673202614379 0.03553921568627451 0.04084967320261438
0 0.3860294117647059 0.7165032679738562 0.0196078431372549 0.021241830065359478
0 0.40931372549019607 0.732843137254902 0.031862745098039214 0.057189542483660136
0 0.33762254901960786 0.7295751633986929 0.03308823529411765 0.02777777777777778
0 0.3682598039215686 0.7434640522875817 0.04779411764705882 0.042483660130718956
0 0.3075980392156863 0.7287581699346406 0.024509803921568627 0.029411764705882353
0 0.3241421568627451 0.7459150326797386 0.023284313725490197 0.021241830065359478
0 0.33394607843137253 0.763888888888889 0.03308823529411765 0.03758169934640523
0 0.3051470588235294 0.7581699346405228 0.029411764705882353 0.026143790849673203
0 0.2849264705882353 0.7516339869281046 0.023284313725490197 0.0196078431372549
0 0.2708333333333333 0.763888888888889 0.0196078431372549 0.03104575163398693
0 0.26838235294117646 0.7843137254901961 0.024509803921568627 0.022875816993464054
0 0.25 0.8022875816993464 0.03431372549019608 0.029411764705882353
0 0.2579656862745098 0.8284313725490197 0.04534313725490196 0.0392156862745098
0 0.29473039215686275 0.7777777777777778 0.025735294117647058 0.022875816993464054
0 0.3014705882352941 0.7933006535947713 0.02696078431372549 0.021241830065359478
0 0.2959558823529412 0.8112745098039216 0.023284313725490197 0.024509803921568627
0 0.31556372549019607 0.7834967320261438 0.01838235294117647 0.021241830065359478
0 0.3394607843137255 0.798202614379085 0.041666666666666664 0.03758169934640523
0 0.31433823529411764 0.8243464052287582 0.020833333333333332 0.021241830065359478
0 0.3363970588235294 0.8382352941176471 0.020833333333333332 0.029411764705882353
0 0.3480392156862745 0.7720588235294118 0.01715686274509804 0.021241830065359478
0 0.36090686274509803 0.7712418300653595 0.020833333333333332 0.026143790849673203
0 0.3872549019607843 0.7696078431372549 0.031862745098039214 0.029411764705882353
0 0.36887254901960786 0.7867647058823529 0.022058823529411763 0.024509803921568627
0 0.3909313725490196 0.8022875816993464 0.044117647058823525 0.06209150326797386
0 0.36151960784313725 0.8063725490196079 0.024509803921568627 0.024509803921568627
0 0.3517156862745098 0.8218954248366014 0.02696078431372549 0.0196078431372549
0 0.3639705882352941 0.8333333333333334 0.022058823529411763 0.0196078431372549
0 0.37683823529411764 0.8431372549019608 0.025735294117647058 0.022875816993464054
0 0.3952205882352941 0.8431372549019608 0.01838235294117647 0.022875816993464054
0 0.40441176470588236 0.8284313725490197 0.0196078431372549 0.0196078431372549
0 0.4375 0.7344771241830066 0.03431372549019608 0.03104575163398693
0 0.4270833333333333 0.7630718954248367 0.04044117647058824 0.032679738562091505
0 0.4258578431372549 0.7883986928104575 0.03553921568627451 0.03104575163398693
0 0.4497549019607843 0.7851307189542484 0.024509803921568627 0.024509803921568627
0 0.43504901960784315 0.815359477124183 0.049019607843137254 0.0392156862745098
0 0.41360294117647056 0.8472222222222222 0.025735294117647058 0.021241830065359478
0 0.4387254901960784 0.8464052287581699 0.029411764705882353 0.022875816993464054
0 0.46568627450980393 0.7753267973856209 0.014705882352941176 0.03104575163398693
0 0.4699754901960784 0.7352941176470589 0.05024509803921569 0.049019607843137254
0 0.4938725490196078 0.7165032679738562 0.02696078431372549 0.02777777777777778
0 0.5 0.7483660130718954 0.056372549019607844 0.04575163398692811
0 0.48284313725490197 0.7785947712418301 0.029411764705882353 0.03431372549019608
0 0.49080882352941174 0.8088235294117647 0.05024509803921569 0.0392156862745098
0 0.4693627450980392 0.8366013071895425 0.03676470588235294 0.029411764705882353
0 0.5018382352941176 0.8382352941176471 0.030637254901960783 0.022875816993464054
0 0.5686274509803921 0.7361111111111112 0.029411764705882353 0.04084967320261438
0 0.5386029411764706 0.7483660130718954 0.03553921568627451 0.03594771241830066
0 0.5471813725490196 0.7679738562091504 0.03308823529411765 0.026143790849673203
0 0.5208333333333334 0.7826797385620915 0.02696078431372549 0.029411764705882353
0 0.5318627450980392 0.792483660130719 0.0196078431372549 0.029411764705882353
0 0.5655637254901961 0.7769607843137255 0.023284313725490197 0.021241830065359478
0 0.5968137254901961 0.7279411764705882 0.031862745098039214 0.03431372549019608
0 0.5882352941176471 0.7540849673202614 0.03676470588235294 0.03431372549019608
0 0.6286764705882353 0.6781045751633987 0.02696078431372549 0.032679738562091505
0 0.6458333333333334 0.6707516339869282 0.01715686274509804 0.024509803921568627
0 0.6464460784313726 0.7026143790849674 0.028186274509803922 0.04575163398692811
0 0.6188725490196079 0.7001633986928105 0.0196078431372549 0.02777777777777778
0 0.6329656862745098 0.7361111111111112 0.05024509803921569 0.04411764705882353
0 0.664828431372549 0.732843137254902 0.020833333333333332 0.03104575163398693
0 0.6979166666666666 0.7279411764705882 0.04779411764705882 0.04411764705882353
0 0.6096813725490196 0.7794117647058824 0.028186274509803922 0.026143790849673203
0 0.6292892156862745 0.7712418300653595 0.030637254901960783 0.026143790849673203
0 0.6642156862745098 0.7671568627450981 0.0392156862745098 0.03104575163398693
0 0.5888480392156863 0.7859477124183006 0.028186274509803922 0.03594771241830066
0 0.5723039215686274 0.7933006535947713 0.024509803921568627 0.021241830065359478
0 0.5404411764705882 0.8022875816993464 0.01715686274509804 0.032679738562091505
0 0.5631127450980392 0.8120915032679739 0.03308823529411765 0.042483660130718956
0 0.5870098039215687 0.815359477124183 0.024509803921568627 0.029411764705882353
0 0.5238970588235294 0.815359477124183 0.020833333333333332 0.022875816993464054
0 0.5251225490196079 0.8316993464052288 0.023284313725490197 0.0196078431372549
0 0.5275735294117647 0.8504901960784313 0.020833333333333332 0.03431372549019608
0 0.5428921568627451 0.8267973856209151 0.01715686274509804 0.032679738562091505
0 0.625 0.7933006535947713 0.03431372549019608 0.03104575163398693
0 0.6605392156862745 0.7908496732026145 0.022058823529411763 0.022875816993464054
0 0.647671568627451 0.8071895424836601 0.030637254901960783 0.026143790849673203
0 0.610906862745098 0.8169934640522876 0.030637254901960783 0.032679738562091505
0 0.5992647058823529 0.8325163398692811 0.029411764705882353 0.024509803921568627
0 0.571078431372549 0.8439542483660131 0.02696078431372549 0.024509803921568627
0 0.6213235294117647 0.8423202614379085 0.014705882352941176 0.03104575163398693
0 0.642156862745098 0.8357843137254902 0.014705882352941176 0.03431372549019608
0 0.6966911764705882 0.7589869281045751 0.030637254901960783 0.03104575163398693
0 0.7107843137254902 0.7794117647058824 0.031862745098039214 0.032679738562091505
0 0.6844362745098039 0.7851307189542484 0.028186274509803922 0.024509803921568627
0 0.6721813725490196 0.8063725490196079 0.023284313725490197 0.021241830065359478
0 0.696078431372549 0.8014705882352942 0.031862745098039214 0.024509803921568627
0 0.6832107843137255 0.8202614379084967 0.023284313725490197 0.022875816993464054
0 0.7022058823529411 0.8227124183006537 0.022058823529411763 0.03104575163398693
0 0.7248774509803921 0.8120915032679739 0.023284313725490197 0.032679738562091505
0 0.7395833333333334 0.7687908496732027 0.025735294117647058 0.02777777777777778
0 0.7408088235294118 0.7949346405228759 0.028186274509803922 0.021241830065359478
0 0.7463235294117647 0.8129084967320261 0.024509803921568627 0.021241830065359478
0 0.7291666666666666 0.7393790849673203 0.0196078431372549 0.024509803921568627
0 0.7591911764705882 0.7426470588235294 0.05024509803921569 0.04411764705882353
0 0.7665441176470588 0.7867647058823529 0.0428921568627451 0.05065359477124183
0 0.7879901960784313 0.7704248366013072 0.02696078431372549 0.024509803921568627
0 0.7935049019607843 0.7034313725490197 0.05024509803921569 0.04738562091503268
0 0.8247549019607843 0.6862745098039216 0.041666666666666664 0.032679738562091505
0 0.8504901960784313 0.6772875816993464 0.02696078431372549 0.021241830065359478
0 0.8707107843137255 0.6928104575163399 0.0428921568627451 0.029411764705882353
0 0.8327205882352942 0.7189542483660131 0.04779411764705882 0.04575163398692811
0 0.8118872549019608 0.7393790849673203 0.025735294117647058 0.02777777777777778
0 0.7873774509803921 0.738562091503268 0.04044117647058824 0.049019607843137254
0 0.8229166666666666 0.7712418300653595 0.0428921568627451 0.049019607843137254
0 0.8125 0.8063725490196079 0.05392156862745098 0.04738562091503268
0 0.8474264705882353 0.815359477124183 0.020833333333333332 0.022875816993464054
0 0.8529411764705882 0.75 0.0392156862745098 0.03594771241830066
0 0.8743872549019608 0.7246732026143791 0.05024509803921569 0.04411764705882353
0 0.8854166666666666 0.7450980392156863 0.015931372549019607 0.026143790849673203
0 0.8872549019607843 0.7655228758169935 0.0196078431372549 0.021241830065359478
0 0.8590686274509803 0.7859477124183006 0.0392156862745098 0.042483660130718956
0 0.8780637254901961 0.798202614379085 0.03308823529411765 0.04411764705882353
0 0.9037990196078431 0.8022875816993464 0.04044117647058824 0.032679738562091505
0 0.8970588235294118 0.8267973856209151 0.02696078431372549 0.026143790849673203
0 0.9087009803921569 0.6184640522875817 0.023284313725490197 0.03431372549019608
0 0.8884803921568627 0.6209150326797386 0.024509803921568627 0.022875816993464054
0 0.8915441176470588 0.6503267973856209 0.020833333333333332 0.05228758169934641
0 0.9209558823529411 0.6274509803921569 0.028186274509803922 0.029411764705882353
0 0.9424019607843137 0.6584967320261438 0.04656862745098039 0.04575163398692811
0 0.8964460784313726 0.6887254901960784 0.030637254901960783 0.03104575163398693
0 0.9117647058823529 0.6560457516339869 0.0196078431372549 0.021241830065359478
0 0.9203431372549019 0.6911764705882353 0.022058823529411763 0.032679738562091505
0 0.9399509803921569 0.6870915032679739 0.029411764705882353 0.02777777777777778
0 0.9712009803921569 0.6413398692810458 0.028186274509803922 0.02777777777777778
0 0.9050245098039216 0.7173202614379085 0.020833333333333332 0.022875816993464054
0 0.9209558823529411 0.7189542483660131 0.01838235294117647 0.026143790849673203
0 0.9080882352941176 0.738562091503268 0.022058823529411763 0.0196078431372549
0 0.9301470588235294 0.7393790849673203 0.024509803921568627 0.024509803921568627
0 0.9172794117647058 0.7663398692810458 0.04534313725490196 0.042483660130718956
0 0.991421568627451 0.6511437908496732 0.01715686274509804 0.021241830065359478
0 0.9748774509803921 0.6642156862745098 0.025735294117647058 0.021241830065359478
0 0.9669117647058824 0.6895424836601307 0.02696078431372549 0.04575163398692811
0 0.9877450980392156 0.6764705882352942 0.022058823529411763 0.022875816993464054
0 0.9865196078431372 0.6968954248366013 0.02696078431372549 0.02777777777777778
0 0.9552696078431372 0.7238562091503268 0.03553921568627451 0.029411764705882353
0 0.9534313725490196 0.7467320261437909 0.024509803921568627 0.022875816993464054
0 0.9718137254901961 0.7475490196078431 0.0196078431372549 0.021241830065359478
0 0.9895833333333334 0.7491830065359477 0.020833333333333332 0.02777777777777778
0 0.9785539215686274 0.7663398692810458 0.023284313725490197 0.0196078431372549
0 0.9503676470588235 0.7777777777777778 0.023284313725490197 0.04575163398692811
0 0.9638480392156863 0.7712418300653595 0.015931372549019607 0.032679738562091505
