0 0.02696078431372549 0.494281045751634 0.014705882352941176 0.024509803921568627
0 0.02022058823529412 0.5114379084967321 0.01838235294117647 0.022875816993464054
0 0.03308823529411765 0.5220588235294118 0.014705882352941176 0.021241830065359478
0 0.004901960784313725 0.5114379084967321 0.007352941176470588 0.029411764705882353
0 0.012254901960784314 0.5220588235294118 0.012254901960784314 0.024509803921568627
0 0.02267156862745098 0.5334967320261438 0.013480392156862746 0.024509803921568627
0 0.007352941176470588 0.5400326797385621 0.012254901960784314 0.024509803921568627
0 0.011029411764705881 0.6111111111111112 0.0196078431372549 0.0196078431372549
0 0.010416666666666666 0.6282679738562091 0.01838235294117647 0.01797385620915033
0 0.04595588235294117 0.638888888888889 0.023284313725490197 0.0196078431372549
0 0.03002450980392157 0.6339869281045751 0.015931372549019607 0.016339869281045753
0 0.016544117647058824 0.6486928104575164 0.020833333333333332 0.029411764705882353
0 0.02696078431372549 0.6568627450980392 0.012254901960784314 0.026143790849673203
0 0.017769607843137254 0.7001633986928105 0.020833333333333332 0.024509803921568627
0 0.03002450980392157 0.7099673202614379 0.020833333333333332 0.01797385620915033
0 0.01715686274509804 0.7197712418300654 0.012254901960784314 0.024509803921568627
0 0.00857843137254902 0.7303921568627452 0.012254901960784314 0.026143790849673203
0 0.02696078431372549 0.738562091503268 0.024509803921568627 0.0196078431372549
0 0.04350490196078431 0.7303921568627452 0.020833333333333332 0.016339869281045753
0 0.04105392156862745 0.7483660130718954 0.013480392156862746 0.022875816993464054
0 0.028799019607843136 0.7573529411764706 0.011029411764705881 0.021241830065359478
0 0.006740196078431373 0.755718954248366 0.011029411764705881 0.03431372549019608
0 0.02022058823529412 0.7565359477124183 0.011029411764705881 0.026143790849673203
0 0.011642156862745098 0.7516339869281046 0.011029411764705881 0.022875816993464054
0 0.026348039215686275 0.7769607843137255 0.015931372549019607 0.02777777777777778
0 0.042279411764705885 0.7704248366013072 0.013480392156862746 0.024509803921568627
0 0.012867647058823529 0.8031045751633987 0.015931372549019607 0.03104575163398693
0 0.016544117647058824 0.8374183006535948 0.023284313725490197 0.04411764705882353
0 0.032475490196078434 0.8178104575163399 0.015931372549019607 0.02777777777777778
0 0.037377450980392156 0.792483660130719 0.015931372549019607 0.032679738562091505
0 0.007352941176470588 0.8619281045751634 0.012254901960784314 0.03104575163398693
0 0.02144607843137255 0.8700980392156863 0.01838235294117647 0.03104575163398693
0 0.03676470588235294 0.8594771241830066 0.014705882352941176 0.022875816993464054
0 0.042279411764705885 0.8815359477124183 0.020833333333333332 0.024509803921568627
0 0.0741421568627451 0.875 0.01838235294117647 0.02777777777777778
0 0.10477941176470588 0.8774509803921569 0.03553921568627451 0.06209150326797386
0 0.026348039215686275 0.9035947712418301 0.020833333333333332 0.032679738562091505
0 0.011642156862745098 0.9109477124183006 0.01838235294117647 0.021241830065359478
0 0.00857843137254902 0.9354575163398693 0.014705882352941176 0.03758169934640523
0 0.02267156862745098 0.9411764705882353 0.01838235294117647 0.026143790849673203
0 0.01715686274509804 0.9550653594771242 0.012254901960784314 0.024509803921568627
0 0.00857843137254902 0.9779411764705883 0.014705882352941176 0.04411764705882353
0 0.044117647058823525 0.9534313725490197 0.0196078431372549 0.01797385620915033
0 0.03676470588235294 0.934640522875817 0.012254901960784314 0.022875816993464054
0 0.025122549019607844 0.9240196078431373 0.01838235294117647 0.014705882352941176
0 0.025735294117647058 0.9795751633986929 0.0196078431372549 0.014705882352941176
0 0.04718137254901961 0.9861111111111112 0.020833333333333332 0.02777777777777778
0 0.02696078431372549 0.9926470588235294 0.029411764705882353 0.014705882352941176
0 0.024509803921568627 0.9656862745098039 0.014705882352941176 0.016339869281045753
0 0.034926470588235295 0.9705882352941176 0.013480392156862746 0.0196078431372549
0 0.058823529411764705 0.8921568627450981 0.022058823529411763 0.013071895424836602
0 0.09558823529411764 0.9893790849673203 0.012254901960784314 0.021241830065359478
0 0.05269607843137255 0.7132352941176471 0.012254901960784314 0.02777777777777778
0 0.005514705882352941 0.6470588235294118 0.00857843137254902 0.022875816993464054
0 0.015931372549019607 0.6699346405228759 0.01715686274509804 0.016339869281045753
0 0.00857843137254902 0.7091503267973857 0.014705882352941176 0.0196078431372549
