0 0.35049019607843135 0.6593137254901961 0.02696078431372549 0.024509803921568627
0 0.39215686274509803 0.6535947712418301 0.02696078431372549 0.026143790849673203
0 0.4172794117647059 0.6478758169934641 0.030637254901960783 0.024509803921568627
0 0.4430147058823529 0.6446078431372549 0.025735294117647058 0.024509803921568627
0 0.43443627450980393 0.6625816993464052 0.030637254901960783 0.021241830065359478
0 0.37745098039215685 0.6429738562091504 0.029411764705882353 0.024509803921568627
0 0.4797794117647059 0.6405228758169935 0.06495098039215687 0.05555555555555556
0 0.5220588235294118 0.6511437908496732 0.029411764705882353 0.024509803921568627
0 0.5361519607843137 0.6617647058823529 0.030637254901960783 0.022875816993464054
0 0.8982843137254902 0.5645424836601307 0.031862745098039214 0.02777777777777778
0 0.8602941176470588 0.5661764705882353 0.049019607843137254 0.04084967320261438
0 0.8125 0.571078431372549 0.05392156862745098 0.04738562091503268
0 0.7745098039215687 0.5612745098039216 0.02696078431372549 0.024509803921568627
0 0.7506127450980392 0.571078431372549 0.028186274509803922 0.02777777777777778
0 0.7714460784313726 0.5808823529411765 0.025735294117647058 0.024509803921568627
0 0.7781862745098039 0.5996732026143791 0.029411764705882353 0.026143790849673203
0 0.8075980392156863 0.6004901960784313 0.031862745098039214 0.02777777777777778
0 0.8700980392156863 0.5996732026143791 0.024509803921568627 0.032679738562091505
0 0.8321078431372549 0.6070261437908497 0.02696078431372549 0.02777777777777778
0 0.7904411764705882 0.6184640522875817 0.024509803921568627 0.024509803921568627
0 0.7401960784313726 0.5898692810457516 0.029411764705882353 0.029411764705882353
0 0.7549019607843137 0.6102941176470589 0.02696078431372549 0.02777777777777778
0 0.7291666666666666 0.619281045751634 0.024509803921568627 0.026143790849673203
0 0.7083333333333334 0.6013071895424836 0.029411764705882353 0.026143790849673203
