0 0.3946078431372549 0.03431372549019608 0.029411764705882353 0.05228758169934641
0 0.41973039215686275 0.03104575163398693 0.015931372549019607 0.0392156862745098
0 0.4424019607843137 0.026143790849673203 0.022058823529411763 0.04575163398692811
0 0.4387254901960784 0.07107843137254902 0.01715686274509804 0.04084967320261438
0 0.3474264705882353 0.018790849673202614 0.011029411764705881 0.024509803921568627
0 0.33578431372549017 0.014705882352941176 0.01715686274509804 0.026143790849673203
0 0.3229166666666667 0.0392156862745098 0.020833333333333332 0.029411764705882353
0 0.3327205882352941 0.06290849673202614 0.023284313725490197 0.04411764705882353
0 0.3517156862745098 0.058823529411764705 0.012254901960784314 0.026143790849673203
0 0.3443627450980392 0.07598039215686275 0.014705882352941176 0.024509803921568627
0 0.3700980392156863 0.03839869281045752 0.02696078431372549 0.06372549019607843
0 0.3799019607843137 0.07679738562091504 0.04656862745098039 0.03594771241830066
0 0.4050245098039216 0.09640522875816994 0.030637254901960783 0.049019607843137254
0 0.41605392156862747 0.06535947712418301 0.015931372549019607 0.029411764705882353
0 0.42401960784313725 0.10212418300653595 0.031862745098039214 0.03431372549019608
0 0.43504901960784315 0.11846405228758171 0.014705882352941176 0.03104575163398693
0 0.33026960784313725 0.09068627450980392 0.020833333333333332 0.021241830065359478
0 0.3676470588235294 0.11029411764705882 0.0392156862745098 0.05392156862745098
0 0.34558823529411764 0.119281045751634 0.01715686274509804 0.026143790849673203
0 0.3866421568627451 0.11029411764705882 0.013480392156862746 0.02777777777777778
0 0.4215686274509804 0.1323529411764706 0.01715686274509804 0.029411764705882353
0 0.4105392156862745 0.1388888888888889 0.014705882352941176 0.032679738562091505
0 0.3988970588235294 0.14869281045751634 0.01838235294117647 0.032679738562091505
0 0.38112745098039214 0.14624183006535948 0.014705882352941176 0.024509803921568627
0 0.36703431372549017 0.14460784313725492 0.013480392156862746 0.021241830065359478
0 0.3553921568627451 0.1454248366013072 0.01715686274509804 0.029411764705882353
0 0.40870098039215685 0.17320261437908496 0.01838235294117647 0.03594771241830066
0 0.383578431372549 0.16666666666666669 0.024509803921568627 0.022875816993464054
0 0.3841911764705882 0.19362745098039216 0.015931372549019607 0.03104575163398693
0 0.40441176470588236 0.23692810457516342 0.0196078431372549 0.0392156862745098
0 0.38174019607843135 0.2426470588235294 0.030637254901960783 0.04084967320261438
0 0.35723039215686275 0.25 0.01838235294117647 0.03594771241830066
0 0.38786764705882354 0.2696078431372549 0.015931372549019607 0.032679738562091505
0 0.3995098039215686 0.2785947712418301 0.024509803921568627 0.04084967320261438
0 0.40870098039215685 0.303921568627451 0.013480392156862746 0.0392156862745098
0 0.35355392156862747 0.28431372549019607 0.01838235294117647 0.029411764705882353
0 0.36887254901960786 0.29248366013071897 0.022058823529411763 0.03594771241830066
0 0.37806372549019607 0.309640522875817 0.020833333333333332 0.03758169934640523
0 0.39338235294117646 0.3088235294117647 0.0196078431372549 0.03594771241830066
0 0.39215686274509803 0.35947712418300654 0.0196078431372549 0.032679738562091505
0 0.36703431372549017 0.3619281045751634 0.025735294117647058 0.04084967320261438
0 0.35049019607843135 0.3553921568627451 0.0196078431372549 0.03758169934640523
0 0.3909313725490196 0.3929738562091503 0.0196078431372549 0.03758169934640523
0 0.3737745098039216 0.4027777777777778 0.01715686274509804 0.03758169934640523
0 0.3547794117647059 0.39869281045751637 0.025735294117647058 0.04575163398692811
0 0.3639705882352941 0.4207516339869281 0.014705882352941176 0.03431372549019608
0 0.3854166666666667 0.42483660130718953 0.015931372549019607 0.029411764705882353
0 0.3737745098039216 0.4387254901960784 0.014705882352941176 0.03431372549019608
0 0.3529411764705882 0.4436274509803922 0.024509803921568627 0.04738562091503268
0 0.35661764705882354 0.4901960784313726 0.02696078431372549 0.05555555555555556
0 0.33394607843137253 0.5089869281045751 0.028186274509803922 0.057189542483660136
0 0.3915441176470588 0.5073529411764706 0.015931372549019607 0.03431372549019608
0 0.3676470588235294 0.5285947712418301 0.01715686274509804 0.03104575163398693
0 0.38112745098039214 0.5285947712418301 0.014705882352941176 0.02777777777777778
0 0.3547794117647059 0.548202614379085 0.028186274509803922 0.06045751633986928
0 0.33762254901960786 0.5588235294117647 0.01838235294117647 0.032679738562091505
0 0.3713235294117647 0.5784313725490197 0.014705882352941176 0.026143790849673203
0 0.34375 0.5849673202614379 0.015931372549019607 0.026143790849673203
0 0.36151960784313725 0.6184640522875817 0.014705882352941176 0.02777777777777778
0 0.3517156862745098 0.6421568627450981 0.012254901960784314 0.026143790849673203
0 0.991421568627451 0.3137254901960784 0.01715686274509804 0.049019607843137254
0 0.9871323529411764 0.3464052287581699 0.023284313725490197 0.026143790849673203
0 0.9515931372549019 0.3962418300653595 0.013480392156862746 0.024509803921568627
0 0.9761029411764706 0.4109477124183007 0.025735294117647058 0.021241830065359478
0 0.9926470588235294 0.4256535947712418 0.014705882352941176 0.04738562091503268
0 0.9258578431372549 0.39869281045751637 0.01838235294117647 0.029411764705882353
0 0.9375 0.4281045751633987 0.031862745098039214 0.058823529411764705
0 0.9693627450980392 0.43790849673202614 0.0392156862745098 0.04575163398692811
0 0.9136029411764706 0.4354575163398693 0.025735294117647058 0.03758169934640523
0 0.9093137254901961 0.46486928104575165 0.0196078431372549 0.04084967320261438
0 0.9313725490196079 0.4665032679738562 0.02696078431372549 0.024509803921568627
0 0.9908088235294118 0.4607843137254902 0.01838235294117647 0.0392156862745098
0 0.9669117647058824 0.49183006535947715 0.02696078431372549 0.03594771241830066
0 0.9742647058823529 0.47058823529411764 0.024509803921568627 0.032679738562091505
0 0.9430147058823529 0.49673202614379086 0.01838235294117647 0.032679738562091505
0 0.985906862745098 0.4950980392156863 0.028186274509803922 0.022875816993464054
0 0.9571078431372549 0.5196078431372549 0.014705882352941176 0.026143790849673203
0 0.9761029411764706 0.5285947712418301 0.020833333333333332 0.05065359477124183
0 0.9877450980392156 0.5620915032679739 0.01715686274509804 0.03594771241830066
0 0.9607843137254902 0.5588235294117647 0.029411764705882353 0.029411764705882353
0 0.9754901960784313 0.5776143790849674 0.01715686274509804 0.03104575163398693
0 0.9595588235294118 0.5841503267973857 0.0196078431372549 0.03104575163398693
0 0.991421568627451 0.5923202614379085 0.01715686274509804 0.03104575163398693
0 0.9724264705882353 0.6021241830065359 0.030637254901960783 0.021241830065359478
0 0.9828431372549019 0.6225490196078431 0.012254901960784314 0.022875816993464054
0 0.9712009803921569 0.6233660130718954 0.01838235294117647 0.024509803921568627
0 0.9540441176470588 0.6299019607843137 0.023284313725490197 0.04738562091503268
0 0.9705882352941176 0.6413398692810458 0.0196078431372549 0.02777777777777778
0 0.9889705882352942 0.6486928104575164 0.01715686274509804 0.029411764705882353
0 0.9846813725490196 0.6715686274509804 0.025735294117647058 0.0392156862745098
0 0.9662990196078431 0.6642156862745098 0.01838235294117647 0.03104575163398693
0 0.9485294117647058 0.6658496732026143 0.029411764705882353 0.03758169934640523
0 0.977328431372549 0.696078431372549 0.023284313725490197 0.0392156862745098
0 0.9313725490196079 0.6764705882352942 0.0196078431372549 0.03594771241830066
0 0.9558823529411764 0.6919934640522876 0.02696078431372549 0.03104575163398693
0 0.9209558823529411 0.7066993464052288 0.01838235294117647 0.03431372549019608
0 0.9381127450980392 0.7140522875816994 0.020833333333333332 0.0392156862745098
0 0.9626225490196079 0.7181372549019608 0.03553921568627451 0.02777777777777778
0 0.9901960784313726 0.7246732026143791 0.0196078431372549 0.03104575163398693
0 0.9761029411764706 0.738562091503268 0.013480392156862746 0.026143790849673203
0 0.9840686274509803 0.755718954248366 0.0196078431372549 0.03431372549019608
0 0.9534313725490196 0.7393790849673203 0.014705882352941176 0.03104575163398693
0 0.9448529411764706 0.7589869281045751 0.022058823529411763 0.04084967320261438
0 0.9093137254901961 0.7189542483660131 0.022058823529411763 0.03594771241830066
0 0.9246323529411764 0.744281045751634 0.023284313725490197 0.03758169934640523
0 0.9074754901960784 0.7687908496732027 0.020833333333333332 0.04084967320261438
0 0.9669117647058824 0.7655228758169935 0.014705882352941176 0.03758169934640523
0 0.9828431372549019 0.7851307189542484 0.01715686274509804 0.02777777777777778
0 0.9656862745098039 0.7369281045751634 0.014705882352941176 0.022875816993464054
0 0.9840686274509803 0.8120915032679739 0.02696078431372549 0.042483660130718956
0 0.9540441176470588 0.7965686274509804 0.020833333333333332 0.04084967320261438
0 0.9209558823529411 0.7875816993464052 0.01838235294117647 0.032679738562091505
0 0.9393382352941176 0.7892156862745098 0.015931372549019607 0.026143790849673203
0 0.9080882352941176 0.7990196078431373 0.024509803921568627 0.032679738562091505
0 0.9056372549019608 0.8316993464052288 0.022058823529411763 0.042483660130718956
0 0.9362745098039216 0.8194444444444444 0.01715686274509804 0.03758169934640523
0 0.9564950980392156 0.8259803921568628 0.03308823529411765 0.024509803921568627
0 0.9718137254901961 0.8496732026143791 0.031862745098039214 0.032679738562091505
0 0.9473039215686274 0.8480392156862745 0.0196078431372549 0.032679738562091505
0 0.9319852941176471 0.8562091503267975 0.015931372549019607 0.032679738562091505
0 0.90625 0.8643790849673203 0.01838235294117647 0.032679738562091505
0 0.9154411764705882 0.8962418300653595 0.01715686274509804 0.03431372549019608
0 0.9411764705882353 0.8790849673202614 0.01715686274509804 0.03594771241830066
0 0.9577205882352942 0.8684640522875817 0.01838235294117647 0.03758169934640523
0 0.9816176470588235 0.8872549019607844 0.03431372549019608 0.05555555555555556
0 0.9558823529411764 0.8913398692810458 0.024509803921568627 0.024509803921568627
0 0.9522058823529411 0.9133986928104575 0.024509803921568627 0.0392156862745098
0 0.9754901960784313 0.9493464052287582 0.031862745098039214 0.06209150326797386
0 0.9522058823529411 0.9460784313725491 0.01715686274509804 0.029411764705882353
0 0.9344362745098039 0.9370915032679739 0.023284313725490197 0.03104575163398693
0 0.9332107843137255 0.9591503267973857 0.025735294117647058 0.022875816993464054
0 0.9093137254901961 0.954248366013072 0.024509803921568627 0.029411764705882353
0 0.8927696078431372 0.9705882352941176 0.01838235294117647 0.026143790849673203
0 0.9080882352941176 0.9746732026143791 0.01715686274509804 0.021241830065359478
0 0.928921568627451 0.9754901960784313 0.024509803921568627 0.016339869281045753
0 0.9301470588235294 0.01388888888888889 0.01715686274509804 0.024509803921568627
0 0.9528186274509803 0.01388888888888889 0.01838235294117647 0.021241830065359478
0 0.9528186274509803 0.9861111111111112 0.028186274509803922 0.021241830065359478
0 0.9871323529411764 0.9738562091503268 0.013480392156862746 0.03594771241830066
0 0.9742647058823529 0.9934640522875817 0.02696078431372549 0.013071895424836602
