0 0.20955882352941177 0.9281045751633987 0.024509803921568627 0.032679738562091505
0 0.2267156862745098 0.9330065359477124 0.022058823529411763 0.026143790849673203
0 0.23345588235294118 0.9558823529411765 0.023284313725490197 0.03594771241830066
0 0.24571078431372548 0.9616013071895425 0.025735294117647058 0.03104575163398693
0 0.25735294117647056 0.982843137254902 0.04656862745098039 0.03431372549019608
0 0.22365196078431374 0.9910130718954249 0.023284313725490197 0.01797385620915033
0 0.21017156862745098 0.9558823529411765 0.030637254901960783 0.032679738562091505
0 0.18933823529411764 0.9534313725490197 0.020833333333333332 0.04738562091503268
0 0.1685049019607843 0.9493464052287582 0.025735294117647058 0.026143790849673203
0 0.16666666666666666 0.9738562091503268 0.02696078431372549 0.032679738562091505
0 0.1488970588235294 0.9918300653594772 0.03553921568627451 0.016339869281045753
0 0.18075980392156862 0.9852941176470589 0.028186274509803922 0.029411764705882353
0 0.20220588235294118 0.9844771241830066 0.024509803921568627 0.03104575163398693
0 0.7512254901960784 0.3823529411764706 0.0196078431372549 0.0196078431372549
