0 0.058823529411764705 0.03676470588235294 0.06372549019607843 0.06699346405228758
0 0.6348039215686274 0.03676470588235294 0.044117647058823525 0.06699346405228758
0 0.9724264705882353 0.03022875816993464 0.04779411764705882 0.04411764705882353
0 0.9332107843137255 0.026143790849673203 0.025735294117647058 0.0196078431372549
0 0.9448529411764706 0.04820261437908497 0.022058823529411763 0.021241830065359478
0 0.9852941176470588 0.14460784313725492 0.0196078431372549 0.05065359477124183
0 0.8933823529411764 0.06209150326797386 0.02696078431372549 0.026143790849673203
0 0.8817401960784313 0.08905228758169935 0.03799019607843137 0.04084967320261438
0 0.8615196078431372 0.022875816993464054 0.029411764705882353 0.03594771241830066
0 0.8462009803921569 0.012254901960784314 0.023284313725490197 0.021241830065359478
0 0.7879901960784313 0.035130718954248366 0.049019607843137254 0.05065359477124183
0 0.8786764705882353 0.03022875816993464 0.024509803921568627 0.024509803921568627
0 0.9007352941176471 0.03349673202614379 0.0196078431372549 0.021241830065359478
0 0.7604166666666666 0.0196078431372549 0.028186274509803922 0.026143790849673203
0 0.7444852941176471 0.049836601307189546 0.03308823529411765 0.03104575163398693
0 0.7334558823529411 0.021241830065359478 0.025735294117647058 0.0392156862745098
0 0.7077205882352942 0.026143790849673203 0.020833333333333332 0.042483660130718956
0 0.6881127450980392 0.018790849673202614 0.025735294117647058 0.024509803921568627
0 0.6685049019607843 0.06290849673202614 0.03553921568627451 0.04411764705882353
0 0.6280637254901961 0.0923202614379085 0.05514705882352941 0.057189542483660136
0 0.6182598039215687 0.14133986928104575 0.06004901960784314 0.05065359477124183
0 0.5716911764705882 0.14297385620915032 0.04534313725490196 0.06045751633986928
0 0.6354166666666666 0.18790849673202614 0.025735294117647058 0.026143790849673203
0 0.5968137254901961 0.0196078431372549 0.05392156862745098 0.03594771241830066
0 0.5876225490196079 0.059640522875817 0.05024509803921569 0.05065359477124183
0 0.5404411764705882 0.028594771241830068 0.041666666666666664 0.03758169934640523
0 0.4932598039215686 0.06045751633986928 0.030637254901960783 0.032679738562091505
0 0.5238970588235294 0.08088235294117647 0.03553921568627451 0.03758169934640523
0 0.5551470588235294 0.08823529411764706 0.031862745098039214 0.032679738562091505
0 0.5827205882352942 0.09477124183006536 0.030637254901960783 0.029411764705882353
0 0.5404411764705882 0.11519607843137256 0.03431372549019608 0.03104575163398693
0 0.6593137254901961 0.12581699346405228 0.031862745098039214 0.029411764705882353
0 0.5098039215686274 0.016339869281045753 0.03676470588235294 0.029411764705882353
0 0.4626225490196078 0.035130718954248366 0.04534313725490196 0.04084967320261438
0 0.42769607843137253 0.0196078431372549 0.029411764705882353 0.029411764705882353
0 0.3694852941176471 0.012254901960784314 0.03308823529411765 0.021241830065359478
0 0.4025735294117647 0.015522875816993464 0.025735294117647058 0.02777777777777778
0 0.4834558823529412 0.013071895424836602 0.028186274509803922 0.022875816993464054
0 0.26715686274509803 0.47058823529411764 0.03676470588235294 0.03594771241830066
