0 0.2549019607843137 0.11683006535947713 0.0392156862745098 0.07352941176470588
0 0.24387254901960784 0.1642156862745098 0.01715686274509804 0.05065359477124183
0 0.41360294117647056 0.4763071895424837 0.03553921568627451 0.04738562091503268
0 0.006740196078431373 0.09313725490196079 0.011029411764705881 0.06209150326797386
0 0.032475490196078434 0.22140522875816995 0.04044117647058824 0.08006535947712419
0 0.014093137254901961 0.2785947712418301 0.025735294117647058 0.08006535947712419
0 0.06004901960784314 0.33496732026143794 0.031862745098039214 0.0784313725490196
0 0.125 0.4199346405228758 0.024509803921568627 0.0392156862745098
0 0.10049019607843138 0.4428104575163399 0.0392156862745098 0.029411764705882353
0 0.16544117647058823 0.46568627450980393 0.03676470588235294 0.06862745098039216
0 0.13112745098039216 0.4722222222222222 0.02696078431372549 0.04575163398692811
0 0.04534313725490196 0.43790849673202614 0.02696078431372549 0.06535947712418301
0 0.016544117647058824 0.45996732026143794 0.030637254901960783 0.04084967320261438
0 0.03002450980392157 0.5106209150326797 0.05024509803921569 0.06699346405228758
0 0.09129901960784313 0.5236928104575164 0.03308823529411765 0.06699346405228758
0 0.06433823529411764 0.5318627450980392 0.023284313725490197 0.04738562091503268
0 0.0741421568627451 0.573529411764706 0.0428921568627451 0.032679738562091505
0 0.15012254901960784 0.5212418300653595 0.020833333333333332 0.049019607843137254
0 0.11580882352941177 0.5784313725490197 0.030637254901960783 0.06862745098039216
0 0.07965686274509803 0.6119281045751634 0.024509803921568627 0.04738562091503268
0 0.09803921568627451 0.6299019607843137 0.02696078431372549 0.04411764705882353
0 0.1133578431372549 0.6609477124183006 0.020833333333333332 0.05065359477124183
0 0.13725490196078433 0.6413398692810458 0.03676470588235294 0.04738562091503268
0 0.13480392156862744 0.5939542483660131 0.0196078431372549 0.04738562091503268
0 0.1568627450980392 0.5718954248366013 0.031862745098039214 0.042483660130718956
0 0.17463235294117646 0.559640522875817 0.025735294117647058 0.04738562091503268
0 0.17279411764705882 0.6143790849673203 0.04656862745098039 0.049019607843137254
0 0.17401960784313725 0.6781045751633987 0.0392156862745098 0.049019607843137254
0 0.1685049019607843 0.7230392156862745 0.05514705882352941 0.09640522875816994
0 0.21384803921568626 0.7696078431372549 0.03553921568627451 0.05555555555555556
0 0.31985294117647056 0.9035947712418301 0.03431372549019608 0.0784313725490196
0 0.2775735294117647 0.869281045751634 0.020833333333333332 0.05555555555555556
0 0.22732843137254902 0.8308823529411765 0.028186274509803922 0.06372549019607843
0 0.23039215686274508 0.8913398692810458 0.031862745098039214 0.06372549019607843
0 0.32169117647058826 0.9705882352941176 0.0428921568627451 0.058823529411764705
0 0.29473039215686275 0.9444444444444444 0.023284313725490197 0.04575163398692811
0 0.27328431372549017 0.9632352941176471 0.041666666666666664 0.07352941176470588
0 0.24080882352941177 0.9575163398692811 0.03308823529411765 0.07189542483660132
0 0.16482843137254902 0.803921568627451 0.03799019607843137 0.04575163398692811
0 0.1801470588235294 0.8464052287581699 0.024509803921568627 0.05228758169934641
0 0.21568627450980393 0.9248366013071896 0.022058823529411763 0.06209150326797386
0 0.1868872549019608 0.9207516339869282 0.04044117647058824 0.08986928104575163
0 0.13051470588235295 0.7679738562091504 0.023284313725490197 0.05555555555555556
0 0.11580882352941177 0.7818627450980392 0.023284313725490197 0.04738562091503268
0 0.1446078431372549 0.8513071895424836 0.051470588235294115 0.08823529411764706
0 0.1213235294117647 0.8848039215686275 0.03431372549019608 0.06699346405228758
0 0.14399509803921567 0.9460784313725491 0.03799019607843137 0.07516339869281045
0 0.06556372549019608 0.8586601307189543 0.03553921568627451 0.057189542483660136
0 0.09497549019607843 0.8333333333333334 0.03799019607843137 0.07189542483660132
0 0.09129901960784313 0.8839869281045752 0.01838235294117647 0.042483660130718956
0 0.06740196078431372 0.9142156862745099 0.024509803921568627 0.04084967320261438
0 0.026348039215686275 0.8267973856209151 0.05024509803921569 0.05555555555555556
0 0.037377450980392156 0.869281045751634 0.03308823529411765 0.05228758169934641
0 0.012254901960784314 0.888888888888889 0.022058823529411763 0.08169934640522876
0 0.10416666666666667 0.9517973856209151 0.049019607843137254 0.08986928104575163
0 0.18872549019607843 0.9812091503267975 0.0661764705882353 0.03758169934640523
