0 0.6691176470588235 0.024509803921568627 0.03676470588235294 0.042483660130718956
0 0.6525735294117647 0.04738562091503268 0.023284313725490197 0.029411764705882353
0 0.6801470588235294 0.05473856209150327 0.022058823529411763 0.024509803921568627
0 0.6997549019607843 0.031862745098039214 0.0196078431372549 0.02777777777777778
0 0.7181372549019608 0.031862745098039214 0.024509803921568627 0.04738562091503268
0 0.7371323529411764 0.06862745098039216 0.015931372549019607 0.029411764705882353
0 0.7175245098039216 0.07679738562091504 0.013480392156862746 0.03594771241830066
0 0.7297794117647058 0.10294117647058824 0.013480392156862746 0.0392156862745098
0 0.710171568627451 0.16176470588235295 0.04534313725490196 0.07189542483660132
0 0.7530637254901961 0.18872549019607843 0.0428921568627451 0.04084967320261438
0 0.7665441176470588 0.14705882352941177 0.023284313725490197 0.042483660130718956
0 0.7549019607843137 0.07679738562091504 0.01715686274509804 0.03594771241830066
0 0.7830882352941176 0.08986928104575163 0.024509803921568627 0.0392156862745098
0 0.8045343137254902 0.09722222222222222 0.015931372549019607 0.03104575163398693
0 0.8216911764705882 0.09150326797385622 0.01838235294117647 0.0392156862745098
0 0.8033088235294118 0.13071895424836602 0.023284313725490197 0.029411764705882353
0 0.7506127450980392 0.021241830065359478 0.03799019607843137 0.0392156862745098
0 0.7806372549019608 0.049836601307189546 0.041666666666666664 0.04084967320261438
0 0.8174019607843137 0.04656862745098039 0.024509803921568627 0.04411764705882353
0 0.7977941176470588 0.0196078431372549 0.03431372549019608 0.03594771241830066
0 0.8290441176470588 0.01715686274509804 0.028186274509803922 0.03104575163398693
0 0.8517156862745098 0.032679738562091505 0.03431372549019608 0.058823529411764705
0 0.8339460784313726 0.06781045751633988 0.013480392156862746 0.03104575163398693
0 0.852328431372549 0.07107843137254902 0.015931372549019607 0.024509803921568627
0 0.8725490196078431 0.04575163398692811 0.014705882352941176 0.029411764705882353
0 0.8848039215686274 0.07026143790849673 0.014705882352941176 0.03594771241830066
0 0.897671568627451 0.02777777777777778 0.04534313725490196 0.042483660130718956
0 0.9252450980392156 0.013071895424836602 0.03676470588235294 0.022875816993464054
0 0.9393382352941176 0.0661764705882353 0.028186274509803922 0.07352941176470588
0 0.9074754901960784 0.07516339869281045 0.03308823529411765 0.04575163398692811
0 0.9662990196078431 0.10294117647058824 0.03308823529411765 0.07516339869281045
0 0.9613970588235294 0.03022875816993464 0.020833333333333332 0.03758169934640523
0 0.9877450980392156 0.03104575163398693 0.024509803921568627 0.049019607843137254
0 0.991421568627451 0.1454248366013072 0.01715686274509804 0.03594771241830066
0 0.9846813725490196 0.17565359477124184 0.028186274509803922 0.05392156862745098
0 0.9564950980392156 0.14950980392156862 0.01838235294117647 0.03431372549019608
0 0.9485294117647058 0.17483660130718956 0.00980392156862745 0.026143790849673203
0 0.9276960784313726 0.1503267973856209 0.0196078431372549 0.026143790849673203
0 0.9307598039215687 0.12581699346405228 0.013480392156862746 0.029411764705882353
0 0.9178921568627451 0.12581699346405228 0.012254901960784314 0.03594771241830066
0 0.9050245098039216 0.11356209150326797 0.013480392156862746 0.021241830065359478
0 0.892156862745098 0.11764705882352941 0.01715686274509804 0.022875816993464054
0 0.8339460784313726 0.12336601307189543 0.023284313725490197 0.03431372549019608
0 0.8713235294117647 0.12091503267973856 0.044117647058823525 0.06535947712418301
0 0.8333333333333334 0.16748366013071897 0.044117647058823525 0.04411764705882353
0 0.8223039215686274 0.20506535947712418 0.022058823529411763 0.04411764705882353
0 0.8376225490196079 0.22058823529411764 0.01838235294117647 0.04575163398692811
0 0.8302696078431372 0.2540849673202614 0.013480392156862746 0.03104575163398693
0 0.8425245098039216 0.2573529411764706 0.015931372549019607 0.02777777777777778
0 0.8590686274509803 0.26143790849673204 0.014705882352941176 0.026143790849673203
0 0.8449754901960784 0.2818627450980392 0.028186274509803922 0.024509803921568627
0 0.8345588235294118 0.315359477124183 0.014705882352941176 0.03594771241830066
0 0.8529411764705882 0.3194444444444445 0.0196078431372549 0.03758169934640523
0 0.8707107843137255 0.29901960784313725 0.020833333333333332 0.03594771241830066
0 0.8903186274509803 0.2965686274509804 0.015931372549019607 0.04411764705882353
0 0.8535539215686274 0.20179738562091504 0.015931372549019607 0.02777777777777778
0 0.8688725490196079 0.24019607843137256 0.0196078431372549 0.042483660130718956
0 0.8774509803921569 0.1895424836601307 0.03431372549019608 0.06209150326797386
0 0.8841911764705882 0.2361111111111111 0.013480392156862746 0.02777777777777778
0 0.8909313725490196 0.26143790849673204 0.012254901960784314 0.0196078431372549
0 0.90625 0.23529411764705882 0.025735294117647058 0.058823529411764705
0 0.9209558823529411 0.19035947712418302 0.04534313725490196 0.05065359477124183
0 0.9405637254901961 0.22794117647058823 0.03799019607843137 0.06045751633986928
0 0.9754901960784313 0.24918300653594772 0.03431372549019608 0.03431372549019608
0 0.9093137254901961 0.286764705882353 0.0196078431372549 0.01797385620915033
0 0.9338235294117647 0.2949346405228758 0.031862745098039214 0.07026143790849673
0 0.9111519607843137 0.309640522875817 0.015931372549019607 0.02777777777777778
0 0.8970588235294118 0.33251633986928103 0.012254901960784314 0.021241830065359478
0 0.9828431372549019 0.28921568627450983 0.03431372549019608 0.04575163398692811
0 0.9632352941176471 0.32516339869281047 0.02696078431372549 0.07189542483660132
0 0.9865196078431372 0.33496732026143794 0.014705882352941176 0.05228758169934641
0 0.9963235294117647 0.3423202614379085 0.007352941176470588 0.024509803921568627
0 0.9375 0.34885620915032683 0.01715686274509804 0.024509803921568627
0 0.9136029411764706 0.37336601307189543 0.023284313725490197 0.03431372549019608
0 0.8927696078431372 0.39869281045751637 0.020833333333333332 0.04575163398692811
0 0.9123774509803921 0.43218954248366015 0.020833333333333332 0.04084967320261438
0 0.9356617647058824 0.4338235294117647 0.028186274509803922 0.03758169934640523
0 0.9325980392156863 0.3897058823529412 0.02696078431372549 0.057189542483660136
0 0.9473039215686274 0.3872549019607843 0.022058823529411763 0.0392156862745098
0 0.9540441176470588 0.3651960784313726 0.01838235294117647 0.021241830065359478
0 0.9828431372549019 0.38480392156862747 0.03431372549019608 0.04738562091503268
0 0.9638480392156863 0.4411764705882353 0.03799019607843137 0.058823529411764705
0 0.9846813725490196 0.4256535947712418 0.01838235294117647 0.02777777777777778
0 0.9908088235294118 0.46977124183006536 0.01838235294117647 0.03758169934640523
0 0.9852941176470588 0.5008169934640523 0.01715686274509804 0.04738562091503268
0 0.9675245098039216 0.5196078431372549 0.020833333333333332 0.04575163398692811
0 0.9889705882352942 0.5514705882352942 0.014705882352941176 0.04084967320261438
0 0.9932598039215687 0.5849673202614379 0.013480392156862746 0.029411764705882353
0 0.9620098039215687 0.5588235294117647 0.022058823529411763 0.029411764705882353
0 0.9356617647058824 0.4795751633986928 0.028186274509803922 0.05065359477124183
0 0.914828431372549 0.5555555555555556 0.023284313725490197 0.022875816993464054
0 0.9344362745098039 0.5563725490196079 0.01838235294117647 0.03758169934640523
0 0.9283088235294118 0.5269607843137255 0.01838235294117647 0.03431372549019608
0 0.9160539215686274 0.47875816993464054 0.020833333333333332 0.058823529411764705
0 0.897671568627451 0.46486928104575165 0.020833333333333332 0.03758169934640523
0 0.8939950980392156 0.5089869281045751 0.03308823529411765 0.057189542483660136
0 0.8707107843137255 0.513888888888889 0.015931372549019607 0.03104575163398693
0 0.8584558823529411 0.4673202614379085 0.04044117647058824 0.06862745098039216
0 0.8792892156862745 0.4354575163398693 0.025735294117647058 0.03758169934640523
0 0.8468137254901961 0.40522875816993464 0.02696078431372549 0.058823529411764705
0 0.8167892156862745 0.40522875816993464 0.0428921568627451 0.07516339869281045
0 0.9356617647058824 0.6225490196078431 0.04779411764705882 0.06209150326797386
0 0.9926470588235294 0.6290849673202614 0.014705882352941176 0.0392156862745098
0 0.9767156862745098 0.6772875816993464 0.04656862745098039 0.06699346405228758
0 0.9332107843137255 0.6895424836601307 0.03799019607843137 0.0784313725490196
0 0.897671568627451 0.7263071895424836 0.04779411764705882 0.08006535947712419
0 0.9748774509803921 0.7418300653594772 0.025735294117647058 0.05555555555555556
0 0.9571078431372549 0.744281045751634 0.0196078431372549 0.04084967320261438
0 0.9509803921568627 0.7761437908496732 0.044117647058823525 0.03594771241830066
0 0.9583333333333334 0.8063725490196079 0.029411764705882353 0.02777777777777778
0 0.9785539215686274 0.809640522875817 0.01838235294117647 0.04738562091503268
0 0.991421568627451 0.7769607843137255 0.01715686274509804 0.03758169934640523
0 0.9957107843137255 0.8186274509803921 0.00857843137254902 0.03594771241830066
0 0.9944852941176471 0.7491830065359477 0.011029411764705881 0.02777777777777778
