0 0.7581699346405228 0.07230392156862744 0.058823529411764705 0.049019607843137254
0 0.4665032679738562 0.12438725490196079 0.04084967320261438 0.023284313725490197
0 0.3570261437908497 0.09558823529411764 0.03758169934640523 0.029411764705882353
0 0.3112745098039216 0.08823529411764705 0.03104575163398693 0.014705882352941176
0 0.8562091503267975 0.08455882352941177 0.032679738562091505 0.014705882352941176
0 0.8848039215686275 0.08823529411764705 0.04084967320261438 0.029411764705882353
0 0.542483660130719 0.1482843137254902 0.03594771241830066 0.014705882352941176
0 0.06535947712418301 0.10355392156862744 0.04575163398692811 0.030637254901960783
0 0.010620915032679739 0.13848039215686275 0.01797385620915033 0.031862745098039214
0 0.13316993464052287 0.19669117647058823 0.03758169934640523 0.015931372549019607
0 0.18300653594771243 0.19301470588235295 0.026143790849673203 0.013480392156862746
0 0.12173202614379085 0.09558823529411764 0.04738562091503268 0.0196078431372549
0 0.23937908496732027 0.1642156862745098 0.03431372549019608 0.012254901960784314
0 0.2173202614379085 0.15747549019607843 0.029411764705882353 0.015931372549019607
0 0.06535947712418301 0.15318627450980393 0.022875816993464054 0.022058823529411763
0 0.058823529411764705 0.17401960784313725 0.032679738562091505 0.024509803921568627
0 0.10212418300653595 0.13970588235294118 0.03758169934640523 0.044117647058823525
0 0.125 0.11397058823529412 0.024509803921568627 0.014705882352941176
0 0.16666666666666669 0.09803921568627451 0.0392156862745098 0.014705882352941176
0 0.16258169934640523 0.16176470588235295 0.07352941176470588 0.03676470588235294
0 0.16094771241830066 0.12071078431372549 0.06045751633986928 0.025735294117647058
0 0.22058823529411764 0.09987745098039215 0.032679738562091505 0.01838235294117647
0 0.21977124183006536 0.11825980392156862 0.04738562091503268 0.020833333333333332
0 0.2508169934640523 0.09313725490196079 0.024509803921568627 0.012254901960784314
0 0.2696078431372549 0.10477941176470588 0.05555555555555556 0.028186274509803922
0 0.2173202614379085 0.13541666666666666 0.042483660130718956 0.01838235294117647
0 0.24673202614379086 0.13848039215686275 0.029411764705882353 0.03431372549019608
0 0.025326797385620915 0.15747549019607843 0.04084967320261438 0.015931372549019607
0 0.022875816993464054 0.17769607843137256 0.042483660130718956 0.024509803921568627
0 0.026143790849673203 0.20465686274509803 0.049019607843137254 0.029411764705882353
