0 0.12071078431372549 0.12418300653594772 0.03553921568627451 0.05555555555555556
0 0.15625 0.16013071895424838 0.0428921568627451 0.04575163398692811
0 0.05392156862745098 0.20261437908496732 0.044117647058823525 0.058823529411764705
0 0.0778186274509804 0.21977124183006536 0.04044117647058824 0.04738562091503268
0 0.1090686274509804 0.2361111111111111 0.022058823529411763 0.03431372549019608
0 0.1329656862745098 0.23366013071895425 0.028186274509803922 0.05228758169934641
0 0.2107843137254902 0.32026143790849676 0.044117647058823525 0.08169934640522876
0 0.25183823529411764 0.3602941176470588 0.0428921568627451 0.04411764705882353
0 0.028186274509803922 0.2638888888888889 0.0392156862745098 0.04738562091503268
0 0.0508578431372549 0.2834967320261438 0.020833333333333332 0.04411764705882353
0 0.07475490196078431 0.2647058823529412 0.024509803921568627 0.05555555555555556
0 0.09191176470588235 0.28022875816993464 0.024509803921568627 0.04738562091503268
0 0.1170343137254902 0.28431372549019607 0.030637254901960783 0.06209150326797386
0 0.07291666666666667 0.30718954248366015 0.023284313725490197 0.029411764705882353
0 0.028799019607843136 0.2973856209150327 0.01838235294117647 0.03594771241830066
0 0.00980392156862745 0.3145424836601307 0.01715686274509804 0.057189542483660136
0 0.02267156862745098 0.3562091503267974 0.04044117647058824 0.06209150326797386
0 0.052083333333333336 0.3423202614379085 0.03553921568627451 0.08333333333333334
0 0.0778186274509804 0.37336601307189543 0.025735294117647058 0.05065359477124183
0 0.09191176470588235 0.32598039215686275 0.02696078431372549 0.04738562091503268
0 0.11887254901960784 0.3496732026143791 0.051470588235294115 0.05228758169934641
0 0.16299019607843138 0.3709150326797386 0.03431372549019608 0.08169934640522876
0 0.14215686274509803 0.42483660130718953 0.029411764705882353 0.03594771241830066
0 0.13541666666666666 0.3839869281045752 0.028186274509803922 0.05228758169934641
0 0.015318627450980392 0.3946078431372549 0.028186274509803922 0.05065359477124183
0 0.05024509803921569 0.39950980392156865 0.02696078431372549 0.03104575163398693
0 0.03860294117647059 0.41911764705882354 0.025735294117647058 0.05065359477124183
0 0.014093137254901961 0.4428104575163399 0.025735294117647058 0.049019607843137254
0 0.06433823529411764 0.4207516339869281 0.03553921568627451 0.03758169934640523
0 0.09865196078431372 0.40604575163398693 0.03308823529411765 0.06045751633986928
0 0.11397058823529412 0.42728758169934644 0.022058823529411763 0.03104575163398693
0 0.1096813725490196 0.4550653594771242 0.030637254901960783 0.02777777777777778
0 0.07291666666666667 0.45016339869281047 0.03799019607843137 0.02777777777777778
0 0.07904411764705882 0.47303921568627455 0.04779411764705882 0.03431372549019608
0 0.06556372549019608 0.5008169934640523 0.020833333333333332 0.02777777777777778
0 0.023284313725490197 0.47794117647058826 0.044117647058823525 0.07352941176470588
0 0.04656862745098039 0.49264705882352944 0.014705882352941176 0.02777777777777778
0 0.08088235294117647 0.513888888888889 0.041666666666666664 0.04738562091503268
0 0.044730392156862746 0.5269607843137255 0.03799019607843137 0.04738562091503268
0 0.012254901960784314 0.5343137254901961 0.022058823529411763 0.032679738562091505
0 0.013480392156862746 0.5702614379084967 0.024509803921568627 0.04575163398692811
0 0.16237745098039216 0.4624183006535948 0.04044117647058824 0.07189542483660132
