0 0.014705882352941176 0.33251633986928103 0.02696078431372549 0.057189542483660136
0 0.01715686274509804 0.38480392156862747 0.02696078431372549 0.024509803921568627
0 0.018995098039215685 0.4223856209150327 0.025735294117647058 0.04411764705882353
0 0.05821078431372549 0.44689542483660133 0.025735294117647058 0.03758169934640523
0 0.03615196078431372 0.44689542483660133 0.01838235294117647 0.03104575163398693
0 0.018995098039215685 0.45669934640522875 0.01838235294117647 0.03104575163398693
0 0.03370098039215686 0.4763071895424837 0.025735294117647058 0.02777777777777778
0 0.06433823529411764 0.4901960784313726 0.03799019607843137 0.04575163398692811
0 0.08333333333333333 0.4754901960784314 0.029411764705882353 0.03594771241830066
0 0.006740196078431373 0.4746732026143791 0.011029411764705881 0.03431372549019608
0 0.007965686274509803 0.505718954248366 0.013480392156862746 0.03431372549019608
0 0.020833333333333332 0.5171568627450981 0.022058823529411763 0.04738562091503268
0 0.03860294117647059 0.5024509803921569 0.015931372549019607 0.03431372549019608
0 0.05330882352941176 0.5187908496732027 0.015931372549019607 0.03104575163398693
0 0.08700980392156862 0.5171568627450981 0.03676470588235294 0.03431372549019608
0 0.1133578431372549 0.5236928104575164 0.025735294117647058 0.04738562091503268
0 0.08333333333333333 0.5416666666666666 0.029411764705882353 0.02777777777777778
0 0.03799019607843137 0.5375816993464052 0.0196078431372549 0.029411764705882353
0 0.006740196078431373 0.5449346405228759 0.011029411764705881 0.04084967320261438
0 0.02022058823529412 0.5498366013071896 0.013480392156862746 0.024509803921568627
0 0.010416666666666666 0.5678104575163399 0.015931372549019607 0.01797385620915033
0 0.0392156862745098 0.559640522875817 0.01715686274509804 0.021241830065359478
0 0.07598039215686274 0.5686274509803921 0.029411764705882353 0.029411764705882353
0 0.10416666666666667 0.5751633986928105 0.02696078431372549 0.042483660130718956
0 0.12254901960784313 0.5906862745098039 0.0196078431372549 0.03104575163398693
0 0.0545343137254902 0.5767973856209151 0.023284313725490197 0.0392156862745098
0 0.03799019607843137 0.5874183006535948 0.022058823529411763 0.03758169934640523
0 0.017769607843137254 0.6037581699346405 0.030637254901960783 0.06045751633986928
0 0.07107843137254902 0.5988562091503268 0.01715686274509804 0.014705882352941176
0 0.08884803921568628 0.607843137254902 0.030637254901960783 0.022875816993464054
0 0.1096813725490196 0.6086601307189543 0.015931372549019607 0.03104575163398693
0 0.125 0.6151960784313726 0.01715686274509804 0.03104575163398693
0 0.042279411764705885 0.6160130718954249 0.028186274509803922 0.026143790849673203
0 0.0778186274509804 0.6258169934640523 0.025735294117647058 0.0196078431372549
0 0.09558823529411764 0.6364379084967321 0.0196078431372549 0.04084967320261438
0 0.005514705882352941 0.6258169934640523 0.00857843137254902 0.032679738562091505
0 0.1329656862745098 0.6576797385620915 0.025735294117647058 0.03431372549019608
0 0.13664215686274508 0.6821895424836601 0.020833333333333332 0.03104575163398693
0 0.09681372549019608 0.673202614379085 0.0196078431372549 0.0392156862745098
0 0.11519607843137254 0.6805555555555556 0.0196078431372549 0.03758169934640523
0 0.06862745098039216 0.6560457516339869 0.024509803921568627 0.04738562091503268
0 0.03860294117647059 0.6380718954248367 0.023284313725490197 0.024509803921568627
0 0.015931372549019607 0.6495098039215687 0.012254901960784314 0.024509803921568627
0 0.00980392156862745 0.673202614379085 0.01715686274509804 0.03594771241830066
0 0.032475490196078434 0.6535947712418301 0.020833333333333332 0.026143790849673203
0 0.05024509803921569 0.6707516339869282 0.024509803921568627 0.04411764705882353
0 0.026348039215686275 0.6707516339869282 0.015931372549019607 0.02777777777777778
0 0.028799019607843136 0.7075163398692811 0.03308823529411765 0.049019607843137254
0 0.05392156862745098 0.7009803921568628 0.0196078431372549 0.03594771241830066
0 0.07352941176470588 0.6977124183006537 0.024509803921568627 0.049019607843137254
0 0.09191176470588235 0.704248366013072 0.014705882352941176 0.03594771241830066
0 0.1096813725490196 0.7116013071895425 0.020833333333333332 0.03431372549019608
0 0.1256127450980392 0.7197712418300654 0.015931372549019607 0.03431372549019608
0 0.00980392156862745 0.7246732026143791 0.01715686274509804 0.03104575163398693
0 0.020833333333333332 0.7467320261437909 0.024509803921568627 0.0392156862745098
0 0.051470588235294115 0.7532679738562091 0.029411764705882353 0.06209150326797386
0 0.07598039215686274 0.732843137254902 0.024509803921568627 0.02777777777777778
0 0.09987745098039215 0.7287581699346406 0.013480392156862746 0.029411764705882353
0 0.125 0.7450980392156863 0.03431372549019608 0.0392156862745098
0 0.10355392156862744 0.7622549019607844 0.025735294117647058 0.05392156862745098
0 0.12622549019607843 0.7785947712418301 0.024509803921568627 0.04411764705882353
0 0.1488970588235294 0.7810457516339869 0.025735294117647058 0.022875816993464054
0 0.07720588235294118 0.7614379084967321 0.031862745098039214 0.049019607843137254
0 0.025122549019607844 0.7875816993464052 0.03308823529411765 0.058823529411764705
0 0.04350490196078431 0.7965686274509804 0.015931372549019607 0.02777777777777778
0 0.07352941176470588 0.7990196078431373 0.04656862745098039 0.0392156862745098
0 0.10845588235294118 0.8014705882352942 0.025735294117647058 0.02777777777777778
0 0.14276960784313725 0.815359477124183 0.01838235294117647 0.032679738562091505
0 0.15441176470588236 0.8267973856209151 0.0196078431372549 0.029411764705882353
0 0.16911764705882354 0.8382352941176471 0.0196078431372549 0.0392156862745098
0 0.11825980392156862 0.8194444444444444 0.03799019607843137 0.03104575163398693
0 0.09313725490196079 0.8406862745098039 0.03431372549019608 0.057189542483660136
0 0.11887254901960784 0.8398692810457516 0.029411764705882353 0.029411764705882353
0 0.14950980392156862 0.8570261437908497 0.022058823529411763 0.03758169934640523
0 0.16482843137254902 0.8684640522875817 0.013480392156862746 0.024509803921568627
0 0.007965686274509803 0.7753267973856209 0.013480392156862746 0.021241830065359478
0 0.029411764705882353 0.823529411764706 0.022058823529411763 0.022875816993464054
0 0.05330882352941176 0.8357843137254902 0.04044117647058824 0.04411764705882353
0 0.025122549019607844 0.8374183006535948 0.013480392156862746 0.024509803921568627
0 0.016544117647058824 0.8815359477124183 0.030637254901960783 0.04738562091503268
0 0.05330882352941176 0.8741830065359477 0.04044117647058824 0.0392156862745098
0 0.12009803921568628 0.8684640522875817 0.03431372549019608 0.04411764705882353
0 0.15625 0.8921568627450981 0.01838235294117647 0.03594771241830066
0 0.16666666666666666 0.9264705882352942 0.022058823529411763 0.029411764705882353
0 0.13419117647058823 0.9183006535947713 0.030637254901960783 0.026143790849673203
0 0.09803921568627451 0.9101307189542484 0.03676470588235294 0.032679738562091505
0 0.11580882352941177 0.9330065359477124 0.023284313725490197 0.03594771241830066
0 0.1090686274509804 0.948529411764706 0.022058823529411763 0.02777777777777778
0 0.0704656862745098 0.9370915032679739 0.0428921568627451 0.03758169934640523
0 0.0196078431372549 0.9191176470588236 0.03676470588235294 0.04084967320261438
0 0.04350490196078431 0.928921568627451 0.015931372549019607 0.03104575163398693
0 0.04044117647058824 0.9526143790849674 0.0392156862745098 0.029411764705882353
0 0.011642156862745098 0.9575163398692811 0.020833333333333332 0.04575163398692811
0 0.07230392156862744 0.9722222222222222 0.05392156862745098 0.042483660130718956
0 0.10477941176470588 0.9844771241830066 0.01838235294117647 0.03104575163398693
0 0.12622549019607843 0.982843137254902 0.022058823529411763 0.03431372549019608
0 0.12683823529411764 0.9509803921568628 0.01838235294117647 0.03594771241830066
0 0.03860294117647059 0.9812091503267975 0.013480392156862746 0.03104575163398693
0 0.024509803921568627 0.977124183006536 0.014705882352941176 0.032679738562091505
