0 0.041666666666666664 0.0661764705882353 0.04656862745098039 0.04084967320261438
0 0.06372549019607843 0.10375816993464053 0.03431372549019608 0.04084967320261438
0 0.11519607843137254 0.05392156862745098 0.07598039215686274 0.06209150326797386
0 0.11642156862745098 0.10702614379084968 0.07107843137254902 0.04738562091503268
0 0.15747549019607843 0.07761437908496732 0.030637254901960783 0.02777777777777778
0 0.15196078431372548 0.12826797385620917 0.029411764705882353 0.04738562091503268
0 0.1868872549019608 0.13398692810457516 0.03799019607843137 0.032679738562091505
0 0.17830882352941177 0.16176470588235295 0.04044117647058824 0.029411764705882353
0 0.21997549019607843 0.16830065359477125 0.04534313725490196 0.0392156862745098
0 0.2536764705882353 0.14624183006535948 0.049019607843137254 0.03758169934640523
0 0.17340686274509803 0.016339869281045753 0.04044117647058824 0.029411764705882353
0 0.20098039215686275 0.049836601307189546 0.056372549019607844 0.06045751633986928
0 0.2383578431372549 0.03104575163398693 0.03553921568627451 0.03594771241830066
0 0.19730392156862744 0.09477124183006536 0.056372549019607844 0.04575163398692811
0 0.2493872549019608 0.1119281045751634 0.05024509803921569 0.04411764705882353
0 0.26838235294117646 0.058823529411764705 0.06862745098039216 0.06535947712418301
0 0.3082107843137255 0.10130718954248366 0.06495098039215687 0.05555555555555556
0 0.3008578431372549 0.1454248366013072 0.0428921568627451 0.0392156862745098
0 0.3474264705882353 0.14950980392156862 0.06004901960784314 0.057189542483660136
0 0.3792892156862745 0.11519607843137256 0.07230392156862744 0.06045751633986928
0 0.33762254901960786 0.05065359477124183 0.0625 0.05228758169934641
0 0.3792892156862745 0.07107843137254902 0.03553921568627451 0.03104575163398693
0 0.3872549019607843 0.03104575163398693 0.041666666666666664 0.04575163398692811
0 0.4264705882352941 0.1323529411764706 0.029411764705882353 0.0392156862745098
0 0.4479166666666667 0.10866013071895425 0.03553921568627451 0.03431372549019608
0 0.4209558823529412 0.07761437908496732 0.04779411764705882 0.04084967320261438
0 0.4834558823529412 0.14052287581699346 0.03799019607843137 0.03594771241830066
0 0.4056372549019608 0.012254901960784314 0.031862745098039214 0.021241830065359478
0 0.42953431372549017 0.03022875816993464 0.030637254901960783 0.057189542483660136
0 0.46078431372549017 0.049019607843137254 0.044117647058823525 0.07516339869281045
0 0.47855392156862747 0.10049019607843138 0.020833333333333332 0.04738562091503268
0 0.4779411764705882 0.014705882352941176 0.051470588235294115 0.026143790849673203
0 0.5214460784313726 0.02696078431372549 0.05269607843137255 0.04411764705882353
0 0.5018382352941176 0.05800653594771242 0.03553921568627451 0.03104575163398693
0 0.5006127450980392 0.09803921568627451 0.03308823529411765 0.03594771241830066
0 0.5208333333333334 0.12745098039215685 0.04656862745098039 0.0392156862745098
0 0.5496323529411765 0.0784313725490196 0.07965686274509803 0.05555555555555556
0 0.553921568627451 0.14215686274509803 0.02696078431372549 0.049019607843137254
0 0.5741421568627451 0.11437908496732027 0.028186274509803922 0.029411764705882353
0 0.5876225490196079 0.14379084967320263 0.03799019607843137 0.03594771241830066
0 0.6029411764705882 0.11274509803921569 0.03431372549019608 0.03594771241830066
0 0.6060049019607843 0.0784313725490196 0.04044117647058824 0.042483660130718956
0 0.5808823529411765 0.029411764705882353 0.06372549019607843 0.05555555555555556
0 0.6415441176470588 0.03431372549019608 0.07720588235294118 0.058823529411764705
0 0.6323529411764706 0.11029411764705882 0.0196078431372549 0.03758169934640523
0 0.6550245098039216 0.1527777777777778 0.05024509803921569 0.03758169934640523
0 0.6801470588235294 0.13316993464052287 0.04656862745098039 0.04411764705882353
0 0.6966911764705882 0.10702614379084968 0.03308823529411765 0.02777777777777778
0 0.7205882352941176 0.12009803921568628 0.029411764705882353 0.04411764705882353
0 0.7512254901960784 0.12336601307189543 0.024509803921568627 0.04411764705882353
0 0.7794117647058824 0.1315359477124183 0.031862745098039214 0.03431372549019608
0 0.7904411764705882 0.10375816993464053 0.029411764705882353 0.03431372549019608
0 0.8247549019607843 0.10866013071895425 0.03431372549019608 0.03431372549019608
0 0.8694852941176471 0.10947712418300654 0.05514705882352941 0.04575163398692811
0 0.7408088235294118 0.0661764705882353 0.06985294117647059 0.06372549019607843
0 0.7787990196078431 0.04575163398692811 0.03553921568627451 0.03594771241830066
0 0.8020833333333334 0.0661764705882353 0.025735294117647058 0.057189542483660136
0 0.7205882352941176 0.012254901960784314 0.022058823529411763 0.021241830065359478
0 0.7469362745098039 0.01388888888888889 0.025735294117647058 0.021241830065359478
0 0.7787990196078431 0.016339869281045753 0.0428921568627451 0.026143790849673203
0 0.8174019607843137 0.016339869281045753 0.03676470588235294 0.029411764705882353
0 0.8498774509803921 0.05800653594771242 0.04534313725490196 0.06372549019607843
0 0.9068627450980392 0.06862745098039216 0.056372549019607844 0.042483660130718956
0 0.9301470588235294 0.11111111111111112 0.07107843137254902 0.05555555555555556
0 0.9381127450980392 0.032679738562091505 0.05024509803921569 0.042483660130718956
0 0.977328431372549 0.07598039215686275 0.04534313725490196 0.08986928104575163
0 0.42892156862745096 0.4665032679738562 0.049019607843137254 0.04411764705882353
0 0.47487745098039214 0.4419934640522876 0.03308823529411765 0.03104575163398693
0 0.4803921568627451 0.4763071895424837 0.051470588235294115 0.03758169934640523
0 0.5245098039215687 0.4820261437908497 0.041666666666666664 0.0392156862745098
0 0.5422794117647058 0.45669934640522875 0.03308823529411765 0.03104575163398693
0 0.5183823529411765 0.4256535947712418 0.03676470588235294 0.03758169934640523
0 0.5569852941176471 0.434640522875817 0.03553921568627451 0.026143790849673203
0 0.5790441176470588 0.46977124183006536 0.03799019607843137 0.03104575163398693
0 0.5949754901960784 0.44689542483660133 0.03799019607843137 0.03104575163398693
0 0.6090686274509803 0.41748366013071897 0.03676470588235294 0.03431372549019608
0 0.6452205882352942 0.4362745098039216 0.030637254901960783 0.03594771241830066
0 0.6758578431372549 0.47875816993464054 0.03799019607843137 0.03594771241830066
0 0.7083333333333334 0.4624183006535948 0.031862745098039214 0.026143790849673203
0 0.7181372549019608 0.4877450980392157 0.03431372549019608 0.02777777777777778
0 0.7297794117647058 0.44689542483660133 0.023284313725490197 0.024509803921568627
0 0.7389705882352942 0.4207516339869281 0.06372549019607843 0.04738562091503268
