0 0.888888888888889 0.027573529411764705 0.042483660130718956 0.05269607843137255
0 0.9183006535947713 0.06985294117647059 0.029411764705882353 0.031862745098039214
0 0.8970588235294118 0.10600490196078431 0.06535947712418301 0.0625
0 0.821078431372549 0.07352941176470588 0.06699346405228758 0.051470588235294115
0 0.8259803921568628 0.12071078431372549 0.05392156862745098 0.05269607843137255
0 0.7663398692810458 0.06740196078431372 0.04575163398692811 0.04656862745098039
0 0.684640522875817 0.1868872549019608 0.05228758169934641 0.05759803921568627
0 0.6127450980392157 0.10723039215686274 0.05228758169934641 0.06004901960784314
0 0.619281045751634 0.17708333333333334 0.06862745098039216 0.08455882352941177
0 0.5694444444444444 0.1568627450980392 0.04411764705882353 0.058823529411764705
0 0.542483660130719 0.11887254901960784 0.029411764705882353 0.04656862745098039
0 0.5285947712418301 0.1715686274509804 0.03104575163398693 0.049019607843137254
0 0.5122549019607844 0.21875 0.04084967320261438 0.0428921568627451
0 0.47794117647058826 0.20588235294117646 0.03431372549019608 0.0392156862745098
0 0.5 0.14705882352941177 0.0392156862745098 0.056372549019607844
0 0.49183006535947715 0.30943627450980393 0.042483660130718956 0.05759803921568627
0 0.5302287581699346 0.35784313725490197 0.04411764705882353 0.05392156862745098
0 0.5016339869281046 0.3988970588235294 0.08169934640522876 0.06985294117647059
0 0.48284313725490197 0.46875 0.07352941176470588 0.07965686274509803
0 0.43790849673202614 0.5091911764705882 0.04575163398692811 0.05024509803921569
0 0.4338235294117647 0.4166666666666667 0.04738562091503268 0.0392156862745098
0 0.39215686274509803 0.3627450980392157 0.04575163398692811 0.04656862745098039
0 0.37990196078431376 0.4375 0.05065359477124183 0.058823529411764705
0 0.30228758169934644 0.5802696078431372 0.042483660130718956 0.05269607843137255
0 0.2687908496732026 0.6360294117647058 0.04411764705882353 0.05392156862745098
0 0.3880718954248366 0.7144607843137255 0.04738562091503268 0.044117647058823525
0 0.24673202614379086 0.07965686274509803 0.022875816993464054 0.03431372549019608
0 0.2426470588235294 0.11519607843137254 0.05065359477124183 0.02696078431372549
0 0.9387254901960784 0.5863970588235294 0.06699346405228758 0.04534313725490196
0 0.8782679738562091 0.7175245098039216 0.04738562091503268 0.04534313725490196
0 0.9223856209150327 0.7224264705882353 0.06372549019607843 0.05759803921568627
0 0.934640522875817 0.7628676470588235 0.05555555555555556 0.05024509803921569
0 0.8660130718954249 0.7928921568627451 0.06535947712418301 0.0784313725490196
0 0.9509803921568628 0.8131127450980392 0.029411764705882353 0.023284313725490197
0 0.9199346405228759 0.8241421568627451 0.03594771241830066 0.015931372549019607
0 0.8921568627450981 0.8412990196078431 0.026143790849673203 0.025735294117647058
0 0.9338235294117647 0.8455882352941176 0.06372549019607843 0.0392156862745098
0 0.9787581699346406 0.8462009803921569 0.042483660130718956 0.07230392156862744
0 0.9624183006535948 0.9074754901960784 0.07516339869281045 0.05024509803921569
0 0.9264705882352942 0.8909313725490196 0.032679738562091505 0.03431372549019608
0 0.8537581699346406 0.866421568627451 0.021241830065359478 0.02696078431372549
0 0.8856209150326798 0.8946078431372549 0.05555555555555556 0.06372549019607843
0 0.8447712418300654 0.9044117647058824 0.026143790849673203 0.022058823529411763
0 0.8202614379084967 0.8590686274509803 0.04575163398692811 0.058823529411764705
0 0.9763071895424837 0.9718137254901961 0.04738562091503268 0.049019607843137254
0 0.9330065359477124 0.960171568627451 0.05228758169934641 0.05024509803921569
0 0.875 0.954656862745098 0.06372549019607843 0.061274509803921566
0 0.8251633986928105 0.9436274509803921 0.05228758169934641 0.061274509803921566
0 0.7647058823529412 0.9246323529411764 0.06209150326797386 0.06495098039215687
0 0.8946078431372549 0.9920343137254902 0.014705882352941176 0.013480392156862746
0 0.8316993464052288 0.9901960784313726 0.0392156862745098 0.01715686274509804
0 0.798202614379085 0.9889705882352942 0.03104575163398693 0.014705882352941176
0 0.7058823529411765 0.8584558823529411 0.07516339869281045 0.06004901960784314
0 0.6691176470588236 0.772671568627451 0.04738562091503268 0.04534313725490196
0 0.6454248366013072 0.9399509803921569 0.07516339869281045 0.044117647058823525
0 0.5620915032679739 0.7512254901960784 0.08169934640522876 0.09313725490196079
0 0.49754901960784315 0.7837009803921569 0.02777777777777778 0.03553921568627451
0 0.548202614379085 0.8241421568627451 0.05392156862745098 0.05269607843137255
0 0.571078431372549 0.8872549019607843 0.07352941176470588 0.061274509803921566
0 0.573529411764706 0.9405637254901961 0.0392156862745098 0.04534313725490196
0 0.5645424836601307 0.9883578431372549 0.024509803921568627 0.023284313725490197
0 0.4901960784313726 0.8425245098039216 0.06535947712418301 0.06495098039215687
0 0.5098039215686274 0.8890931372549019 0.03594771241830066 0.028186274509803922
0 0.4812091503267974 0.9044117647058824 0.03431372549019608 0.03431372549019608
0 0.5171568627450981 0.928921568627451 0.05065359477124183 0.0392156862745098
0 0.5114379084967321 0.9699754901960784 0.03594771241830066 0.030637254901960783
0 0.4722222222222222 0.9442401960784313 0.029411764705882353 0.03553921568627451
0 0.49101307189542487 0.991421568627451 0.021241830065359478 0.014705882352941176
0 0.3962418300653595 0.7683823529411764 0.04084967320261438 0.041666666666666664
0 0.440359477124183 0.8051470588235294 0.05392156862745098 0.0661764705882353
0 0.3709150326797386 0.8094362745098039 0.0392156862745098 0.05514705882352941
0 0.3978758169934641 0.8572303921568627 0.04738562091503268 0.04779411764705882
0 0.41339869281045755 0.8995098039215687 0.042483660130718956 0.03431372549019608
0 0.3611111111111111 0.8780637254901961 0.032679738562091505 0.025735294117647058
0 0.3758169934640523 0.9080882352941176 0.032679738562091505 0.029411764705882353
0 0.30718954248366015 0.8707107843137255 0.0392156862745098 0.04044117647058824
0 0.29983660130718953 0.9117647058823529 0.04084967320261438 0.0392156862745098
0 0.42483660130718953 0.9613970588235294 0.049019607843137254 0.06740196078431372
0 0.3937908496732026 0.9442401960784313 0.03594771241830066 0.03799019607843137
0 0.37990196078431376 0.9846813725490196 0.03758169934640523 0.023284313725490197
0 0.35866013071895425 0.9589460784313726 0.03431372549019608 0.03799019607843137
0 0.286764705882353 0.9846813725490196 0.05065359477124183 0.030637254901960783
0 0.2426470588235294 0.9613970588235294 0.04084967320261438 0.0428921568627451
0 0.1772875816993464 0.9430147058823529 0.03431372549019608 0.04534313725490196
0 0.20669934640522877 0.960171568627451 0.01797385620915033 0.03553921568627451
0 0.184640522875817 0.9846813725490196 0.026143790849673203 0.028186274509803922
0 0.21568627450980393 0.9889705882352942 0.016339869281045753 0.0196078431372549
0 0.06209150326797386 0.9895833333333334 0.0392156862745098 0.020833333333333332
0 0.018790849673202614 0.08700980392156862 0.03431372549019608 0.06372549019607843
0 0.014705882352941176 0.17524509803921567 0.026143790849673203 0.0661764705882353
0 0.01388888888888889 0.23161764705882354 0.024509803921568627 0.03676470588235294
0 0.0196078431372549 0.3112745098039216 0.03594771241830066 0.041666666666666664
0 0.018790849673202614 0.3633578431372549 0.03431372549019608 0.05269607843137255
0 0.02042483660130719 0.4638480392156863 0.03758169934640523 0.05514705882352941
0 0.02777777777777778 0.03125 0.0392156862745098 0.03308823529411765
