0 0.625 0.00980392156862745 0.01715686274509804 0.016339869281045753
0 0.6531862745098039 0.010620915032679739 0.024509803921568627 0.01797385620915033
0 0.6697303921568627 0.026143790849673203 0.01838235294117647 0.029411764705882353
0 0.7083333333333334 0.025326797385620915 0.024509803921568627 0.02777777777777778
0 0.6470588235294118 0.031862745098039214 0.031862745098039214 0.02777777777777778
0 0.6176470588235294 0.02696078431372549 0.029411764705882353 0.03431372549019608
0 0.5998774509803921 0.022058823529411766 0.013480392156862746 0.021241830065359478
0 0.5943627450980392 0.03104575163398693 0.01715686274509804 0.016339869281045753
0 0.49019607843137253 0.13970588235294118 0.01715686274509804 0.02777777777777778
0 0.5962009803921569 0.06209150326797386 0.025735294117647058 0.05228758169934641
0 0.6200980392156863 0.06535947712418301 0.02696078431372549 0.0392156862745098
0 0.642156862745098 0.06944444444444445 0.024509803921568627 0.05065359477124183
0 0.6642156862745098 0.05473856209150327 0.0196078431372549 0.021241830065359478
0 0.6856617647058824 0.040032679738562095 0.030637254901960783 0.02777777777777778
0 0.7071078431372549 0.04820261437908497 0.01715686274509804 0.024509803921568627
0 0.7267156862745098 0.05065359477124183 0.029411764705882353 0.026143790849673203
0 0.7481617647058824 0.04656862745098039 0.020833333333333332 0.024509803921568627
0 0.7408088235294118 0.08006535947712419 0.023284313725490197 0.049019607843137254
0 0.7591911764705882 0.08251633986928104 0.020833333333333332 0.04411764705882353
0 0.7751225490196079 0.09722222222222222 0.025735294117647058 0.03104575163398693
0 0.7824754901960784 0.11764705882352941 0.023284313725490197 0.029411764705882353
0 0.6605392156862745 0.08660130718954248 0.024509803921568627 0.042483660130718956
0 0.6905637254901961 0.06699346405228758 0.015931372549019607 0.026143790849673203
0 0.7028186274509803 0.06535947712418301 0.015931372549019607 0.029411764705882353
0 0.7212009803921569 0.09150326797385622 0.028186274509803922 0.049019607843137254
0 0.7450980392156863 0.11111111111111112 0.0196078431372549 0.03594771241830066
0 0.7536764705882353 0.12581699346405228 0.01715686274509804 0.032679738562091505
0 0.7745098039215687 0.13480392156862744 0.01715686274509804 0.03104575163398693
0 0.7959558823529411 0.15114379084967322 0.020833333333333332 0.02777777777777778
0 0.6813725490196079 0.10049019607843138 0.024509803921568627 0.05392156862745098
0 0.7144607843137255 0.12009803921568628 0.024509803921568627 0.04738562091503268
0 0.6899509803921569 0.13725490196078433 0.029411764705882353 0.026143790849673203
0 0.6488970588235294 0.11356209150326797 0.025735294117647058 0.05065359477124183
0 0.6170343137254902 0.09068627450980392 0.028186274509803922 0.024509803921568627
0 0.5729166666666666 0.11601307189542484 0.01838235294117647 0.029411764705882353
0 0.5912990196078431 0.11029411764705882 0.015931372549019607 0.024509803921568627
0 0.6066176470588235 0.11519607843137256 0.012254901960784314 0.02777777777777778
0 0.6200980392156863 0.12745098039215685 0.01715686274509804 0.03594771241830066
0 0.5992647058823529 0.16176470588235295 0.014705882352941176 0.032679738562091505
0 0.6299019607843137 0.1568627450980392 0.014705882352941176 0.032679738562091505
0 0.6219362745098039 0.17892156862745098 0.015931372549019607 0.024509803921568627
0 0.6102941176470588 0.19035947712418302 0.014705882352941176 0.02777777777777778
0 0.6574754901960784 0.1642156862745098 0.020833333333333332 0.024509803921568627
0 0.6427696078431372 0.17973856209150327 0.020833333333333332 0.032679738562091505
0 0.65625 0.19444444444444445 0.023284313725490197 0.042483660130718956
0 0.6348039215686274 0.20261437908496732 0.0196078431372549 0.032679738562091505
0 0.6721813725490196 0.21977124183006536 0.023284313725490197 0.02777777777777778
0 0.6985294117647058 0.20751633986928106 0.031862745098039214 0.029411764705882353
0 0.7334558823529411 0.1895424836601307 0.023284313725490197 0.058823529411764705
0 0.7432598039215687 0.16013071895424838 0.013480392156862746 0.022875816993464054
0 0.7610294117647058 0.1568627450980392 0.022058823529411763 0.0196078431372549
0 0.78125 0.16094771241830066 0.01838235294117647 0.03431372549019608
0 0.7953431372549019 0.17401960784313725 0.01715686274509804 0.02777777777777778
0 0.8082107843137255 0.20016339869281047 0.01838235294117647 0.03431372549019608
0 0.7622549019607843 0.19444444444444445 0.029411764705882353 0.05228758169934641
0 0.7524509803921569 0.22222222222222224 0.029411764705882353 0.032679738562091505
0 0.7205882352941176 0.2034313725490196 0.01715686274509804 0.03104575163398693
0 0.7169117647058824 0.22712418300653595 0.024509803921568627 0.0196078431372549
0 0.7267156862745098 0.24591503267973858 0.0196078431372549 0.04084967320261438
0 0.7389705882352942 0.26715686274509803 0.022058823529411763 0.024509803921568627
0 0.7009803921568627 0.2434640522875817 0.031862745098039214 0.03594771241830066
0 0.6537990196078431 0.23202614379084968 0.020833333333333332 0.026143790849673203
0 0.6685049019607843 0.244281045751634 0.025735294117647058 0.02777777777777778
0 0.6819852941176471 0.2908496732026144 0.015931372549019607 0.022875816993464054
0 0.7303921568627451 0.29248366013071897 0.01715686274509804 0.04575163398692811
0 0.7144607843137255 0.28758169934640526 0.01715686274509804 0.0196078431372549
0 0.7034313725490196 0.2916666666666667 0.012254901960784314 0.024509803921568627
0 0.7077205882352942 0.309640522875817 0.023284313725490197 0.021241830065359478
0 0.7751225490196079 0.22957516339869283 0.01838235294117647 0.02777777777777778
0 0.789828431372549 0.24836601307189543 0.028186274509803922 0.049019607843137254
0 0.8198529411764706 0.2426470588235294 0.024509803921568627 0.03431372549019608
0 0.8321078431372549 0.23529411764705882 0.01715686274509804 0.029411764705882353
0 0.8480392156862745 0.25245098039215685 0.0196078431372549 0.03104575163398693
0 0.8774509803921569 0.23937908496732027 0.0196078431372549 0.03431372549019608
0 0.8915441176470588 0.2173202614379085 0.023284313725490197 0.0392156862745098
0 0.8363970588235294 0.25980392156862747 0.01838235294117647 0.0196078431372549
0 0.821078431372549 0.27941176470588236 0.0196078431372549 0.04575163398692811
0 0.8615196078431372 0.27941176470588236 0.022058823529411763 0.022875816993464054
0 0.852328431372549 0.2965686274509804 0.03553921568627451 0.04411764705882353
0 0.8357843137254902 0.31290849673202614 0.024509803921568627 0.04738562091503268
0 0.8063725490196079 0.29411764705882354 0.0196078431372549 0.03594771241830066
0 0.7824754901960784 0.27941176470588236 0.013480392156862746 0.022875816993464054
0 0.7604166666666666 0.24836601307189543 0.030637254901960783 0.032679738562091505
0 0.7653186274509803 0.2712418300653595 0.025735294117647058 0.026143790849673203
0 0.7714460784313726 0.29820261437908496 0.04044117647058824 0.03758169934640523
0 0.7990196078431372 0.30718954248366015 0.0196078431372549 0.022875816993464054
0 0.7953431372549019 0.33415032679738566 0.029411764705882353 0.04411764705882353
0 0.8167892156862745 0.3227124183006536 0.020833333333333332 0.04411764705882353
0 0.8265931372549019 0.35375816993464054 0.028186274509803922 0.024509803921568627
0 0.8627450980392157 0.34885620915032683 0.022058823529411763 0.02777777777777778
0 0.7475490196078431 0.309640522875817 0.02696078431372549 0.02777777777777778
0 0.7205882352941176 0.33169934640522875 0.014705882352941176 0.022875816993464054
0 0.7389705882352942 0.32679738562091504 0.014705882352941176 0.022875816993464054
0 0.7720588235294118 0.3366013071895425 0.029411764705882353 0.042483660130718956
0 0.7879901960784313 0.37336601307189543 0.029411764705882353 0.03104575163398693
0 0.8094362745098039 0.38071895424836605 0.023284313725490197 0.03594771241830066
0 0.8498774509803921 0.3741830065359477 0.023284313725490197 0.032679738562091505
0 0.8370098039215687 0.3790849673202614 0.01715686274509804 0.029411764705882353
0 0.8265931372549019 0.40032679738562094 0.015931372549019607 0.029411764705882353
0 0.821078431372549 0.4158496732026144 0.0196078431372549 0.024509803921568627
0 0.7935049019607843 0.3978758169934641 0.025735294117647058 0.02777777777777778
0 0.9834558823529411 0.5898692810457516 0.01838235294117647 0.029411764705882353
0 0.9675245098039216 0.5988562091503268 0.025735294117647058 0.03431372549019608
0 0.9834558823529411 0.6209150326797386 0.015931372549019607 0.032679738562091505
0 0.9926470588235294 0.6380718954248367 0.014705882352941176 0.04738562091503268
0 0.9803921568627451 0.6446078431372549 0.014705882352941176 0.02777777777777778
0 0.9656862745098039 0.6397058823529412 0.0196078431372549 0.03431372549019608
0 0.977328431372549 0.6683006535947713 0.013480392156862746 0.029411764705882353
0 0.9865196078431372 0.684640522875817 0.012254901960784314 0.0196078431372549
0 0.9871323529411764 0.7050653594771242 0.015931372549019607 0.02777777777777778
0 0.9705882352941176 0.6854575163398693 0.0196078431372549 0.01797385620915033
0 0.9595588235294118 0.7050653594771242 0.02696078431372549 0.03431372549019608
0 0.9736519607843137 0.704248366013072 0.013480392156862746 0.0196078431372549
0 0.9797794117647058 0.7401960784313726 0.020833333333333332 0.049019607843137254
0 0.9920343137254902 0.7230392156862745 0.013480392156862746 0.024509803921568627
0 0.9932598039215687 0.7540849673202614 0.013480392156862746 0.04738562091503268
0 0.9620098039215687 0.7344771241830066 0.014705882352941176 0.024509803921568627
0 0.9454656862745098 0.7238562091503268 0.015931372549019607 0.022875816993464054
0 0.9227941176470588 0.744281045751634 0.024509803921568627 0.03758169934640523
0 0.9883578431372549 0.7769607843137255 0.01838235294117647 0.03758169934640523
0 0.9932598039215687 0.8186274509803921 0.013480392156862746 0.032679738562091505
0 0.991421568627451 0.8464052287581699 0.014705882352941176 0.029411764705882353
