0 0.6936274509803921 0.2957516339869281 0.022058823529411763 0.042483660130718956
0 0.7083333333333334 0.3374183006535948 0.014705882352941176 0.02777777777777778
0 0.6905637254901961 0.34477124183006536 0.015931372549019607 0.029411764705882353
0 0.6697303921568627 0.36601307189542487 0.023284313725490197 0.032679738562091505
0 0.7120098039215687 0.3839869281045752 0.014705882352941176 0.032679738562091505
0 0.6948529411764706 0.4076797385620915 0.041666666666666664 0.08333333333333334
0 0.6819852941176471 0.47303921568627455 0.015931372549019607 0.03758169934640523
0 0.6991421568627451 0.4722222222222222 0.015931372549019607 0.0392156862745098
0 0.7181372549019608 0.46977124183006536 0.01715686274509804 0.03758169934640523
0 0.6973039215686274 0.5073529411764706 0.01715686274509804 0.03758169934640523
0 0.8125 0.4746732026143791 0.014705882352941176 0.03758169934640523
0 0.7922794117647058 0.5065359477124183 0.04044117647058824 0.08169934640522876
0 0.9865196078431372 0.5261437908496732 0.024509803921568627 0.05228758169934641
0 0.9889705882352942 0.5890522875816994 0.022058823529411763 0.07679738562091504
0 0.7653186274509803 0.5727124183006536 0.015931372549019607 0.03431372549019608
0 0.767156862745098 0.6045751633986929 0.012254901960784314 0.032679738562091505
0 0.7757352941176471 0.6372549019607844 0.012254901960784314 0.03594771241830066
0 0.8014705882352942 0.5661764705882353 0.014705882352941176 0.03431372549019608
0 0.7861519607843137 0.5669934640522876 0.01838235294117647 0.029411764705882353
0 0.7855392156862745 0.6004901960784313 0.014705882352941176 0.03431372549019608
0 0.8094362745098039 0.5947712418300654 0.01838235294117647 0.029411764705882353
0 0.8002450980392157 0.6233660130718954 0.014705882352941176 0.03758169934640523
0 0.8357843137254902 0.6397058823529412 0.03676470588235294 0.08333333333333334
0 0.8419117647058824 0.7091503267973857 0.01715686274509804 0.03594771241830066
0 0.7720588235294118 0.7295751633986929 0.014705882352941176 0.02777777777777778
0 0.767156862745098 0.7622549019607844 0.012254901960784314 0.03104575163398693
0 0.7837009803921569 0.7450980392156863 0.013480392156862746 0.032679738562091505
0 0.8161764705882353 0.6977124183006537 0.00980392156862745 0.029411764705882353
0 0.8259803921568627 0.7099673202614379 0.00980392156862745 0.021241830065359478
0 0.8002450980392157 0.6666666666666667 0.03431372549019608 0.08169934640522876
0 0.8223039215686274 0.8308823529411765 0.014705882352941176 0.03431372549019608
0 0.8192401960784313 0.8684640522875817 0.015931372549019607 0.03758169934640523
0 0.7818627450980392 0.7933006535947713 0.01715686274509804 0.021241830065359478
0 0.7965686274509803 0.7826797385620915 0.012254901960784314 0.026143790849673203
0 0.7922794117647058 0.8194444444444444 0.015931372549019607 0.03104575163398693
0 0.8082107843137255 0.829248366013072 0.013480392156862746 0.03758169934640523
0 0.7763480392156863 0.8553921568627452 0.03553921568627451 0.07679738562091504
0 0.7990196078431372 0.8766339869281046 0.014705882352941176 0.03431372549019608
0 0.7444852941176471 0.8700980392156863 0.011029411764705881 0.02777777777777778
0 0.7561274509803921 0.883169934640523 0.012254901960784314 0.02777777777777778
0 0.7524509803921569 0.9117647058823529 0.012254901960784314 0.032679738562091505
0 0.7450980392156863 0.923202614379085 0.012254901960784314 0.029411764705882353
0 0.7732843137254902 0.9183006535947713 0.031862745098039214 0.05555555555555556
0 0.7610294117647058 0.9640522875816994 0.0392156862745098 0.06535947712418301
0 0.7928921568627451 0.9689542483660131 0.01715686274509804 0.03594771241830066
0 0.8253676470588235 0.763888888888889 0.03553921568627451 0.08006535947712419
0 0.7990196078431372 0.7295751633986929 0.024509803921568627 0.03104575163398693
