0 0.022058823529411763 0.022058823529411766 0.041666666666666664 0.04084967320261438
0 0.014705882352941176 0.07434640522875817 0.02696078431372549 0.03758169934640523
0 0.07536764705882353 0.04656862745098039 0.07475490196078431 0.06699346405228758
0 0.12806372549019607 0.03676470588235294 0.04044117647058824 0.04738562091503268
0 0.12316176470588235 0.06944444444444445 0.03553921568627451 0.03431372549019608
0 0.1482843137254902 0.012254901960784314 0.07598039215686274 0.021241830065359478
0 0.1525735294117647 0.05800653594771242 0.023284313725490197 0.03758169934640523
0 0.18566176470588236 0.06372549019607843 0.03553921568627451 0.032679738562091505
0 0.1838235294117647 0.018790849673202614 0.06372549019607843 0.03431372549019608
0 0.23039215686274508 0.042483660130718956 0.041666666666666664 0.03594771241830066
0 0.25735294117647056 0.021241830065359478 0.03431372549019608 0.029411764705882353
0 0.28799019607843135 0.016339869281045753 0.03431372549019608 0.029411764705882353
0 0.2696078431372549 0.059640522875817 0.029411764705882353 0.04084967320261438
0 0.3112745098039216 0.03839869281045752 0.044117647058823525 0.04411764705882353
0 0.3645833333333333 0.029411764705882353 0.05514705882352941 0.042483660130718956
0 0.41237745098039214 0.021241830065359478 0.03308823529411765 0.0392156862745098
0 0.4534313725490196 0.01388888888888889 0.051470588235294115 0.024509803921568627
