0 0.8055555555555556 0.3051470588235294 0.029411764705882353 0.022058823529411763
0 0.829248366013072 0.29473039215686275 0.02777777777777778 0.020833333333333332
0 0.8406862745098039 0.321078431372549 0.03431372549019608 0.01715686274509804
0 0.8733660130718954 0.3290441176470588 0.024509803921568627 0.020833333333333332
0 0.9125816993464052 0.2922794117647059 0.024509803921568627 0.030637254901960783
0 0.9313725490196079 0.3272058823529412 0.032679738562091505 0.024509803921568627
0 0.9011437908496732 0.34068627450980393 0.02777777777777778 0.022058823529411763
0 0.9068627450980392 0.3872549019607843 0.0196078431372549 0.02696078431372549
0 0.869281045751634 0.3805147058823529 0.03594771241830066 0.025735294117647058
0 0.8774509803921569 0.3014705882352941 0.07189542483660132 0.04656862745098039
