0 0.5253267973856209 0.7352941176470588 0.04738562091503268 0.02696078431372549
0 0.4550653594771242 0.923406862745098 0.05065359477124183 0.030637254901960783
0 0.41830065359477125 0.9932598039215687 0.058823529411764705 0.013480392156862746
0 0.45669934640522875 0.9840686274509803 0.02777777777777778 0.031862745098039214
0 0.4109477124183007 0.9840686274509803 0.04738562091503268 0.014705882352941176
0 0.4901960784313726 0.9871323529411764 0.05555555555555556 0.025735294117647058
0 0.5531045751633987 0.9908088235294118 0.06699346405228758 0.01838235294117647
0 0.542483660130719 0.9779411764705882 0.042483660130718956 0.014705882352941176
0 0.6225490196078431 0.9901960784313726 0.06535947712418301 0.0196078431372549
0 0.7091503267973857 0.9099264705882353 0.0196078431372549 0.023284313725490197
0 0.7410130718954249 0.9123774509803921 0.04084967320261438 0.020833333333333332
0 0.7892156862745098 0.9197303921568627 0.03594771241830066 0.01838235294117647
0 0.9330065359477124 0.8707107843137255 0.0392156862745098 0.020833333333333332
0 0.8815359477124183 0.8768382352941176 0.03104575163398693 0.025735294117647058
0 0.9754901960784313 0.8694852941176471 0.029411764705882353 0.03308823529411765
0 0.9950980392156863 0.8560049019607843 0.00980392156862745 0.028186274509803922
0 0.982843137254902 0.897671568627451 0.03431372549019608 0.025735294117647058
0 0.9362745098039216 0.9497549019607843 0.03594771241830066 0.01715686274509804
0 0.9754901960784313 0.9534313725490196 0.04575163398692811 0.0196078431372549
0 0.8937908496732027 0.9221813725490196 0.029411764705882353 0.013480392156862746
0 0.9199346405228759 0.9240196078431372 0.032679738562091505 0.01715686274509804
0 0.9207516339869282 0.8988970588235294 0.05392156862745098 0.03308823529411765
0 0.9967320261437909 0.946078431372549 0.006535947712418301 0.01715686274509804
0 0.9616013071895425 0.9338235294117647 0.07026143790849673 0.029411764705882353
0 0.8700980392156863 0.8995098039215687 0.03431372549019608 0.029411764705882353
0 0.8921568627450981 0.9019607843137255 0.016339869281045753 0.0196078431372549
0 0.888888888888889 0.9503676470588235 0.029411764705882353 0.013480392156862746
0 0.8709150326797386 0.9650735294117647 0.03594771241830066 0.01838235294117647
0 0.8398692810457516 0.9718137254901961 0.029411764705882353 0.014705882352941176
0 0.8545751633986929 0.9142156862745098 0.029411764705882353 0.014705882352941176
0 0.8496732026143791 0.9307598039215687 0.042483660130718956 0.015931372549019607
0 0.809640522875817 0.9350490196078431 0.04084967320261438 0.0196078431372549
0 0.7524509803921569 0.9344362745098039 0.04738562091503268 0.028186274509803922
0 0.7794117647058824 0.9644607843137255 0.06862745098039216 0.03431372549019608
0 0.7083333333333334 0.9681372549019608 0.07026143790849673 0.031862745098039214
0 0.6200980392156863 0.9675245098039216 0.03758169934640523 0.013480392156862746
