0 0.9044117647058824 0.028799019607843136 0.03758169934640523 0.05024509803921569
0 0.9591503267973857 0.03125 0.032679738562091505 0.04044117647058824
0 0.9836601307189543 0.01838235294117647 0.032679738562091505 0.03431372549019608
0 0.8872549019607844 0.08333333333333333 0.05228758169934641 0.07107843137254902
0 0.9395424836601307 0.08394607843137254 0.05555555555555556 0.06985294117647059
0 0.9852941176470589 0.08517156862745098 0.029411764705882353 0.07720588235294118
0 0.8619281045751634 0.13419117647058823 0.02777777777777778 0.0428921568627451
0 0.8913398692810458 0.15992647058823528 0.03104575163398693 0.04779411764705882
0 0.9264705882352942 0.1482843137254902 0.042483660130718956 0.051470588235294115
0 0.9550653594771242 0.17769607843137256 0.03104575163398693 0.04656862745098039
0 0.9183006535947713 0.1917892156862745 0.03594771241830066 0.04534313725490196
0 0.982843137254902 0.17095588235294118 0.03431372549019608 0.08946078431372549
0 0.928921568627451 0.23345588235294118 0.024509803921568627 0.03799019607843137
0 0.8848039215686275 0.23713235294117646 0.03104575163398693 0.0428921568627451
0 0.9730392156862745 0.24754901960784315 0.05392156862745098 0.07107843137254902
0 0.9436274509803921 0.29411764705882354 0.021241830065359478 0.029411764705882353
0 0.8709150326797386 0.2965686274509804 0.026143790849673203 0.03431372549019608
0 0.9060457516339869 0.3014705882352941 0.05065359477124183 0.06862745098039216
0 0.8284313725490197 0.27941176470588236 0.05228758169934641 0.06862745098039216
0 0.8700980392156863 0.34068627450980393 0.04084967320261438 0.05392156862745098
0 0.8251633986928105 0.3553921568627451 0.05228758169934641 0.07352941176470588
0 0.8872549019607844 0.37316176470588236 0.042483660130718956 0.01838235294117647
0 0.9207516339869282 0.3584558823529412 0.03104575163398693 0.04534313725490196
0 0.9632352941176471 0.36887254901960786 0.03431372549019608 0.029411764705882353
0 0.9648692810457516 0.31495098039215685 0.04411764705882353 0.06862745098039216
0 0.9893790849673203 0.3854166666666667 0.021241830065359478 0.030637254901960783
0 0.9616013071895425 0.39644607843137253 0.03104575163398693 0.03799019607843137
0 0.9305555555555556 0.3958333333333333 0.024509803921568627 0.031862745098039214
0 0.8406862745098039 0.40870098039215685 0.07026143790849673 0.05514705882352941
0 0.9019607843137255 0.4117647058823529 0.05228758169934641 0.061274509803921566
0 0.8700980392156863 0.43443627450980393 0.02777777777777778 0.03799019607843137
0 0.9158496732026145 0.4681372549019608 0.05392156862745098 0.051470588235294115
0 0.9452614379084968 0.4479166666666667 0.04084967320261438 0.05024509803921569
0 0.9763071895424837 0.4497549019607843 0.04411764705882353 0.0661764705882353
0 0.8586601307189543 0.4650735294117647 0.057189542483660136 0.030637254901960783
0 0.8120915032679739 0.4791666666666667 0.06862745098039216 0.061274509803921566
0 0.8741830065359477 0.5061274509803921 0.049019607843137254 0.061274509803921566
0 0.9338235294117647 0.5018382352941176 0.04084967320261438 0.03553921568627451
0 0.9901960784313726 0.5091911764705882 0.0196078431372549 0.03308823529411765
0 0.8978758169934641 0.5514705882352942 0.03431372549019608 0.04656862745098039
0 0.9068627450980392 0.5986519607843137 0.04575163398692811 0.04779411764705882
0 0.7941176470588236 0.53125 0.032679738562091505 0.03799019607843137
0 0.7549019607843137 0.5367647058823529 0.06862745098039216 0.0661764705882353
0 0.8848039215686275 0.6458333333333334 0.04738562091503268 0.049019607843137254
0 0.8676470588235294 0.6844362745098039 0.026143790849673203 0.03308823529411765
0 0.8366013071895425 0.664828431372549 0.029411764705882353 0.0428921568627451
0 0.8063725490196079 0.6893382352941176 0.04411764705882353 0.05024509803921569
0 0.8447712418300654 0.710171568627451 0.032679738562091505 0.03799019607843137
0 0.9125816993464052 0.727328431372549 0.06699346405228758 0.06985294117647059
0 0.977124183006536 0.7536764705882353 0.032679738562091505 0.02696078431372549
0 0.9893790849673203 0.7941176470588235 0.021241830065359478 0.03676470588235294
0 0.9370915032679739 0.7843137254901961 0.057189542483660136 0.044117647058823525
0 0.8194444444444444 0.7340686274509803 0.04411764705882353 0.049019607843137254
0 0.8725490196078431 0.7861519607843137 0.049019607843137254 0.0625
0 0.8227124183006537 0.7757352941176471 0.04738562091503268 0.044117647058823525
0 0.6013071895424836 0.8026960784313726 0.0392156862745098 0.041666666666666664
0 0.5808823529411765 0.8560049019607843 0.08333333333333334 0.07475490196078431
0 0.6977124183006537 0.8823529411764706 0.029411764705882353 0.03676470588235294
0 0.7189542483660131 0.8566176470588235 0.0392156862745098 0.022058823529411763
0 0.7581699346405228 0.8455882352941176 0.029411764705882353 0.041666666666666664
0 0.7851307189542484 0.8167892156862745 0.024509803921568627 0.030637254901960783
0 0.8325163398692811 0.8100490196078431 0.02777777777777778 0.0196078431372549
0 0.7875816993464052 0.8547794117647058 0.022875816993464054 0.030637254901960783
0 0.7320261437908497 0.8946078431372549 0.029411764705882353 0.041666666666666664
0 0.7565359477124183 0.8805147058823529 0.026143790849673203 0.04044117647058824
0 0.7892156862745098 0.8823529411764706 0.0196078431372549 0.02696078431372549
0 0.8284313725490197 0.8517156862745098 0.05228758169934641 0.0661764705882353
0 0.8161764705882353 0.9001225490196079 0.03431372549019608 0.03553921568627451
0 0.6968954248366013 0.9197303921568627 0.04411764705882353 0.028186274509803922
0 0.744281045751634 0.9338235294117647 0.04738562091503268 0.051470588235294115
0 0.792483660130719 0.9368872549019608 0.06209150326797386 0.06495098039215687
0 0.7156862745098039 0.9613970588235294 0.058823529411764705 0.0625
0 0.7728758169934641 0.9779411764705882 0.06862745098039216 0.041666666666666664
0 0.8325163398692811 0.9852941176470588 0.04411764705882353 0.029411764705882353
0 0.8954248366013072 0.9908088235294118 0.049019607843137254 0.01838235294117647
0 0.8815359477124183 0.8455882352941176 0.04738562091503268 0.056372549019607844
0 0.9240196078431373 0.8480392156862745 0.03431372549019608 0.044117647058823525
0 0.9436274509803921 0.821078431372549 0.021241830065359478 0.03431372549019608
0 0.9697712418300654 0.8229166666666666 0.024509803921568627 0.03308823529411765
0 0.988562091503268 0.8462009803921569 0.022875816993464054 0.028186274509803922
0 0.9722222222222222 0.8786764705882353 0.05555555555555556 0.06862745098039216
0 0.8823529411764706 0.9001225490196079 0.032679738562091505 0.03553921568627451
0 0.9084967320261438 0.875 0.026143790849673203 0.024509803921568627
0 0.9207516339869282 0.9417892156862745 0.04411764705882353 0.05269607843137255
0 0.9616013071895425 0.9528186274509803 0.05065359477124183 0.06985294117647059
0 0.9901960784313726 0.9154411764705882 0.0196078431372549 0.02696078431372549
