0 0.954656862745098 0.17647058823529413 0.022058823529411763 0.0392156862745098
0 0.9681372549019608 0.2042483660130719 0.0196078431372549 0.04575163398692811
0 0.9803921568627451 0.18627450980392157 0.0196078431372549 0.0392156862745098
0 0.9852941176470588 0.24101307189542484 0.022058823529411763 0.04084967320261438
0 0.9810049019607843 0.28513071895424835 0.030637254901960783 0.04738562091503268
0 0.9822303921568627 0.3292483660130719 0.03553921568627451 0.04738562091503268
0 0.9865196078431372 0.3758169934640523 0.02696078431372549 0.05228758169934641
0 0.9797794117647058 0.4019607843137255 0.030637254901960783 0.032679738562091505
0 0.9852941176470588 0.4395424836601307 0.029411764705882353 0.049019607843137254
0 0.9901960784313726 0.4754901960784314 0.0196078431372549 0.026143790849673203
0 0.960171568627451 0.026143790849673203 0.028186274509803922 0.04575163398692811
0 0.9822303921568627 0.01715686274509804 0.028186274509803922 0.03104575163398693
0 0.9932598039215687 0.04166666666666667 0.013480392156862746 0.04411764705882353
0 0.9736519607843137 0.05310457516339869 0.020833333333333332 0.04738562091503268
0 0.9552696078431372 0.08333333333333334 0.020833333333333332 0.0392156862745098
0 0.9816176470588235 0.0857843137254902 0.0196078431372549 0.04084967320261438
0 0.9950980392156863 0.10620915032679738 0.00980392156862745 0.029411764705882353
0 0.9865196078431372 0.12336601307189543 0.01715686274509804 0.04084967320261438
0 0.9613970588235294 0.12009803921568628 0.023284313725490197 0.04084967320261438
0 0.946078431372549 0.13316993464052287 0.024509803921568627 0.03758169934640523
0 0.985906862745098 0.16339869281045752 0.01838235294117647 0.0392156862745098
0 0.9950980392156863 0.20669934640522877 0.00980392156862745 0.04084967320261438
