0 0.9779411764705882 0.8014705882352942 0.044117647058823525 0.07352941176470588
0 0.954656862745098 0.75 0.05392156862745098 0.09477124183006536
0 0.8658088235294118 0.5874183006535948 0.020833333333333332 0.04411764705882353
0 0.9448529411764706 0.5759803921568628 0.012254901960784314 0.02777777777777778
0 0.9136029411764706 0.5024509803921569 0.030637254901960783 0.07352941176470588
0 0.875 0.5416666666666666 0.012254901960784314 0.03431372549019608
0 0.8952205882352942 0.5547385620915033 0.020833333333333332 0.03104575163398693
0 0.9215686274509803 0.5849673202614379 0.02696078431372549 0.07189542483660132
0 0.8970588235294118 0.5955882352941176 0.0392156862745098 0.06372549019607843
0 0.9166666666666666 0.032679738562091505 0.03676470588235294 0.06209150326797386
0 0.9442401960784313 0.02042483660130719 0.013480392156862746 0.02777777777777778
0 0.9405637254901961 0.04575163398692811 0.013480392156862746 0.026143790849673203
0 0.9736519607843137 0.05228758169934641 0.05024509803921569 0.04575163398692811
0 0.9381127450980392 0.0923202614379085 0.03553921568627451 0.07026143790849673
0 0.9712009803921569 0.12254901960784315 0.03308823529411765 0.07516339869281045
0 0.9908088235294118 0.10866013071895425 0.01838235294117647 0.03758169934640523
0 0.9926470588235294 0.1519607843137255 0.014705882352941176 0.03594771241830066
0 0.9785539215686274 0.1715686274509804 0.015931372549019607 0.026143790849673203
0 0.9938725490196079 0.18218954248366015 0.012254901960784314 0.03104575163398693
0 0.954656862745098 0.21568627450980393 0.0196078431372549 0.042483660130718956
0 0.9803921568627451 0.21895424836601307 0.031862745098039214 0.06862745098039216
0 0.9938725490196079 0.2769607843137255 0.012254901960784314 0.05392156862745098
0 0.9742647058823529 0.28921568627450983 0.02696078431372549 0.06862745098039216
0 0.9785539215686274 0.35866013071895425 0.025735294117647058 0.06372549019607843
0 0.9454656862745098 0.2777777777777778 0.030637254901960783 0.0784313725490196
0 0.9938725490196079 0.33986928104575165 0.012254901960784314 0.022875816993464054
0 0.9950980392156863 0.3700980392156863 0.00980392156862745 0.03104575163398693
0 0.9405637254901961 0.15359477124183007 0.01838235294117647 0.032679738562091505
0 0.960171568627451 0.15604575163398693 0.023284313725490197 0.04084967320261438
