0 0.24387254901960784 0.19444444444444445 0.04656862745098039 0.042483660130718956
0 0.27267156862745096 0.21486928104575165 0.025735294117647058 0.03758169934640523
0 0.25245098039215685 0.23366013071895425 0.031862745098039214 0.03594771241830066
0 0.20526960784313725 0.24673202614379086 0.06740196078431372 0.058823529411764705
0 0.06004901960784314 0.6470588235294118 0.07598039215686274 0.06535947712418301
0 0.09191176470588235 0.6944444444444444 0.056372549019607844 0.049019607843137254
0 0.13725490196078433 0.6919934640522876 0.03431372549019608 0.04084967320261438
0 0.12193627450980392 0.6527777777777778 0.0625 0.05065359477124183
0 0.18872549019607843 0.6519607843137255 0.02696078431372549 0.029411764705882353
0 0.20098039215686275 0.6380718954248367 0.02696078431372549 0.024509803921568627
0 0.1764705882352941 0.678921568627451 0.061274509803921566 0.06372549019607843
0 0.23161764705882354 0.7214052287581699 0.024509803921568627 0.021241830065359478
0 0.2622549019607843 0.7173202614379085 0.031862745098039214 0.026143790849673203
0 0.258578431372549 0.7377450980392157 0.02696078431372549 0.024509803921568627
0 0.289828431372549 0.7369281045751634 0.04534313725490196 0.03594771241830066
0 0.25980392156862747 0.6535947712418301 0.022058823529411763 0.026143790849673203
0 0.2696078431372549 0.6397058823529412 0.024509803921568627 0.02777777777777778
0 0.29840686274509803 0.6535947712418301 0.025735294117647058 0.032679738562091505
0 0.23651960784313725 0.6715686274509804 0.0661764705882353 0.06535947712418301
0 0.29411764705882354 0.6887254901960784 0.058823529411764705 0.06699346405228758
0 0.3449754901960784 0.6617647058823529 0.06495098039215687 0.05555555555555556
0 0.3547794117647059 0.7034313725490197 0.05759803921568627 0.04411764705882353
0 0.3486519607843137 0.75 0.0625 0.05555555555555556
0 0.38786764705882354 0.7581699346405228 0.025735294117647058 0.026143790849673203
0 0.4013480392156863 0.7165032679738562 0.05024509803921569 0.057189542483660136
0 0.42463235294117646 0.7630718954248367 0.05514705882352941 0.05555555555555556
0 0.4638480392156863 0.7810457516339869 0.023284313725490197 0.029411764705882353
0 0.4387254901960784 0.7263071895424836 0.029411764705882353 0.04084967320261438
0 0.4742647058823529 0.7197712418300654 0.031862745098039214 0.03104575163398693
0 0.4736519607843137 0.75 0.04779411764705882 0.042483660130718956
