0 0.022058823529411763 0.016339869281045753 0.041666666666666664 0.029411764705882353
0 0.017769607843137254 0.03431372549019608 0.03308823529411765 0.026143790849673203
0 0.03370098039215686 0.04656862745098039 0.030637254901960783 0.04411764705882353
0 0.007352941176470588 0.056372549019607844 0.012254901960784314 0.01797385620915033
0 0.011642156862745098 0.08088235294117647 0.020833333333333332 0.03758169934640523
0 0.029411764705882353 0.07679738562091504 0.022058823529411763 0.0196078431372549
0 0.08517156862745098 0.01388888888888889 0.028186274509803922 0.024509803921568627
0 0.04840686274509804 0.02042483660130719 0.01838235294117647 0.03104575163398693
0 0.09620098039215687 0.03839869281045752 0.020833333333333332 0.04084967320261438
0 0.07965686274509803 0.031862745098039214 0.024509803921568627 0.01797385620915033
0 0.06924019607843138 0.05147058823529412 0.015931372549019607 0.03104575163398693
0 0.08088235294117647 0.05800653594771242 0.01715686274509804 0.03104575163398693
0 0.0974264705882353 0.07026143790849673 0.020833333333333332 0.032679738562091505
0 0.08149509803921569 0.08496732026143791 0.01838235294117647 0.042483660130718956
0 0.0625 0.0857843137254902 0.022058823529411763 0.04084967320261438
0 0.04656862745098039 0.08741830065359478 0.01715686274509804 0.03431372549019608
0 0.0508578431372549 0.0661764705882353 0.020833333333333332 0.01797385620915033
0 0.032475490196078434 0.09885620915032681 0.013480392156862746 0.03104575163398693
0 0.029411764705882353 0.12745098039215685 0.01715686274509804 0.0392156862745098
