0 0.8897058823529411 0.042483660130718956 0.024509803921568627 0.049019607843137254
0 0.8939950980392156 0.08006535947712419 0.028186274509803922 0.029411764705882353
0 0.8566176470588235 0.059640522875817 0.044117647058823525 0.04411764705882353
0 0.8602941176470588 0.09722222222222222 0.05392156862745098 0.04411764705882353
0 0.8137254901960784 0.11601307189542484 0.051470588235294115 0.05555555555555556
0 0.8553921568627451 0.14215686274509803 0.061274509803921566 0.05228758169934641
0 0.8964460784313726 0.14624183006535948 0.023284313725490197 0.02777777777777778
0 0.9123774509803921 0.10784313725490197 0.04779411764705882 0.05228758169934641
0 0.9338235294117647 0.14624183006535948 0.05392156862745098 0.05392156862745098
0 0.9803921568627451 0.13970588235294118 0.0392156862745098 0.05065359477124183
0 0.9834558823529411 0.17483660130718956 0.023284313725490197 0.029411764705882353
0 0.7714460784313726 0.3415032679738562 0.025735294117647058 0.022875816993464054
0 0.8075980392156863 0.3570261437908497 0.0196078431372549 0.01797385620915033
0 0.8615196078431372 0.3684640522875817 0.024509803921568627 0.02777777777777778
0 0.8780637254901961 0.39052287581699346 0.01838235294117647 0.022875816993464054
0 0.8394607843137255 0.3937908496732026 0.056372549019607844 0.05555555555555556
