0 0.03615196078431372 0.5816993464052288 0.023284313725490197 0.0196078431372549
0 0.08455882352941177 0.573529411764706 0.014705882352941176 0.029411764705882353
0 0.09558823529411764 0.5931372549019608 0.029411764705882353 0.022875816993464054
0 0.029411764705882353 0.5972222222222222 0.031862745098039214 0.024509803921568627
0 0.052083333333333336 0.6037581699346405 0.025735294117647058 0.021241830065359478
0 0.014093137254901961 0.6282679738562091 0.025735294117647058 0.02777777777777778
0 0.012254901960784314 0.607843137254902 0.022058823529411763 0.022875816993464054
0 0.03125 0.6209150326797386 0.01838235294117647 0.022875816993464054
0 0.052083333333333336 0.6217320261437909 0.020833333333333332 0.021241830065359478
0 0.06924019607843138 0.6315359477124183 0.015931372549019607 0.03104575163398693
0 0.04105392156862745 0.6372549019607844 0.028186274509803922 0.022875816993464054
0 0.049019607843137254 0.6519607843137255 0.024509803921568627 0.016339869281045753
0 0.10661764705882353 0.6094771241830066 0.022058823529411763 0.0196078431372549
0 0.12009803921568628 0.6299019607843137 0.02696078431372549 0.02777777777777778
0 0.09068627450980392 0.6339869281045751 0.022058823529411763 0.026143790849673203
0 0.02022058823529412 0.6633986928104575 0.020833333333333332 0.0196078431372549
0 0.04105392156862745 0.673202614379085 0.023284313725490197 0.0196078431372549
0 0.011642156862745098 0.6821895424836601 0.01838235294117647 0.01797385620915033
0 0.03431372549019608 0.6944444444444444 0.024509803921568627 0.016339869281045753
0 0.015931372549019607 0.7214052287581699 0.029411764705882353 0.03104575163398693
0 0.04963235294117647 0.7132352941176471 0.028186274509803922 0.021241830065359478
0 0.06556372549019608 0.7287581699346406 0.0428921568627451 0.04575163398692811
0 0.024509803921568627 0.7467320261437909 0.041666666666666664 0.032679738562091505
0 0.1017156862745098 0.7271241830065359 0.01715686274509804 0.0196078431372549
0 0.14950980392156862 0.7165032679738562 0.022058823529411763 0.01797385620915033
0 0.15747549019607843 0.7336601307189543 0.020833333333333332 0.022875816993464054
0 0.14215686274509803 0.7516339869281046 0.0196078431372549 0.022875816993464054
0 0.12193627450980392 0.7393790849673203 0.01838235294117647 0.01797385620915033
0 0.07904411764705882 0.7475490196078431 0.01838235294117647 0.02777777777777778
0 0.09497549019607843 0.7532679738562091 0.01838235294117647 0.0196078431372549
0 0.11274509803921569 0.7540849673202614 0.0196078431372549 0.024509803921568627
0 0.12683823529411764 0.7687908496732027 0.025735294117647058 0.021241830065359478
0 0.10049019607843138 0.7745098039215687 0.02696078431372549 0.022875816993464054
0 0.05698529411764706 0.7581699346405228 0.03308823529411765 0.026143790849673203
0 0.03125 0.7704248366013072 0.028186274509803922 0.024509803921568627
0 0.02022058823529412 0.8006535947712419 0.020833333333333332 0.022875816993464054
0 0.0392156862745098 0.7900326797385621 0.0196078431372549 0.024509803921568627
0 0.055759803921568624 0.7834967320261438 0.020833333333333332 0.024509803921568627
0 0.0784313725490196 0.7851307189542484 0.024509803921568627 0.021241830065359478
0 0.09865196078431372 0.857843137254902 0.023284313725490197 0.026143790849673203
0 0.11887254901960784 0.8594771241830066 0.0196078431372549 0.0196078431372549
0 0.08149509803921569 0.8488562091503268 0.023284313725490197 0.021241830065359478
0 0.03125 0.8496732026143791 0.025735294117647058 0.026143790849673203
0 0.0545343137254902 0.8627450980392157 0.030637254901960783 0.026143790849673203
0 0.07107843137254902 0.875 0.029411764705882353 0.02777777777777778
0 0.04534313725490196 0.8856209150326798 0.02696078431372549 0.026143790849673203
0 0.011642156862745098 0.8905228758169935 0.01838235294117647 0.016339869281045753
0 0.02267156862745098 0.9044117647058824 0.025735294117647058 0.021241830065359478
0 0.027573529411764705 0.9199346405228759 0.028186274509803922 0.022875816993464054
0 0.07169117647058823 0.8986928104575164 0.023284313725490197 0.0196078431372549
0 0.10049019607843138 0.8815359477124183 0.031862745098039214 0.03104575163398693
0 0.12254901960784313 0.888888888888889 0.024509803921568627 0.029411764705882353
0 0.10049019607843138 0.9003267973856209 0.022058823529411763 0.022875816993464054
0 0.16911764705882354 0.8570261437908497 0.024509803921568627 0.021241830065359478
0 0.16115196078431374 0.8733660130718954 0.020833333333333332 0.021241830065359478
0 0.14215686274509803 0.8709150326797386 0.024509803921568627 0.022875816993464054
0 0.15992647058823528 0.8905228758169935 0.025735294117647058 0.0196078431372549
0 0.1403186274509804 0.8962418300653595 0.025735294117647058 0.01797385620915033
0 0.15502450980392157 0.9158496732026145 0.0428921568627451 0.03431372549019608
0 0.12683823529411764 0.9109477124183006 0.020833333333333332 0.01797385620915033
0 0.1292892156862745 0.9313725490196079 0.020833333333333332 0.0196078431372549
0 0.1954656862745098 0.8496732026143791 0.025735294117647058 0.022875816993464054
0 0.20098039215686275 0.8709150326797386 0.02696078431372549 0.0196078431372549
0 0.19301470588235295 0.823529411764706 0.020833333333333332 0.016339869281045753
0 0.2181372549019608 0.7941176470588236 0.03431372549019608 0.029411764705882353
0 0.05024509803921569 0.9370915032679739 0.022058823529411763 0.021241830065359478
0 0.07352941176470588 0.9321895424836601 0.024509803921568627 0.021241830065359478
0 0.00980392156862745 0.9697712418300654 0.01715686274509804 0.024509803921568627
0 0.027573529411764705 0.9632352941176471 0.023284313725490197 0.02777777777777778
0 0.049019607843137254 0.9640522875816994 0.024509803921568627 0.022875816993464054
0 0.08517156862745098 0.9477124183006537 0.030637254901960783 0.029411764705882353
0 0.07352941176470588 0.9673202614379085 0.024509803921568627 0.022875816993464054
0 0.09191176470588235 0.9836601307189543 0.022058823529411763 0.032679738562091505
0 0.05821078431372549 0.9910130718954249 0.03308823529411765 0.01797385620915033
0 0.013480392156862746 0.9844771241830066 0.022058823529411763 0.021241830065359478
0 0.11029411764705882 0.9477124183006537 0.01715686274509804 0.0196078431372549
0 0.125 0.9526143790849674 0.014705882352941176 0.026143790849673203
0 0.1409313725490196 0.9665032679738562 0.022058823529411763 0.024509803921568627
0 0.16176470588235295 0.9648692810457516 0.022058823529411763 0.01797385620915033
0 0.14399509803921567 0.9877450980392157 0.020833333333333332 0.024509803921568627
0 0.18075980392156862 0.9779411764705883 0.03308823529411765 0.024509803921568627
0 0.2077205882352941 0.9861111111111112 0.023284313725490197 0.02777777777777778
0 0.20098039215686275 0.8986928104575164 0.04656862745098039 0.0392156862745098
0 0.18933823529411764 0.928921568627451 0.028186274509803922 0.024509803921568627
0 0.20465686274509803 0.9436274509803921 0.022058823529411763 0.01797385620915033
0 0.23039215686274508 0.9035947712418301 0.02696078431372549 0.022875816993464054
0 0.2340686274509804 0.7630718954248367 0.022058823529411763 0.0196078431372549
0 0.25183823529411764 0.7426470588235294 0.023284313725490197 0.021241830065359478
0 0.2647058823529412 0.7589869281045751 0.029411764705882353 0.024509803921568627
0 0.25306372549019607 0.8006535947712419 0.03553921568627451 0.029411764705882353
0 0.22732843137254902 0.8104575163398693 0.023284313725490197 0.0196078431372549
0 0.28370098039215685 0.7973856209150327 0.020833333333333332 0.032679738562091505
0 0.24019607843137256 0.8406862745098039 0.044117647058823525 0.04738562091503268
0 0.25980392156862747 0.8488562091503268 0.01715686274509804 0.014705882352941176
0 0.2935049019607843 0.8390522875816994 0.025735294117647058 0.024509803921568627
0 0.25674019607843135 0.8668300653594772 0.01838235294117647 0.01797385620915033
0 0.24019607843137256 0.8733660130718954 0.014705882352941176 0.024509803921568627
0 0.24387254901960784 0.9256535947712419 0.022058823529411763 0.014705882352941176
0 0.23223039215686275 0.9509803921568628 0.025735294117647058 0.022875816993464054
0 0.22120098039215685 0.9730392156862745 0.023284313725490197 0.01797385620915033
0 0.23529411764705882 0.9869281045751634 0.02696078431372549 0.022875816993464054
0 0.25306372549019607 0.9763071895424837 0.01838235294117647 0.021241830065359478
0 0.3174019607843137 0.7949346405228759 0.024509803921568627 0.021241830065359478
0 0.3590686274509804 0.7851307189542484 0.022058823529411763 0.021241830065359478
0 0.3841911764705882 0.7736928104575164 0.03308823529411765 0.02777777777777778
0 0.34068627450980393 0.8063725490196079 0.03431372549019608 0.03104575163398693
0 0.3737745098039216 0.8104575163398693 0.024509803921568627 0.0196078431372549
0 0.3541666666666667 0.8341503267973857 0.024509803921568627 0.03758169934640523
0 0.3125 0.8398692810457516 0.022058823529411763 0.0196078431372549
0 0.28431372549019607 0.8839869281045752 0.0196078431372549 0.032679738562091505
0 0.30453431372549017 0.8790849673202614 0.025735294117647058 0.026143790849673203
0 0.3241421568627451 0.8766339869281046 0.015931372549019607 0.03104575163398693
0 0.3443627450980392 0.8774509803921569 0.029411764705882353 0.022875816993464054
0 0.3541666666666667 0.8986928104575164 0.041666666666666664 0.026143790849673203
0 0.39276960784313725 0.8594771241830066 0.030637254901960783 0.029411764705882353
0 0.40318627450980393 0.8823529411764706 0.029411764705882353 0.03594771241830066
0 0.3799019607843137 0.9027777777777778 0.01715686274509804 0.03431372549019608
0 0.36887254901960786 0.9223856209150327 0.01715686274509804 0.03431372549019608
0 0.3841911764705882 0.9248366013071896 0.01838235294117647 0.026143790849673203
0 0.3002450980392157 0.9093137254901961 0.02696078431372549 0.02777777777777778
0 0.2647058823529412 0.9362745098039216 0.02696078431372549 0.029411764705882353
0 0.2579656862745098 0.9558823529411765 0.01838235294117647 0.016339869281045753
0 0.2708333333333333 0.9705882352941176 0.0196078431372549 0.016339869281045753
0 0.29105392156862747 0.9640522875816994 0.023284313725490197 0.016339869281045753
0 0.29105392156862747 0.9395424836601307 0.020833333333333332 0.0196078431372549
0 0.30637254901960786 0.9305555555555556 0.0196078431372549 0.014705882352941176
0 0.33088235294117646 0.9240196078431373 0.029411764705882353 0.021241830065359478
0 0.3247549019607843 0.9411764705882353 0.0196078431372549 0.0196078431372549
0 0.31004901960784315 0.954248366013072 0.022058823529411763 0.016339869281045753
0 0.3125 0.9844771241830066 0.041666666666666664 0.03104575163398693
0 0.27818627450980393 0.988562091503268 0.03431372549019608 0.022875816993464054
0 0.3431372549019608 0.982843137254902 0.022058823529411763 0.021241830065359478
0 0.3639705882352941 0.9493464052287582 0.022058823529411763 0.0196078431372549
0 0.41605392156862747 0.7745098039215687 0.025735294117647058 0.032679738562091505
0 0.4424019607843137 0.7745098039215687 0.0196078431372549 0.022875816993464054
0 0.4564950980392157 0.7671568627450981 0.01838235294117647 0.02777777777777778
0 0.47855392156862747 0.744281045751634 0.028186274509803922 0.021241830065359478
0 0.5055147058823529 0.732843137254902 0.023284313725490197 0.024509803921568627
0 0.5287990196078431 0.7532679738562091 0.030637254901960783 0.026143790849673203
0 0.5024509803921569 0.7704248366013072 0.02696078431372549 0.024509803921568627
0 0.477328431372549 0.7794117647058824 0.023284313725490197 0.0196078431372549
0 0.44424019607843135 0.7973856209150327 0.028186274509803922 0.0196078431372549
0 0.4699754901960784 0.823529411764706 0.028186274509803922 0.022875816993464054
0 0.5147058823529411 0.8063725490196079 0.03431372549019608 0.02777777777777778
0 0.5049019607843137 0.8300653594771242 0.03431372549019608 0.026143790849673203
0 0.47610294117647056 0.8415032679738562 0.028186274509803922 0.0196078431372549
0 0.4522058823529412 0.8464052287581699 0.022058823529411763 0.022875816993464054
0 0.4252450980392157 0.8766339869281046 0.0196078431372549 0.024509803921568627
0 0.45894607843137253 0.8709150326797386 0.0428921568627451 0.032679738562091505
0 0.4883578431372549 0.857843137254902 0.015931372549019607 0.016339869281045753
0 0.4319852941176471 0.8954248366013072 0.023284313725490197 0.0196078431372549
0 0.40379901960784315 0.9044117647058824 0.028186274509803922 0.024509803921568627
0 0.34681372549019607 0.9648692810457516 0.022058823529411763 0.01797385620915033
0 0.3897058823529412 0.9591503267973857 0.024509803921568627 0.022875816993464054
0 0.3860294117647059 0.977124183006536 0.031862745098039214 0.022875816993464054
0 0.37193627450980393 0.9901960784313726 0.03308823529411765 0.0196078431372549
0 0.4221813725490196 0.9411764705882353 0.025735294117647058 0.022875816993464054
0 0.4172794117647059 0.9142156862745099 0.01838235294117647 0.021241830065359478
0 0.44362745098039214 0.9248366013071896 0.02696078431372549 0.0196078431372549
0 0.48651960784313725 0.9117647058823529 0.044117647058823525 0.0392156862745098
0 0.4877450980392157 0.9468954248366014 0.044117647058823525 0.03758169934640523
0 0.4571078431372549 0.9534313725490197 0.029411764705882353 0.03431372549019608
0 0.45036764705882354 0.9779411764705883 0.015931372549019607 0.03758169934640523
0 0.4325980392156863 0.9607843137254902 0.022058823529411763 0.0196078431372549
0 0.4111519607843137 0.9665032679738562 0.023284313725490197 0.021241830065359478
0 0.42953431372549017 0.9812091503267975 0.025735294117647058 0.01797385620915033
0 0.4050245098039216 0.9893790849673203 0.025735294117647058 0.01797385620915033
0 0.15379901960784315 0.5906862745098039 0.023284313725490197 0.02777777777777778
0 0.19056372549019607 0.5612745098039216 0.023284313725490197 0.01797385620915033
0 0.1795343137254902 0.5767973856209151 0.01838235294117647 0.029411764705882353
0 0.16789215686274508 0.5980392156862745 0.024509803921568627 0.029411764705882353
0 0.2071078431372549 0.5882352941176471 0.03676470588235294 0.049019607843137254
0 0.19914215686274508 0.6143790849673203 0.025735294117647058 0.026143790849673203
0 0.23590686274509803 0.5890522875816994 0.025735294117647058 0.024509803921568627
0 0.2463235294117647 0.6086601307189543 0.02696078431372549 0.024509803921568627
0 0.2647058823529412 0.5637254901960784 0.024509803921568627 0.0196078431372549
0 0.2818627450980392 0.5506535947712419 0.024509803921568627 0.0196078431372549
0 0.2824754901960784 0.5800653594771242 0.025735294117647058 0.022875816993464054
0 0.32169117647058826 0.5825163398692811 0.028186274509803922 0.02777777777777778
0 0.3235294117647059 0.5996732026143791 0.024509803921568627 0.022875816993464054
0 0.43566176470588236 0.5351307189542484 0.05269607843137255 0.04084967320261438
0 0.3915441176470588 0.565359477124183 0.03553921568627451 0.03594771241830066
0 0.3988970588235294 0.5833333333333334 0.01838235294117647 0.0196078431372549
0 0.48284313725490197 0.5457516339869282 0.049019607843137254 0.042483660130718956
0 0.48161764705882354 0.5171568627450981 0.02696078431372549 0.024509803921568627
0 0.5073529411764706 0.5245098039215687 0.01715686274509804 0.029411764705882353
0 0.5232843137254902 0.5375816993464052 0.024509803921568627 0.022875816993464054
0 0.5563725490196079 0.548202614379085 0.031862745098039214 0.03431372549019608
0 0.5245098039215687 0.5694444444444444 0.044117647058823525 0.03758169934640523
0 0.4742647058823529 0.5816993464052288 0.029411764705882353 0.022875816993464054
0 0.44730392156862747 0.5808823529411765 0.02696078431372549 0.01797385620915033
0 0.4227941176470588 0.5890522875816994 0.02696078431372549 0.024509803921568627
0 0.4491421568627451 0.5964052287581699 0.023284313725490197 0.0196078431372549
0 0.46078431372549017 0.625 0.03431372549019608 0.02777777777777778
0 0.446078431372549 0.6446078431372549 0.029411764705882353 0.03431372549019608
0 0.4638480392156863 0.6633986928104575 0.023284313725490197 0.026143790849673203
0 0.5 0.6691176470588236 0.024509803921568627 0.021241830065359478
0 0.553921568627451 0.5988562091503268 0.03676470588235294 0.03431372549019608
0 0.5716911764705882 0.6102941176470589 0.023284313725490197 0.024509803921568627
0 0.5594362745098039 0.6372549019607844 0.0428921568627451 0.03594771241830066
0 0.6035539215686274 0.630718954248366 0.023284313725490197 0.0196078431372549
0 0.6292892156862745 0.6258169934640523 0.028186274509803922 0.026143790849673203
0 0.5906862745098039 0.6568627450980392 0.022058823529411763 0.026143790849673203
0 0.625 0.6805555555555556 0.029411764705882353 0.021241830065359478
0 0.5643382352941176 0.738562091503268 0.025735294117647058 0.029411764705882353
0 0.6078431372549019 0.7312091503267975 0.031862745098039214 0.024509803921568627
0 0.6697303921568627 0.7181372549019608 0.028186274509803922 0.02777777777777778
0 0.6924019607843137 0.6993464052287582 0.022058823529411763 0.022875816993464054
0 0.8131127450980392 0.5947712418300654 0.03308823529411765 0.022875816993464054
0 0.7867647058823529 0.619281045751634 0.024509803921568627 0.026143790849673203
0 0.7512254901960784 0.6421568627450981 0.024509803921568627 0.0196078431372549
0 0.7328431372549019 0.6723856209150327 0.024509803921568627 0.01797385620915033
0 0.741421568627451 0.6838235294117647 0.024509803921568627 0.01797385620915033
0 0.7708333333333334 0.6830065359477124 0.024509803921568627 0.022875816993464054
0 0.7622549019607843 0.7107843137254902 0.02696078431372549 0.029411764705882353
0 0.7965686274509803 0.7140522875816994 0.03676470588235294 0.032679738562091505
0 0.8265931372549019 0.7091503267973857 0.030637254901960783 0.03594771241830066
0 0.7199754901960784 0.7189542483660131 0.013480392156862746 0.0196078431372549
0 0.6979166666666666 0.7165032679738562 0.01838235294117647 0.021241830065359478
0 0.6599264705882353 0.7369281045751634 0.028186274509803922 0.022875816993464054
0 0.6875 0.7336601307189543 0.022058823529411763 0.0196078431372549
0 0.710171568627451 0.7369281045751634 0.020833333333333332 0.0196078431372549
0 0.741421568627451 0.7450980392156863 0.04656862745098039 0.042483660130718956
0 0.7297794117647058 0.7230392156862745 0.01838235294117647 0.021241830065359478
0 0.7769607843137255 0.7279411764705882 0.0196078431372549 0.02777777777777778
0 0.7879901960784313 0.7516339869281046 0.024509803921568627 0.026143790849673203
0 0.8241421568627451 0.7467320261437909 0.023284313725490197 0.022875816993464054
0 0.8535539215686274 0.7214052287581699 0.025735294117647058 0.024509803921568627
0 0.5698529411764706 0.7655228758169935 0.024509803921568627 0.021241830065359478
0 0.5569852941176471 0.7851307189542484 0.023284313725490197 0.024509803921568627
0 0.5980392156862745 0.7965686274509804 0.031862745098039214 0.02777777777777778
0 0.4993872549019608 0.869281045751634 0.01838235294117647 0.0196078431372549
0 0.49816176470588236 0.8848039215686275 0.025735294117647058 0.021241830065359478
0 0.5306372549019608 0.8668300653594772 0.04656862745098039 0.04411764705882353
0 0.539828431372549 0.8937908496732027 0.020833333333333332 0.026143790849673203
0 0.5196078431372549 0.8986928104575164 0.031862745098039214 0.026143790849673203
0 0.522671568627451 0.9223856209150327 0.03799019607843137 0.03104575163398693
0 0.5459558823529411 0.9362745098039216 0.020833333333333332 0.016339869281045753
0 0.5557598039215687 0.9109477124183006 0.023284313725490197 0.021241830065359478
0 0.5594362745098039 0.8774509803921569 0.015931372549019607 0.016339869281045753
0 0.5275735294117647 0.8341503267973857 0.025735294117647058 0.01797385620915033
0 0.6427696078431372 0.7753267973856209 0.025735294117647058 0.021241830065359478
0 0.6329656862745098 0.792483660130719 0.03308823529411765 0.029411764705882353
0 0.6066176470588235 0.8202614379084967 0.02696078431372549 0.0196078431372549
0 0.6311274509803921 0.8251633986928105 0.029411764705882353 0.022875816993464054
0 0.585171568627451 0.8316993464052288 0.01838235294117647 0.032679738562091505
0 0.6072303921568627 0.8366013071895425 0.020833333333333332 0.016339869281045753
0 0.5962009803921569 0.8643790849673203 0.023284313725490197 0.032679738562091505
0 0.6231617647058824 0.8651960784313726 0.020833333333333332 0.02777777777777778
0 0.5900735294117647 0.9027777777777778 0.023284313725490197 0.021241830065359478
0 0.4803921568627451 0.9763071895424837 0.0196078431372549 0.01797385620915033
0 0.4883578431372549 0.9901960784313726 0.028186274509803922 0.0196078431372549
0 0.5159313725490196 0.9893790849673203 0.01715686274509804 0.021241830065359478
0 0.539828431372549 0.9640522875816994 0.025735294117647058 0.029411764705882353
0 0.5404411764705882 0.9877450980392157 0.029411764705882353 0.024509803921568627
0 0.5649509803921569 0.9697712418300654 0.02696078431372549 0.02777777777777778
0 0.5839460784313726 0.9763071895424837 0.023284313725490197 0.02777777777777778
0 0.6004901960784313 0.9428104575163399 0.02696078431372549 0.029411764705882353
0 0.6084558823529411 0.9779411764705883 0.03553921568627451 0.03104575163398693
0 0.6372549019607843 0.9746732026143791 0.024509803921568627 0.021241830065359478
0 0.6488970588235294 0.9901960784313726 0.04534313725490196 0.0196078431372549
0 0.6262254901960784 0.9215686274509804 0.02696078431372549 0.026143790849673203
0 0.6513480392156863 0.8905228758169935 0.030637254901960783 0.026143790849673203
0 0.6446078431372549 0.7573529411764706 0.0196078431372549 0.01797385620915033
0 0.6746323529411765 0.7655228758169935 0.04534313725490196 0.04738562091503268
0 0.7132352941176471 0.763888888888889 0.024509803921568627 0.04411764705882353
0 0.6911764705882353 0.7794117647058824 0.0196078431372549 0.032679738562091505
0 0.7205882352941176 0.7859477124183006 0.0196078431372549 0.026143790849673203
0 0.7530637254901961 0.7794117647058824 0.05024509803921569 0.05228758169934641
0 0.7175245098039216 0.8088235294117647 0.030637254901960783 0.026143790849673203
0 0.6642156862745098 0.8406862745098039 0.024509803921568627 0.024509803921568627
0 0.6832107843137255 0.8374183006535948 0.020833333333333332 0.02777777777777778
0 0.6819852941176471 0.8684640522875817 0.03553921568627451 0.03431372549019608
0 0.6776960784313726 0.8978758169934641 0.029411764705882353 0.024509803921568627
0 0.6495098039215687 0.9093137254901961 0.0196078431372549 0.021241830065359478
0 0.6795343137254902 0.9550653594771242 0.03308823529411765 0.03104575163398693
0 0.6721813725490196 0.9763071895424837 0.03799019607843137 0.03431372549019608
0 0.7028186274509803 0.9052287581699346 0.028186274509803922 0.029411764705882353
0 0.7303921568627451 0.917483660130719 0.029411764705882353 0.02777777777777778
0 0.7071078431372549 0.9526143790849674 0.02696078431372549 0.0196078431372549
0 0.727328431372549 0.977124183006536 0.03553921568627451 0.029411764705882353
0 0.7450980392156863 0.9591503267973857 0.031862745098039214 0.03594771241830066
0 0.7604166666666666 0.923202614379085 0.028186274509803922 0.026143790849673203
0 0.7745098039215687 0.8071895424836601 0.03431372549019608 0.029411764705882353
0 0.7665441176470588 0.8300653594771242 0.030637254901960783 0.029411764705882353
0 0.7990196078431372 0.829248366013072 0.02696078431372549 0.024509803921568627
0 0.7855392156862745 0.8880718954248367 0.03431372549019608 0.02777777777777778
0 0.7708333333333334 0.9526143790849674 0.024509803921568627 0.042483660130718956
0 0.7928921568627451 0.9428104575163399 0.022058823529411763 0.022875816993464054
0 0.7892156862745098 0.9697712418300654 0.031862745098039214 0.02777777777777778
0 0.7800245098039216 0.9877450980392157 0.0428921568627451 0.024509803921568627
0 0.8155637254901961 0.9844771241830066 0.028186274509803922 0.03104575163398693
0 0.8265931372549019 0.9599673202614379 0.023284313725490197 0.021241830065359478
0 0.8125 0.9493464052287582 0.02696078431372549 0.026143790849673203
0 0.8278186274509803 0.917483660130719 0.03308823529411765 0.04738562091503268
0 0.8535539215686274 0.9142156862745099 0.028186274509803922 0.05392156862745098
0 0.8468137254901961 0.8276143790849674 0.03676470588235294 0.03104575163398693
0 0.8688725490196079 0.809640522875817 0.029411764705882353 0.021241830065359478
0 0.8412990196078431 0.9436274509803921 0.01838235294117647 0.021241830065359478
0 0.852328431372549 0.9558823529411765 0.023284313725490197 0.0196078431372549
0 0.8774509803921569 0.9607843137254902 0.029411764705882353 0.026143790849673203
0 0.8639705882352942 0.9901960784313726 0.022058823529411763 0.0196078431372549
0 0.8841911764705882 0.9877450980392157 0.028186274509803922 0.024509803921568627
0 0.8811274509803921 0.8349673202614379 0.02696078431372549 0.026143790849673203
0 0.8639705882352942 0.7516339869281046 0.022058823529411763 0.0196078431372549
0 0.8933823529411764 0.6723856209150327 0.022058823529411763 0.03758169934640523
0 0.9142156862745098 0.6936274509803921 0.024509803921568627 0.021241830065359478
0 0.9166666666666666 0.7107843137254902 0.029411764705882353 0.022875816993464054
0 0.8982843137254902 0.7491830065359477 0.024509803921568627 0.021241830065359478
0 0.9215686274509803 0.7450980392156863 0.024509803921568627 0.03594771241830066
0 0.9142156862745098 0.7704248366013072 0.022058823529411763 0.024509803921568627
0 0.9019607843137255 0.7851307189542484 0.022058823529411763 0.024509803921568627
0 0.9123774509803921 0.7941176470588236 0.025735294117647058 0.026143790849673203
0 0.8553921568627451 0.8799019607843137 0.0196078431372549 0.01797385620915033
0 0.8731617647058824 0.8839869281045752 0.025735294117647058 0.029411764705882353
0 0.8872549019607843 0.8913398692810458 0.029411764705882353 0.024509803921568627
0 0.9025735294117647 0.8651960784313726 0.03553921568627451 0.02777777777777778
0 0.9301470588235294 0.8129084967320261 0.041666666666666664 0.05392156862745098
0 0.9840686274509803 0.7614379084967321 0.02696078431372549 0.022875816993464054
0 0.9681372549019608 0.7859477124183006 0.03676470588235294 0.032679738562091505
0 0.9736519607843137 0.8259803921568628 0.025735294117647058 0.03758169934640523
0 0.9534313725490196 0.821078431372549 0.022058823529411763 0.02777777777777778
0 0.9883578431372549 0.8055555555555556 0.023284313725490197 0.0196078431372549
0 0.9362745098039216 0.8464052287581699 0.03676470588235294 0.03594771241830066
0 0.9895833333333334 0.8496732026143791 0.020833333333333332 0.022875816993464054
0 0.9742647058823529 0.8586601307189543 0.029411764705882353 0.024509803921568627
0 0.9515931372549019 0.8815359477124183 0.03308823529411765 0.03431372549019608
0 0.9754901960784313 0.8839869281045752 0.029411764705882353 0.026143790849673203
0 0.9215686274509803 0.8864379084967321 0.0196078431372549 0.021241830065359478
0 0.9485294117647058 0.9133986928104575 0.041666666666666664 0.026143790849673203
0 0.9877450980392156 0.9076797385620915 0.0196078431372549 0.01797385620915033
0 0.9822303921568627 0.9199346405228759 0.020833333333333332 0.0196078431372549
0 0.9901960784313726 0.9321895424836601 0.0196078431372549 0.021241830065359478
0 0.9669117647058824 0.9379084967320261 0.029411764705882353 0.029411764705882353
0 0.9785539215686274 0.9583333333333334 0.028186274509803922 0.02777777777777778
0 0.9816176470588235 0.982843137254902 0.03431372549019608 0.02777777777777778
0 0.9056372549019608 0.9901960784313726 0.01715686274509804 0.0196078431372549
0 0.9307598039215687 0.9901960784313726 0.05024509803921569 0.0196078431372549
0 0.9528186274509803 0.9697712418300654 0.025735294117647058 0.021241830065359478
0 0.9227941176470588 0.9689542483660131 0.029411764705882353 0.022875816993464054
0 0.914828431372549 0.9526143790849674 0.025735294117647058 0.016339869281045753
0 0.9019607843137255 0.9689542483660131 0.0196078431372549 0.016339869281045753
