0 0.3082107843137255 0.01715686274509804 0.023284313725490197 0.03104575163398693
0 0.28125 0.01388888888888889 0.01838235294117647 0.024509803921568627
0 0.2622549019607843 0.013071895424836602 0.01715686274509804 0.0196078431372549
0 0.25735294117647056 0.03431372549019608 0.014705882352941176 0.032679738562091505
0 0.2310049019607843 0.05555555555555556 0.025735294117647058 0.03594771241830066
0 0.26715686274509803 0.05065359477124183 0.0196078431372549 0.026143790849673203
0 0.2928921568627451 0.04575163398692811 0.0196078431372549 0.0392156862745098
0 0.31924019607843135 0.03431372549019608 0.015931372549019607 0.029411764705882353
0 0.2806372549019608 0.056372549019607844 0.014705882352941176 0.02777777777777778
0 0.31433823529411764 0.0857843137254902 0.025735294117647058 0.04738562091503268
0 0.2965686274509804 0.07924836601307189 0.0196078431372549 0.03431372549019608
0 0.28308823529411764 0.09068627450980392 0.012254901960784314 0.024509803921568627
0 0.2463235294117647 0.0784313725490196 0.01715686274509804 0.026143790849673203
0 0.2665441176470588 0.09803921568627451 0.015931372549019607 0.029411764705882353
0 0.3333333333333333 0.0923202614379085 0.014705882352941176 0.02777777777777778
0 0.3204656862745098 0.13480392156862744 0.020833333333333332 0.04411764705882353
0 0.289828431372549 0.12581699346405228 0.025735294117647058 0.05228758169934641
0 0.23590686274509803 0.09640522875816994 0.015931372549019607 0.022875816993464054
0 0.22058823529411764 0.09885620915032681 0.01715686274509804 0.024509803921568627
0 0.2310049019607843 0.12336601307189543 0.020833333333333332 0.03104575163398693
0 0.2463235294117647 0.11764705882352941 0.01715686274509804 0.032679738562091505
0 0.2610294117647059 0.13480392156862744 0.024509803921568627 0.05392156862745098
0 0.2800245098039216 0.1503267973856209 0.025735294117647058 0.042483660130718956
0 0.2977941176470588 0.16339869281045752 0.014705882352941176 0.029411764705882353
0 0.30943627450980393 0.1781045751633987 0.023284313725490197 0.049019607843137254
0 0.2849264705882353 0.18055555555555555 0.028186274509803922 0.03431372549019608
0 0.24142156862745098 0.14950980392156862 0.014705882352941176 0.02777777777777778
0 0.22426470588235295 0.14705882352941177 0.014705882352941176 0.029411764705882353
0 0.24325980392156862 0.18300653594771243 0.030637254901960783 0.032679738562091505
0 0.2340686274509804 0.21241830065359477 0.029411764705882353 0.05555555555555556
0 0.2555147058823529 0.21323529411764708 0.01838235294117647 0.03758169934640523
0 0.2702205882352941 0.20179738562091504 0.015931372549019607 0.03431372549019608
0 0.3131127450980392 0.2377450980392157 0.030637254901960783 0.05065359477124183
0 0.26715686274509803 0.22794117647058823 0.014705882352941176 0.03104575163398693
0 0.18259803921568626 0.22875816993464054 0.014705882352941176 0.029411764705882353
0 0.28431372549019607 0.26143790849673204 0.029411764705882353 0.05228758169934641
0 0.2622549019607843 0.25163398692810457 0.01715686274509804 0.026143790849673203
0 0.25 0.24101307189542484 0.014705882352941176 0.02777777777777778
0 0.22426470588235295 0.24101307189542484 0.014705882352941176 0.024509803921568627
0 0.2340686274509804 0.25980392156862747 0.029411764705882353 0.029411764705882353
0 0.25183823529411764 0.2761437908496732 0.020833333333333332 0.0392156862745098
0 0.26776960784313725 0.286764705882353 0.023284313725490197 0.03104575163398693
0 0.30453431372549017 0.2712418300653595 0.023284313725490197 0.026143790849673203
0 0.3082107843137255 0.2965686274509804 0.028186274509803922 0.03431372549019608
0 0.2867647058823529 0.315359477124183 0.029411764705882353 0.058823529411764705
0 0.2977941176470588 0.3382352941176471 0.022058823529411763 0.032679738562091505
0 0.2549019607843137 0.2965686274509804 0.012254901960784314 0.021241830065359478
0 0.2616421568627451 0.3276143790849673 0.030637254901960783 0.05392156862745098
0 0.21629901960784315 0.27532679738562094 0.020833333333333332 0.02777777777777778
0 0.2077205882352941 0.29248366013071897 0.013480392156862746 0.032679738562091505
0 0.22732843137254902 0.30228758169934644 0.020833333333333332 0.03594771241830066
0 0.21323529411764705 0.3112745098039216 0.012254901960784314 0.021241830065359478
0 0.23161764705882354 0.3464052287581699 0.031862745098039214 0.06209150326797386
0 0.24142156862745098 0.32189542483660133 0.01715686274509804 0.029411764705882353
0 0.2469362745098039 0.3545751633986928 0.015931372549019607 0.032679738562091505
0 0.2034313725490196 0.3243464052287582 0.01715686274509804 0.024509803921568627
0 0.1795343137254902 0.3186274509803922 0.01838235294117647 0.016339869281045753
0 0.1764705882352941 0.34068627450980393 0.022058823529411763 0.03758169934640523
0 0.1838235294117647 0.369281045751634 0.01715686274509804 0.026143790849673203
0 0.20098039215686275 0.36601307189542487 0.022058823529411763 0.03594771241830066
0 0.21323529411764705 0.3651960784313726 0.01715686274509804 0.02777777777777778
0 0.23223039215686275 0.39052287581699346 0.028186274509803922 0.026143790849673203
0 0.25612745098039214 0.37826797385620914 0.024509803921568627 0.04084967320261438
0 0.27267156862745096 0.39215686274509803 0.020833333333333332 0.049019607843137254
0 0.25919117647058826 0.4199346405228758 0.023284313725490197 0.042483660130718956
0 0.22977941176470587 0.4395424836601307 0.030637254901960783 0.05228758169934641
0 0.17524509803921567 0.39133986928104575 0.0196078431372549 0.03104575163398693
0 0.18872549019607843 0.39133986928104575 0.014705882352941176 0.021241830065359478
0 0.19607843137254902 0.4027777777777778 0.0196078431372549 0.024509803921568627
0 0.21200980392156862 0.3978758169934641 0.022058823529411763 0.03758169934640523
0 0.2107843137254902 0.4281045751633987 0.0196078431372549 0.03594771241830066
0 0.19669117647058823 0.42483660130718953 0.020833333333333332 0.022875816993464054
0 0.17892156862745098 0.43137254901960786 0.01715686274509804 0.026143790849673203
0 0.1875 0.45098039215686275 0.01715686274509804 0.03594771241830066
0 0.16911764705882354 0.4681372549019608 0.014705882352941176 0.02777777777777778
0 0.27267156862745096 0.4746732026143791 0.028186274509803922 0.05065359477124183
0 0.42830882352941174 0.2826797385620915 0.013480392156862746 0.026143790849673203
0 0.4007352941176471 0.3741830065359477 0.014705882352941176 0.026143790849673203
0 0.1881127450980392 0.4803921568627451 0.01838235294117647 0.026143790849673203
0 0.16789215686274508 0.49264705882352944 0.0196078431372549 0.03104575163398693
0 0.1556372549019608 0.49836601307189543 0.014705882352941176 0.029411764705882353
0 0.2738970588235294 0.5253267973856209 0.025735294117647058 0.05065359477124183
0 0.37806372549019607 0.579248366013072 0.013480392156862746 0.04084967320261438
0 0.21997549019607843 0.49183006535947715 0.03308823529411765 0.06209150326797386
0 0.24754901960784315 0.49101307189542487 0.031862745098039214 0.07026143790849673
0 0.20098039215686275 0.5049019607843137 0.0196078431372549 0.029411764705882353
0 0.1875 0.5040849673202614 0.01715686274509804 0.03104575163398693
0 0.15808823529411764 0.5343137254901961 0.01715686274509804 0.026143790849673203
0 0.16482843137254902 0.5555555555555556 0.020833333333333332 0.03594771241830066
0 0.17524509803921567 0.5465686274509804 0.01715686274509804 0.03104575163398693
0 0.18321078431372548 0.5343137254901961 0.015931372549019607 0.029411764705882353
0 0.21323529411764705 0.5318627450980392 0.0196078431372549 0.03758169934640523
0 0.2542892156862745 0.5522875816993464 0.023284313725490197 0.042483660130718956
0 0.2702205882352941 0.559640522875817 0.028186274509803922 0.024509803921568627
0 0.22916666666666666 0.5612745098039216 0.03676470588235294 0.05392156862745098
0 0.20404411764705882 0.5563725490196079 0.015931372549019607 0.03431372549019608
0 0.19117647058823528 0.5702614379084967 0.022058823529411763 0.0392156862745098
0 0.17340686274509803 0.5882352941176471 0.01838235294117647 0.029411764705882353
0 0.21017156862745098 0.5972222222222222 0.028186274509803922 0.04738562091503268
0 0.22977941176470587 0.5939542483660131 0.020833333333333332 0.024509803921568627
0 0.2604166666666667 0.5841503267973857 0.03553921568627451 0.04411764705882353
0 0.16544117647058823 0.6184640522875817 0.0196078431372549 0.04084967320261438
0 0.18198529411764705 0.6086601307189543 0.013480392156862746 0.02777777777777778
0 0.19852941176470587 0.6119281045751634 0.022058823529411763 0.04084967320261438
0 0.22916666666666666 0.6348039215686274 0.031862745098039214 0.05392156862745098
0 0.25980392156862747 0.630718954248366 0.031862745098039214 0.058823529411764705
0 0.18627450980392157 0.6299019607843137 0.029411764705882353 0.024509803921568627
0 0.16115196078431374 0.6486928104575164 0.023284313725490197 0.0392156862745098
0 0.2071078431372549 0.6642156862745098 0.022058823529411763 0.04738562091503268
0 0.22549019607843138 0.6707516339869282 0.01715686274509804 0.03104575163398693
0 0.23958333333333334 0.6797385620915033 0.023284313725490197 0.042483660130718956
0 0.25612745098039214 0.6870915032679739 0.02696078431372549 0.04411764705882353
0 0.25 0.7140522875816994 0.024509803921568627 0.0392156862745098
0 0.16115196078431374 0.684640522875817 0.020833333333333332 0.042483660130718956
0 0.18259803921568626 0.7050653594771242 0.022058823529411763 0.04738562091503268
0 0.1997549019607843 0.7107843137254902 0.022058823529411763 0.04575163398692811
0 0.22181372549019607 0.7099673202614379 0.029411764705882353 0.05392156862745098
0 0.22977941176470587 0.7565359477124183 0.03308823529411765 0.058823529411764705
0 0.2512254901960784 0.7491830065359477 0.014705882352941176 0.03104575163398693
0 0.2610294117647059 0.7622549019607844 0.014705882352941176 0.02777777777777778
0 0.25 0.7777777777777778 0.012254901960784314 0.029411764705882353
0 0.15073529411764705 0.7026143790849674 0.0196078431372549 0.026143790849673203
0 0.15073529411764705 0.7287581699346406 0.022058823529411763 0.0392156862745098
0 0.16605392156862744 0.7181372549019608 0.015931372549019607 0.03104575163398693
0 0.16727941176470587 0.7426470588235294 0.01838235294117647 0.03104575163398693
0 0.18443627450980393 0.7434640522875817 0.01838235294117647 0.029411764705882353
0 0.20465686274509803 0.7532679738562091 0.024509803921568627 0.04575163398692811
0 0.1525735294117647 0.7598039215686275 0.025735294117647058 0.022875816993464054
0 0.17279411764705882 0.7720588235294118 0.022058823529411763 0.04411764705882353
0 0.1875 0.7712418300653595 0.01715686274509804 0.032679738562091505
0 0.1568627450980392 0.7859477124183006 0.0196078431372549 0.0392156862745098
0 0.20098039215686275 0.7892156862745098 0.022058823529411763 0.032679738562091505
0 0.22058823529411764 0.798202614379085 0.014705882352941176 0.02777777777777778
0 0.23774509803921567 0.7900326797385621 0.022058823529411763 0.04738562091503268
0 0.24816176470588236 0.8071895424836601 0.01838235294117647 0.029411764705882353
0 0.18321078431372548 0.803921568627451 0.01838235294117647 0.03594771241830066
0 0.16789215686274508 0.8088235294117647 0.01715686274509804 0.032679738562091505
0 0.2071078431372549 0.8055555555555556 0.014705882352941176 0.026143790849673203
0 0.22977941176470587 0.8341503267973857 0.025735294117647058 0.05392156862745098
0 0.21323529411764705 0.8325163398692811 0.012254901960784314 0.03431372549019608
0 0.19791666666666666 0.8366013071895425 0.023284313725490197 0.049019607843137254
0 0.18137254901960784 0.8398692810457516 0.0196078431372549 0.04575163398692811
0 0.18933823529411764 0.869281045751634 0.015931372549019607 0.029411764705882353
0 0.1764705882352941 0.8774509803921569 0.01715686274509804 0.03594771241830066
0 0.2034313725490196 0.8774509803921569 0.022058823529411763 0.042483660130718956
0 0.21875 0.8627450980392157 0.013480392156862746 0.026143790849673203
0 0.21997549019607843 0.8905228758169935 0.015931372549019607 0.03594771241830066
0 0.2071078431372549 0.9215686274509804 0.024509803921568627 0.05228758169934641
0 0.22242647058823528 0.9321895424836601 0.015931372549019607 0.03104575163398693
0 0.18872549019607843 0.9076797385620915 0.022058823529411763 0.04411764705882353
0 0.15870098039215685 0.9338235294117647 0.020833333333333332 0.03104575163398693
0 0.18566176470588236 0.9436274509803921 0.03553921568627451 0.04738562091503268
0 0.20894607843137256 0.9607843137254902 0.015931372549019607 0.029411764705882353
0 0.17095588235294118 0.9673202614379085 0.023284313725490197 0.03594771241830066
0 0.18627450980392157 0.9852941176470589 0.0196078431372549 0.029411764705882353
0 0.20220588235294118 0.9861111111111112 0.01715686274509804 0.02777777777777778
