0 0.16666666666666666 0.798202614379085 0.02696078431372549 0.07026143790849673
0 0.5888480392156863 0.7549019607843137 0.03308823529411765 0.042483660130718956
0 0.46875 0.8480392156862745 0.028186274509803922 0.029411764705882353
0 0.5018382352941176 0.8406862745098039 0.030637254901960783 0.03104575163398693
0 0.5220588235294118 0.8218954248366014 0.022058823529411763 0.032679738562091505
0 0.6047794117647058 0.8284313725490197 0.01838235294117647 0.022875816993464054
0 0.5839460784313726 0.8284313725490197 0.01838235294117647 0.032679738562091505
0 0.5716911764705882 0.8545751633986929 0.023284313725490197 0.022875816993464054
0 0.553921568627451 0.869281045751634 0.0196078431372549 0.022875816993464054
0 0.5477941176470588 0.8415032679738562 0.029411764705882353 0.049019607843137254
0 0.602328431372549 0.8570261437908497 0.03308823529411765 0.03431372549019608
0 0.6127450980392157 0.8823529411764706 0.022058823529411763 0.022875816993464054
0 0.6354166666666666 0.8684640522875817 0.020833333333333332 0.02777777777777778
0 0.633578431372549 0.8986928104575164 0.014705882352941176 0.0196078431372549
0 0.6568627450980392 0.8709150326797386 0.01715686274509804 0.029411764705882353
0 0.6819852941176471 0.8676470588235294 0.023284313725490197 0.03594771241830066
0 0.7052696078431372 0.8684640522875817 0.020833333333333332 0.024509803921568627
0 0.6605392156862745 0.9035947712418301 0.03676470588235294 0.03594771241830066
0 0.6887254901960784 0.9101307189542484 0.024509803921568627 0.022875816993464054
0 0.47487745098039214 0.8717320261437909 0.030637254901960783 0.02777777777777778
0 0.5496323529411765 0.9223856209150327 0.03308823529411765 0.03431372549019608
0 0.5098039215686274 0.8725490196078431 0.024509803921568627 0.029411764705882353
0 0.5416666666666666 0.8946078431372549 0.024509803921568627 0.03104575163398693
0 0.5183823529411765 0.9011437908496732 0.0196078431372549 0.04411764705882353
0 0.4987745098039216 0.9076797385620915 0.024509803921568627 0.03758169934640523
0 0.5098039215686274 0.9599673202614379 0.03431372549019608 0.03431372549019608
0 0.5330882352941176 0.9893790849673203 0.022058823529411763 0.021241830065359478
0 0.6740196078431372 0.9550653594771242 0.01715686274509804 0.03104575163398693
0 0.7028186274509803 0.9444444444444444 0.015931372549019607 0.026143790849673203
0 0.7254901960784313 0.9370915032679739 0.022058823529411763 0.021241830065359478
0 0.6213235294117647 0.9607843137254902 0.049019607843137254 0.049019607843137254
0 0.7469362745098039 0.9607843137254902 0.013480392156862746 0.032679738562091505
0 0.7579656862745098 0.9844771241830066 0.020833333333333332 0.014705882352941176
0 0.7824754901960784 0.9901960784313726 0.023284313725490197 0.0196078431372549
0 0.8075980392156863 0.9844771241830066 0.01715686274509804 0.03104575163398693
0 0.8265931372549019 0.9901960784313726 0.023284313725490197 0.0196078431372549
0 0.7775735294117647 0.9616013071895425 0.0428921568627451 0.03431372549019608
0 0.8045343137254902 0.9428104575163399 0.023284313725490197 0.03594771241830066
0 0.6911764705882353 0.9869281045751634 0.01715686274509804 0.026143790849673203
0 0.6574754901960784 0.9869281045751634 0.04044117647058824 0.026143790849673203
0 0.5919117647058824 0.9934640522875817 0.0196078431372549 0.013071895424836602
0 0.6225490196078431 0.9934640522875817 0.0196078431372549 0.013071895424836602
0 0.7297794117647058 0.8300653594771242 0.025735294117647058 0.026143790849673203
0 0.7071078431372549 0.7565359477124183 0.022058823529411763 0.03594771241830066
0 0.727328431372549 0.7532679738562091 0.030637254901960783 0.04575163398692811
0 0.6746323529411765 0.7785947712418301 0.06495098039215687 0.07026143790849673
0 0.7941176470588235 0.7647058823529412 0.049019607843137254 0.05555555555555556
0 0.8651960784313726 0.7573529411764706 0.044117647058823525 0.04738562091503268
0 0.8370098039215687 0.7949346405228759 0.024509803921568627 0.04084967320261438
0 0.8174019607843137 0.8112745098039216 0.0196078431372549 0.03431372549019608
0 0.8033088235294118 0.8390522875816994 0.023284313725490197 0.021241830065359478
0 0.8192401960784313 0.852124183006536 0.023284313725490197 0.021241830065359478
0 0.8118872549019608 0.8929738562091504 0.030637254901960783 0.024509803921568627
0 0.7867647058823529 0.869281045751634 0.04656862745098039 0.05555555555555556
0 0.84375 0.9354575163398693 0.023284313725490197 0.03104575163398693
0 0.8553921568627451 0.9044117647058824 0.044117647058823525 0.06372549019607843
0 0.8872549019607843 0.8782679738562091 0.029411764705882353 0.05392156862745098
0 0.9093137254901961 0.8120915032679739 0.044117647058823525 0.049019607843137254
0 0.8903186274509803 0.9877450980392157 0.023284313725490197 0.024509803921568627
0 0.90625 0.9133986928104575 0.03308823529411765 0.07189542483660132
0 0.9136029411764706 0.8790849673202614 0.015931372549019607 0.029411764705882353
0 0.9356617647058824 0.9133986928104575 0.015931372549019607 0.026143790849673203
0 0.9571078431372549 0.9060457516339869 0.0196078431372549 0.024509803921568627
0 0.977328431372549 0.9321895424836601 0.03308823529411765 0.03104575163398693
0 0.9901960784313726 0.9705882352941176 0.0196078431372549 0.032679738562091505
0 0.9620098039215687 0.9901960784313726 0.041666666666666664 0.0196078431372549
0 0.9387254901960784 0.863562091503268 0.0392156862745098 0.04084967320261438
0 0.9571078431372549 0.8717320261437909 0.024509803921568627 0.024509803921568627
0 0.9938725490196079 0.8913398692810458 0.012254901960784314 0.02777777777777778
0 0.9491421568627451 0.8284313725490197 0.03308823529411765 0.029411764705882353
0 0.9834558823529411 0.8357843137254902 0.03308823529411765 0.03104575163398693
0 0.9865196078431372 0.7941176470588236 0.02696078431372549 0.032679738562091505
