0 0.5833333333333334 0.7604166666666666 0.0196078431372549 0.025735294117647058
0 0.553921568627451 0.7708333333333334 0.04575163398692811 0.02696078431372549
0 0.5514705882352942 0.8020833333333334 0.021241830065359478 0.025735294117647058
0 0.5212418300653595 0.7800245098039216 0.0196078431372549 0.013480392156862746
0 0.8464052287581699 0.45588235294117646 0.032679738562091505 0.031862745098039214
0 0.9901960784313726 0.4172794117647059 0.0196078431372549 0.0428921568627451
0 0.9591503267973857 0.47120098039215685 0.032679738562091505 0.03799019607843137
0 0.9264705882352942 0.4724264705882353 0.016339869281045753 0.020833333333333332
0 0.9599673202614379 0.4993872549019608 0.021241830065359478 0.023284313725490197
0 0.9117647058823529 0.4963235294117647 0.0196078431372549 0.01715686274509804
0 0.9281045751633987 0.4926470588235294 0.013071895424836602 0.014705882352941176
0 0.9436274509803921 0.4993872549019608 0.014705882352941176 0.013480392156862746
0 0.9183006535947713 0.5147058823529411 0.029411764705882353 0.024509803921568627
0 0.9493464052287582 0.5557598039215687 0.0196078431372549 0.020833333333333332
0 0.9084967320261438 0.5428921568627451 0.0196078431372549 0.01715686274509804
0 0.9101307189542484 0.5661764705882353 0.029411764705882353 0.02696078431372549
0 0.9338235294117647 0.5416666666666666 0.021241830065359478 0.02696078431372549
0 0.8856209150326798 0.5563725490196079 0.029411764705882353 0.03676470588235294
0 0.9035947712418301 0.5882352941176471 0.016339869281045753 0.022058823529411763
0 0.8774509803921569 0.5962009803921569 0.032679738562091505 0.03799019607843137
0 0.852124183006536 0.5882352941176471 0.01797385620915033 0.022058823529411763
0 0.8406862745098039 0.6066176470588235 0.01797385620915033 0.0196078431372549
0 0.8537581699346406 0.616421568627451 0.01797385620915033 0.0196078431372549
0 0.8954248366013072 0.6305147058823529 0.013071895424836602 0.01838235294117647
0 0.8872549019607844 0.6544117647058824 0.016339869281045753 0.022058823529411763
0 0.8431372549019608 0.6360294117647058 0.016339869281045753 0.014705882352941176
0 0.8660130718954249 0.6366421568627451 0.032679738562091505 0.04044117647058824
0 0.8709150326797386 0.6930147058823529 0.013071895424836602 0.01838235294117647
0 0.8717320261437909 0.6727941176470588 0.011437908496732027 0.01715686274509804
0 0.8431372549019608 0.6544117647058824 0.013071895424836602 0.014705882352941176
0 0.8137254901960784 0.673406862745098 0.032679738562091505 0.025735294117647058
0 0.8341503267973857 0.6783088235294118 0.03431372549019608 0.03799019607843137
0 0.8496732026143791 0.6985294117647058 0.0196078431372549 0.012254901960784314
0 0.8594771241830066 0.7230392156862745 0.0196078431372549 0.022058823529411763
0 0.8104575163398693 0.7212009803921569 0.016339869281045753 0.015931372549019607
0 0.8316993464052288 0.7181372549019608 0.013071895424836602 0.014705882352941176
0 0.8267973856209151 0.7310049019607843 0.0196078431372549 0.013480392156862746
0 0.7892156862745098 0.7261029411764706 0.013071895424836602 0.01838235294117647
0 0.7990196078431373 0.7444852941176471 0.022875816993464054 0.023284313725490197
0 0.8186274509803921 0.7542892156862745 0.0196078431372549 0.025735294117647058
0 0.8227124183006537 0.7751225490196079 0.021241830065359478 0.015931372549019607
0 0.8104575163398693 0.7971813725490196 0.0196078431372549 0.01838235294117647
0 0.8014705882352942 0.7775735294117647 0.021241830065359478 0.030637254901960783
0 0.7818627450980392 0.8002450980392157 0.01797385620915033 0.022058823529411763
0 0.7802287581699346 0.7696078431372549 0.014705882352941176 0.0196078431372549
0 0.7696078431372549 0.7518382352941176 0.029411764705882353 0.020833333333333332
0 0.7614379084967321 0.7837009803921569 0.026143790849673203 0.020833333333333332
0 0.7900326797385621 0.8235294117647058 0.03104575163398693 0.01715686274509804
0 0.7549019607843137 0.8075980392156863 0.029411764705882353 0.02696078431372549
0 0.7352941176470589 0.835171568627451 0.03594771241830066 0.030637254901960783
0 0.7810457516339869 0.8615196078431372 0.042483660130718956 0.04656862745098039
0 0.7565359477124183 0.9019607843137255 0.03594771241830066 0.024509803921568627
0 0.7107843137254902 0.8860294117647058 0.0196078431372549 0.02696078431372549
0 0.6879084967320261 0.8841911764705882 0.022875816993464054 0.01838235294117647
0 0.6993464052287582 0.9031862745098039 0.022875816993464054 0.01715686274509804
0 0.6813725490196079 0.9056372549019608 0.022875816993464054 0.01715686274509804
0 0.7573529411764706 0.9252450980392156 0.014705882352941176 0.01715686274509804
0 0.7614379084967321 0.9381127450980392 0.0196078431372549 0.01838235294117647
0 0.7361111111111112 0.9411764705882353 0.024509803921568627 0.022058823529411763
0 0.6756535947712419 0.9319852941176471 0.02777777777777778 0.028186274509803922
0 0.7009803921568628 0.9405637254901961 0.026143790849673203 0.023284313725490197
0 0.6830065359477124 0.9528186274509803 0.0196078431372549 0.01838235294117647
0 0.7271241830065359 0.9675245098039216 0.049019607843137254 0.028186274509803922
0 0.6609477124183006 0.977328431372549 0.024509803921568627 0.025735294117647058
0 0.6781045751633987 0.9926470588235294 0.022875816993464054 0.014705882352941176
0 0.7189542483660131 0.9938725490196079 0.022875816993464054 0.012254901960784314
0 0.638888888888889 0.9963235294117647 0.0196078431372549 0.007352941176470588
0 0.9934640522875817 0.6807598039215687 0.013071895424836602 0.01838235294117647
0 0.9820261437908497 0.6930147058823529 0.013071895424836602 0.020833333333333332
0 0.9926470588235294 0.7040441176470588 0.014705882352941176 0.023284313725490197
0 0.9844771241830066 0.7395833333333334 0.024509803921568627 0.03308823529411765
0 0.9583333333333334 0.7604166666666666 0.014705882352941176 0.023284313725490197
0 0.9926470588235294 0.7751225490196079 0.014705882352941176 0.023284313725490197
0 0.9803921568627452 0.7990196078431372 0.029411764705882353 0.02696078431372549
0 0.9918300653594772 0.8155637254901961 0.016339869281045753 0.025735294117647058
0 0.928921568627451 0.8088235294117647 0.01797385620915033 0.024509803921568627
0 0.9509803921568628 0.8094362745098039 0.022875816993464054 0.03308823529411765
0 0.9746732026143791 0.8284313725490196 0.011437908496732027 0.01715686274509804
0 0.9550653594771242 0.8382352941176471 0.024509803921568627 0.02696078431372549
0 0.994281045751634 0.8504901960784313 0.011437908496732027 0.022058823529411763
0 0.9746732026143791 0.852328431372549 0.014705882352941176 0.020833333333333332
0 0.977124183006536 0.8786764705882353 0.022875816993464054 0.02696078431372549
0 0.994281045751634 0.8860294117647058 0.011437908496732027 0.0196078431372549
0 0.9501633986928105 0.8670343137254902 0.03431372549019608 0.01838235294117647
0 0.948529411764706 0.8823529411764706 0.03104575163398693 0.01715686274509804
0 0.9607843137254902 0.852328431372549 0.016339869281045753 0.011029411764705881
0 0.9248366013071896 0.852328431372549 0.03594771241830066 0.03308823529411765
0 0.9534313725490197 0.9172794117647058 0.04084967320261438 0.0428921568627451
0 0.9714052287581699 0.9350490196078431 0.014705882352941176 0.014705882352941176
0 0.9215686274509804 0.8988970588235294 0.032679738562091505 0.03799019607843137
0 0.8946078431372549 0.8897058823529411 0.014705882352941176 0.01715686274509804
0 0.8823529411764706 0.90625 0.0196078431372549 0.023284313725490197
0 0.9705882352941176 0.9485294117647058 0.032679738562091505 0.01715686274509804
0 0.9901960784313726 0.9626225490196079 0.0196078431372549 0.025735294117647058
0 0.9452614379084968 0.9846813725490196 0.01797385620915033 0.01838235294117647
0 0.9665032679738562 0.9828431372549019 0.01797385620915033 0.014705882352941176
0 0.982843137254902 0.9883578431372549 0.021241830065359478 0.020833333333333332
0 0.9566993464052288 0.9950980392156863 0.014705882352941176 0.00980392156862745
0 0.9183006535947713 0.9424019607843137 0.026143790849673203 0.02696078431372549
0 0.9330065359477124 0.9564950980392156 0.03594771241830066 0.028186274509803922
0 0.9084967320261438 0.9852941176470588 0.026143790849673203 0.029411764705882353
0 0.8978758169934641 0.9613970588235294 0.024509803921568627 0.023284313725490197
0 0.8856209150326798 0.9344362745098039 0.026143790849673203 0.03308823529411765
0 0.863562091503268 0.9528186274509803 0.02777777777777778 0.025735294117647058
0 0.8790849673202614 0.9785539215686274 0.026143790849673203 0.03553921568627451
0 0.8496732026143791 0.9791666666666666 0.029411764705882353 0.024509803921568627
0 0.8333333333333334 0.9957107843137255 0.0196078431372549 0.00857843137254902
0 0.8586601307189543 0.9957107843137255 0.021241830065359478 0.00857843137254902
