0 0.45894607843137253 0.3839869281045752 0.015931372549019607 0.029411764705882353
0 0.4742647058823529 0.3970588235294118 0.0196078431372549 0.0392156862745098
0 0.49693627450980393 0.3978758169934641 0.028186274509803922 0.03431372549019608
0 0.5140931372549019 0.43218954248366015 0.025735294117647058 0.03431372549019608
0 0.49203431372549017 0.42401960784313725 0.015931372549019607 0.021241830065359478
0 0.45465686274509803 0.42320261437908496 0.012254901960784314 0.029411764705882353
0 0.4693627450980392 0.4256535947712418 0.01715686274509804 0.021241830065359478
0 0.47120098039215685 0.4493464052287582 0.023284313725490197 0.026143790849673203
0 0.4650735294117647 0.46405228758169936 0.015931372549019607 0.0196078431372549
0 0.45098039215686275 0.46977124183006536 0.012254901960784314 0.02777777777777778
0 0.49142156862745096 0.45098039215686275 0.01715686274509804 0.029411764705882353
0 0.4957107843137255 0.47303921568627455 0.013480392156862746 0.01797385620915033
0 0.5091911764705882 0.4616013071895425 0.01838235294117647 0.03758169934640523
0 0.5294117647058824 0.477124183006536 0.02696078431372549 0.029411764705882353
0 0.5189950980392157 0.5351307189542484 0.01838235294117647 0.021241830065359478
0 0.5049019607843137 0.5016339869281046 0.031862745098039214 0.04575163398692811
0 0.5343137254901961 0.5204248366013072 0.029411764705882353 0.05065359477124183
0 0.548406862745098 0.5874183006535948 0.015931372549019607 0.024509803921568627
0 0.5410539215686274 0.5555555555555556 0.023284313725490197 0.026143790849673203
0 0.5324754901960784 0.5751633986928105 0.015931372549019607 0.03594771241830066
0 0.522671568627451 0.5964052287581699 0.023284313725490197 0.042483660130718956
0 0.5159313725490196 0.5604575163398693 0.0196078431372549 0.042483660130718956
0 0.46017156862745096 0.49183006535947715 0.013480392156862746 0.016339869281045753
0 0.45159313725490197 0.5008169934640523 0.013480392156862746 0.01797385620915033
0 0.47181372549019607 0.5147058823529412 0.012254901960784314 0.026143790849673203
0 0.4626225490196078 0.5187908496732027 0.011029411764705881 0.021241830065359478
0 0.45098039215686275 0.5375816993464052 0.041666666666666664 0.03594771241830066
0 0.48223039215686275 0.5465686274509804 0.013480392156862746 0.024509803921568627
0 0.4730392156862745 0.5580065359477124 0.012254901960784314 0.021241830065359478
0 0.4626225490196078 0.5718954248366013 0.023284313725490197 0.03594771241830066
0 0.49693627450980393 0.5367647058823529 0.023284313725490197 0.04084967320261438
0 0.4791666666666667 0.49101307189542487 0.02696078431372549 0.05392156862745098
0 0.49019607843137253 0.5857843137254902 0.031862745098039214 0.057189542483660136
0 0.48161764705882354 0.6094771241830066 0.01715686274509804 0.026143790849673203
0 0.4938725490196078 0.6315359477124183 0.012254901960784314 0.02777777777777778
0 0.5061274509803921 0.6225490196078431 0.00980392156862745 0.022875816993464054
0 0.5496323529411765 0.6282679738562091 0.025735294117647058 0.05065359477124183
0 0.5098039215686274 0.6560457516339869 0.029411764705882353 0.024509803921568627
0 0.5355392156862745 0.6552287581699346 0.024509803921568627 0.022875816993464054
0 0.5680147058823529 0.6593137254901961 0.013480392156862746 0.03431372549019608
0 0.5643382352941176 0.6911764705882353 0.01838235294117647 0.03594771241830066
0 0.5508578431372549 0.6805555555555556 0.015931372549019607 0.03104575163398693
0 0.5349264705882353 0.6862745098039216 0.015931372549019607 0.032679738562091505
0 0.5128676470588235 0.6805555555555556 0.025735294117647058 0.03758169934640523
0 0.5349264705882353 0.7189542483660131 0.025735294117647058 0.0392156862745098
0 0.5373774509803921 0.7516339869281046 0.030637254901960783 0.029411764705882353
0 0.571078431372549 0.7671568627450981 0.014705882352941176 0.02777777777777778
0 0.522671568627451 0.6274509803921569 0.025735294117647058 0.0392156862745098
0 0.5802696078431372 0.6952614379084967 0.013480392156862746 0.02777777777777778
0 0.5563725490196079 0.7099673202614379 0.014705882352941176 0.02777777777777778
0 0.5563725490196079 0.744281045751634 0.0196078431372549 0.02777777777777778
0 0.6133578431372549 0.923202614379085 0.020833333333333332 0.022875816993464054
0 0.6354166666666666 0.940359477124183 0.020833333333333332 0.021241830065359478
0 0.6200980392156863 0.9436274509803921 0.0196078431372549 0.021241830065359478
0 0.6354166666666666 0.9591503267973857 0.015931372549019607 0.013071895424836602
0 0.6115196078431372 0.9558823529411765 0.00980392156862745 0.026143790849673203
0 0.6237745098039216 0.9665032679738562 0.01715686274509804 0.024509803921568627
0 0.5992647058823529 0.9656862745098039 0.012254901960784314 0.032679738562091505
0 0.5974264705882353 0.9901960784313726 0.011029411764705881 0.0196078431372549
0 0.616421568627451 0.9836601307189543 0.02696078431372549 0.029411764705882353
0 0.642156862745098 0.982843137254902 0.029411764705882353 0.03431372549019608
0 0.8272058823529411 0.9705882352941176 0.01715686274509804 0.042483660130718956
0 0.6587009803921569 0.9787581699346406 0.011029411764705881 0.026143790849673203
0 0.9932598039215687 0.38562091503267976 0.013480392156862746 0.042483660130718956
0 0.9810049019607843 0.40604575163398693 0.020833333333333332 0.03104575163398693
0 0.9564950980392156 0.4673202614379085 0.015931372549019607 0.032679738562091505
0 0.9681372549019608 0.47385620915032683 0.014705882352941176 0.029411764705882353
0 0.9785539215686274 0.4607843137254902 0.013480392156862746 0.032679738562091505
0 0.954656862745098 0.49836601307189543 0.014705882352941176 0.029411764705882353
0 0.9669117647058824 0.49673202614379086 0.014705882352941176 0.029411764705882353
0 0.9613970588235294 0.548202614379085 0.015931372549019607 0.01797385620915033
0 0.9754901960784313 0.5661764705882353 0.0196078431372549 0.021241830065359478
0 0.9852941176470588 0.5343137254901961 0.012254901960784314 0.029411764705882353
0 0.9950980392156863 0.5179738562091504 0.00980392156862745 0.032679738562091505
0 0.9932598039215687 0.5571895424836601 0.013480392156862746 0.0196078431372549
0 0.9877450980392156 0.5767973856209151 0.014705882352941176 0.0196078431372549
0 0.9865196078431372 0.5923202614379085 0.022058823529411763 0.021241830065359478
0 0.9767156862745098 0.6094771241830066 0.01715686274509804 0.022875816993464054
0 0.9877450980392156 0.619281045751634 0.00980392156862745 0.013071895424836602
0 0.9938725490196079 0.6119281045751634 0.012254901960784314 0.021241830065359478
0 0.9828431372549019 0.6364379084967321 0.01715686274509804 0.03104575163398693
0 0.9944852941176471 0.6397058823529412 0.011029411764705881 0.03104575163398693
0 0.9969362745098039 0.9166666666666667 0.006127450980392157 0.0392156862745098
