0 0.5998774509803921 0.5759803921568628 0.06985294117647059 0.05065359477124183
0 0.6629901960784313 0.5555555555555556 0.024509803921568627 0.026143790849673203
0 0.6666666666666666 0.5882352941176471 0.029411764705882353 0.029411764705882353
0 0.6384803921568627 0.6021241830065359 0.058823529411764705 0.04411764705882353
0 0.6017156862745098 0.625 0.03676470588235294 0.057189542483660136
0 0.5318627450980392 0.5841503267973857 0.0392156862745098 0.07679738562091504
0 0.12806372549019607 0.5906862745098039 0.05024509803921569 0.05392156862745098
0 0.08149509803921569 0.5490196078431373 0.04779411764705882 0.0392156862745098
0 0.07475490196078431 0.5849673202614379 0.05392156862745098 0.042483660130718956
0 0.061274509803921566 0.607843137254902 0.031862745098039214 0.03594771241830066
0 0.028186274509803922 0.5988562091503268 0.044117647058823525 0.07679738562091504
