0 0.14583333333333334 0.38562091503267976 0.031862745098039214 0.03594771241830066
0 0.18259803921568626 0.4436274509803922 0.044117647058823525 0.06372549019607843
0 0.15992647058823528 0.46568627450980393 0.04044117647058824 0.058823529411764705
0 0.19791666666666666 0.48447712418300654 0.013480392156862746 0.024509803921568627
0 0.17830882352941177 0.5098039215686274 0.025735294117647058 0.029411764705882353
0 0.16176470588235295 0.5449346405228759 0.029411764705882353 0.03758169934640523
0 0.19730392156862744 0.5367647058823529 0.03431372549019608 0.04411764705882353
0 0.22242647058823528 0.5032679738562091 0.03553921568627451 0.07516339869281045
0 0.22181372549019607 0.5784313725490197 0.03676470588235294 0.03594771241830066
0 0.25245098039215685 0.6200980392156863 0.031862745098039214 0.04738562091503268
0 0.2775735294117647 0.6160130718954249 0.03308823529411765 0.03594771241830066
0 0.3014705882352941 0.6625816993464052 0.04656862745098039 0.06699346405228758
0 0.22916666666666666 0.6290849673202614 0.014705882352941176 0.026143790849673203
0 0.20894607843137256 0.6535947712418301 0.020833333333333332 0.0392156862745098
0 0.25735294117647056 0.6772875816993464 0.056372549019607844 0.07026143790849673
0 0.2935049019607843 0.7066993464052288 0.023284313725490197 0.02777777777777778
0 0.0974264705882353 0.3611111111111111 0.03553921568627451 0.049019607843137254
0 0.06862745098039216 0.3423202614379085 0.024509803921568627 0.04738562091503268
0 0.09068627450980392 0.3897058823529412 0.029411764705882353 0.04084967320261438
0 0.049019607843137254 0.32516339869281047 0.012254901960784314 0.032679738562091505
0 0.031862745098039214 0.3300653594771242 0.0196078431372549 0.029411764705882353
0 0.05698529411764706 0.37826797385620914 0.04044117647058824 0.06045751633986928
0 0.03370098039215686 0.40441176470588236 0.0428921568627451 0.05065359477124183
0 0.010416666666666666 0.3831699346405229 0.01838235294117647 0.02777777777777778
0 0.015931372549019607 0.3602941176470588 0.0196078431372549 0.024509803921568627
0 0.011029411764705881 0.3374183006535948 0.0196078431372549 0.02777777777777778
0 0.01715686274509804 0.4305555555555556 0.031862745098039214 0.03758169934640523
0 0.08088235294117647 0.4673202614379085 0.022058823529411763 0.029411764705882353
0 0.056372549019607844 0.4624183006535948 0.044117647058823525 0.06209150326797386
0 0.023284313725490197 0.45996732026143794 0.01715686274509804 0.014705882352941176
0 0.010416666666666666 0.47794117647058826 0.01838235294117647 0.024509803921568627
0 0.041666666666666664 0.5098039215686274 0.022058823529411763 0.03594771241830066
0 0.044117647058823525 0.48447712418300654 0.022058823529411763 0.03758169934640523
0 0.11090686274509803 0.5212418300653595 0.01838235294117647 0.03594771241830066
0 0.0704656862745098 0.5400326797385621 0.04044117647058824 0.07026143790849673
0 0.09803921568627451 0.5383986928104575 0.0196078431372549 0.057189542483660136
0 0.10049019607843138 0.5816993464052288 0.02696078431372549 0.029411764705882353
0 0.0784313725490196 0.5882352941176471 0.022058823529411763 0.026143790849673203
0 0.13051470588235295 0.6021241830065359 0.025735294117647058 0.02777777777777778
0 0.03799019607843137 0.5563725490196079 0.031862745098039214 0.06372549019607843
0 0.015318627450980392 0.5040849673202614 0.028186274509803922 0.03758169934640523
0 0.009191176470588236 0.5326797385620915 0.015931372549019607 0.022875816993464054
0 0.014093137254901961 0.5767973856209151 0.025735294117647058 0.05228758169934641
0 0.011642156862745098 0.6209150326797386 0.020833333333333332 0.049019607843137254
0 0.042279411764705885 0.6364379084967321 0.03308823529411765 0.05065359477124183
0 0.05943627450980392 0.6143790849673203 0.020833333333333332 0.032679738562091505
0 0.09558823529411764 0.6200980392156863 0.05392156862745098 0.03758169934640523
0 0.12622549019607843 0.6282679738562091 0.01715686274509804 0.02777777777777778
0 0.15931372549019607 0.6650326797385621 0.04656862745098039 0.05555555555555556
0 0.12683823529411764 0.6633986928104575 0.03308823529411765 0.03594771241830066
0 0.029411764705882353 0.6568627450980392 0.0196078431372549 0.029411764705882353
0 0.011029411764705881 0.6666666666666667 0.0196078431372549 0.0196078431372549
0 0.08026960784313725 0.6683006535947713 0.03799019607843137 0.06862745098039216
0 0.05698529411764706 0.7034313725490197 0.03553921568627451 0.057189542483660136
0 0.07904411764705882 0.7148692810457516 0.023284313725490197 0.02777777777777778
0 0.10600490196078431 0.7303921568627452 0.030637254901960783 0.058823529411764705
0 0.125 0.7009803921568628 0.04656862745098039 0.058823529411764705
0 0.027573529411764705 0.7091503267973857 0.03799019607843137 0.05555555555555556
0 0.05330882352941176 0.7434640522875817 0.023284313725490197 0.026143790849673203
0 0.031862745098039214 0.7540849673202614 0.02696078431372549 0.03104575163398693
0 0.011642156862745098 0.7369281045751634 0.020833333333333332 0.058823529411764705
0 0.01715686274509804 0.7761437908496732 0.01715686274509804 0.042483660130718956
0 0.04718137254901961 0.8047385620915033 0.028186274509803922 0.04411764705882353
0 0.04534313725490196 0.8333333333333334 0.01715686274509804 0.03594771241830066
0 0.01715686274509804 0.829248366013072 0.031862745098039214 0.057189542483660136
0 0.042279411764705885 0.8782679738562091 0.025735294117647058 0.057189542483660136
0 0.02696078431372549 0.9052287581699346 0.022058823529411763 0.032679738562091505
0 0.00980392156862745 0.8856209150326798 0.012254901960784314 0.029411764705882353
0 0.012254901960784314 0.9256535947712419 0.022058823529411763 0.021241830065359478
0 0.024509803921568627 0.9820261437908497 0.0392156862745098 0.03594771241830066
0 0.06985294117647059 0.9183006535947713 0.024509803921568627 0.0392156862745098
0 0.07720588235294118 0.9591503267973857 0.029411764705882353 0.049019607843137254
0 0.09803921568627451 0.948529411764706 0.0196078431372549 0.03104575163398693
0 0.0661764705882353 0.8774509803921569 0.02696078431372549 0.0392156862745098
0 0.09497549019607843 0.988562091503268 0.015931372549019607 0.0196078431372549
0 0.09252450980392157 0.9133986928104575 0.028186274509803922 0.03594771241830066
0 0.12438725490196079 0.9501633986928105 0.028186274509803922 0.03431372549019608
0 0.12683823529411764 0.9861111111111112 0.025735294117647058 0.021241830065359478
0 0.14705882352941177 0.9852941176470589 0.029411764705882353 0.026143790849673203
0 0.15625 0.9591503267973857 0.0428921568627451 0.05228758169934641
0 0.11887254901960784 0.9150326797385622 0.03431372549019608 0.03594771241830066
0 0.08946078431372549 0.8668300653594772 0.0392156862745098 0.03758169934640523
0 0.1096813725490196 0.8856209150326798 0.023284313725490197 0.026143790849673203
0 0.13541666666666666 0.8962418300653595 0.020833333333333332 0.021241830065359478
0 0.16482843137254902 0.9109477124183006 0.025735294117647058 0.024509803921568627
0 0.1556372549019608 0.8766339869281046 0.031862745098039214 0.02777777777777778
0 0.19301470588235295 0.9060457516339869 0.028186274509803922 0.04411764705882353
0 0.2034313725490196 0.9444444444444444 0.0196078431372549 0.0196078431372549
0 0.19607843137254902 0.9754901960784313 0.029411764705882353 0.0392156862745098
0 0.21691176470588236 0.9256535947712419 0.014705882352941176 0.03104575163398693
0 0.2077205882352941 0.8913398692810458 0.015931372549019607 0.03104575163398693
0 0.22916666666666666 0.9011437908496732 0.022058823529411763 0.02777777777777778
0 0.2426470588235294 0.8880718954248367 0.0196078431372549 0.03431372549019608
0 0.11825980392156862 0.8586601307189543 0.03308823529411765 0.02777777777777778
0 0.13357843137254902 0.8431372549019608 0.031862745098039214 0.029411764705882353
0 0.15747549019607843 0.8316993464052288 0.03308823529411765 0.04575163398692811
0 0.18566176470588236 0.8619281045751634 0.025735294117647058 0.03431372549019608
0 0.08639705882352941 0.8194444444444444 0.030637254901960783 0.02777777777777778
0 0.11274509803921569 0.7883986928104575 0.0392156862745098 0.04084967320261438
0 0.11948529411764705 0.7679738562091504 0.03308823529411765 0.026143790849673203
0 0.15073529411764705 0.7875816993464052 0.022058823529411763 0.03594771241830066
0 0.16176470588235295 0.755718954248366 0.01715686274509804 0.04084967320261438
0 0.15073529411764705 0.7107843137254902 0.0196078431372549 0.0392156862745098
0 0.1685049019607843 0.7066993464052288 0.01838235294117647 0.03431372549019608
0 0.19117647058823528 0.7156862745098039 0.0196078431372549 0.032679738562091505
0 0.18137254901960784 0.7434640522875817 0.024509803921568627 0.026143790849673203
0 0.20036764705882354 0.7450980392156863 0.015931372549019607 0.029411764705882353
0 0.14399509803921567 0.7434640522875817 0.015931372549019607 0.026143790849673203
0 0.13419117647058823 0.7581699346405228 0.01838235294117647 0.026143790849673203
0 0.1954656862745098 0.8088235294117647 0.023284313725490197 0.03594771241830066
0 0.19914215686274508 0.8406862745098039 0.011029411764705881 0.02777777777777778
0 0.2193627450980392 0.8488562091503268 0.029411764705882353 0.021241830065359478
0 0.21629901960784315 0.869281045751634 0.015931372549019607 0.029411764705882353
0 0.25 0.9877450980392157 0.03676470588235294 0.024509803921568627
0 0.2622549019607843 0.9436274509803921 0.044117647058823525 0.07679738562091504
0 0.27818627450980393 0.9166666666666667 0.031862745098039214 0.042483660130718956
0 0.2959558823529412 0.9517973856209151 0.020833333333333332 0.02777777777777778
0 0.31433823529411764 0.9477124183006537 0.030637254901960783 0.0392156862745098
0 0.34129901960784315 0.9697712418300654 0.020833333333333332 0.04084967320261438
0 0.36213235294117646 0.9754901960784313 0.020833333333333332 0.04575163398692811
0 0.3872549019607843 0.9746732026143791 0.03676470588235294 0.05065359477124183
0 0.34987745098039214 0.9379084967320261 0.03553921568627451 0.03594771241830066
0 0.33517156862745096 0.9068627450980392 0.025735294117647058 0.042483660130718956
0 0.29901960784313725 0.8937908496732027 0.029411764705882353 0.0196078431372549
0 0.3805147058823529 0.9207516339869282 0.025735294117647058 0.04738562091503268
0 0.35784313725490197 0.8937908496732027 0.022058823529411763 0.042483660130718956
0 0.3713235294117647 0.8782679738562091 0.0196078431372549 0.03758169934640523
0 0.39705882352941174 0.8880718954248367 0.02696078431372549 0.04738562091503268
0 0.40379901960784315 0.8333333333333334 0.03553921568627451 0.05228758169934641
0 0.3131127450980392 0.8586601307189543 0.01838235294117647 0.03758169934640523
0 0.33088235294117646 0.8545751633986929 0.0196078431372549 0.03594771241830066
0 0.20098039215686275 0.6331699346405228 0.01715686274509804 0.03758169934640523
0 0.21691176470588236 0.6895424836601307 0.044117647058823525 0.05228758169934641
0 0.20894607843137256 0.7214052287581699 0.013480392156862746 0.03104575163398693
0 0.2340686274509804 0.75 0.03431372549019608 0.042483660130718956
0 0.20526960784313725 0.7859477124183006 0.030637254901960783 0.029411764705882353
0 0.22732843137254902 0.7802287581699346 0.028186274509803922 0.03431372549019608
0 0.23651960784313725 0.8349673202614379 0.03676470588235294 0.07189542483660132
0 0.27450980392156865 0.8308823529411765 0.04656862745098039 0.06699346405228758
0 0.2708333333333333 0.8700980392156863 0.01715686274509804 0.03104575163398693
0 0.2696078431372549 0.7802287581699346 0.01715686274509804 0.024509803921568627
0 0.2708333333333333 0.738562091503268 0.056372549019607844 0.042483660130718956
0 0.28860294117647056 0.7810457516339869 0.023284313725490197 0.026143790849673203
0 0.3020833333333333 0.8129084967320261 0.01838235294117647 0.03104575163398693
0 0.3241421568627451 0.8080065359477124 0.028186274509803922 0.024509803921568627
0 0.3082107843137255 0.7663398692810458 0.01838235294117647 0.03594771241830066
0 0.31985294117647056 0.7336601307189543 0.0196078431372549 0.042483660130718956
0 0.3370098039215686 0.7785947712418301 0.024509803921568627 0.05392156862745098
0 0.3596813725490196 0.7761437908496732 0.023284313725490197 0.042483660130718956
0 0.36642156862745096 0.7418300653594772 0.024509803921568627 0.042483660130718956
0 0.3792892156862745 0.7933006535947713 0.020833333333333332 0.04411764705882353
0 0.40870098039215685 0.7818627450980392 0.028186274509803922 0.05065359477124183
0 0.3633578431372549 0.8284313725490197 0.03308823529411765 0.042483660130718956
0 0.3443627450980392 0.8472222222222222 0.022058823529411763 0.04411764705882353
