0 0.9356617647058824 0.8545751633986929 0.07965686274509803 0.08169934640522876
0 0.9883578431372549 0.8464052287581699 0.023284313725490197 0.032679738562091505
0 0.9889705882352942 0.8815359477124183 0.022058823529411763 0.03431372549019608
0 0.9160539215686274 0.8839869281045752 0.03553921568627451 0.032679738562091505
0 0.8333333333333334 0.9093137254901961 0.041666666666666664 0.03104575163398693
0 0.8547794117647058 0.8946078431372549 0.04044117647058824 0.024509803921568627
0 0.6942401960784313 0.8284313725490197 0.04044117647058824 0.042483660130718956
0 0.7205882352941176 0.869281045751634 0.03431372549019608 0.049019607843137254
0 0.7628676470588235 0.8921568627450981 0.0428921568627451 0.032679738562091505
0 0.7420343137254902 0.9166666666666667 0.0821078431372549 0.05228758169934641
0 0.6917892156862745 0.8782679738562091 0.04534313725490196 0.06699346405228758
0 0.6409313725490196 0.8406862745098039 0.03431372549019608 0.03431372549019608
0 0.647671568627451 0.8660130718954249 0.05024509803921569 0.04575163398692811
0 0.6225490196078431 0.9142156862745099 0.0784313725490196 0.06699346405228758
0 0.4491421568627451 0.7622549019607844 0.08946078431372549 0.07352941176470588
0 0.4362745098039216 0.8063725490196079 0.031862745098039214 0.02777777777777778
0 0.46875 0.8178104575163399 0.06004901960784314 0.05065359477124183
0 0.5208333333333334 0.8129084967320261 0.041666666666666664 0.03431372549019608
0 0.5661764705882353 0.8455882352941176 0.041666666666666664 0.04084967320261438
0 0.5698529411764706 0.8970588235294118 0.061274509803921566 0.06535947712418301
0 0.5392156862745098 0.934640522875817 0.049019607843137254 0.0392156862745098
0 0.5061274509803921 0.8529411764705883 0.07598039215686274 0.06209150326797386
0 0.44485294117647056 0.9003267973856209 0.08088235294117647 0.06862745098039216
0 0.4883578431372549 0.9150326797385622 0.03799019607843137 0.029411764705882353
0 0.45588235294117646 0.9387254901960784 0.0392156862745098 0.03104575163398693
0 0.4895833333333333 0.9452614379084968 0.028186274509803922 0.04084967320261438
0 0.5140931372549019 0.9452614379084968 0.028186274509803922 0.04411764705882353
0 0.4613970588235294 0.852124183006536 0.030637254901960783 0.03104575163398693
0 0.29534313725490197 0.738562091503268 0.04656862745098039 0.032679738562091505
0 0.32230392156862747 0.7769607843137255 0.0857843137254902 0.06699346405228758
0 0.2702205882352941 0.7589869281045751 0.03553921568627451 0.03104575163398693
0 0.3866421568627451 0.8120915032679739 0.06740196078431372 0.07189542483660132
0 0.42953431372549017 0.8415032679738562 0.03553921568627451 0.058823529411764705
0 0.3682598039215686 0.8782679738562091 0.03308823529411765 0.06045751633986928
0 0.4025735294117647 0.8594771241830066 0.04534313725490196 0.042483660130718956
0 0.3952205882352941 0.8880718954248367 0.03553921568627451 0.03104575163398693
0 0.2689950980392157 0.821078431372549 0.0428921568627451 0.03758169934640523
0 0.3125 0.8398692810457516 0.07352941176470588 0.06209150326797386
0 0.27328431372549017 0.8905228758169935 0.056372549019607844 0.058823529411764705
0 0.3051470588235294 0.9027777777777778 0.03676470588235294 0.05392156862745098
0 0.33517156862745096 0.8782679738562091 0.01838235294117647 0.03758169934640523
0 0.33762254901960786 0.9330065359477124 0.09191176470588235 0.0784313725490196
0 0.3897058823529412 0.9183006535947713 0.041666666666666664 0.04575163398692811
0 0.2659313725490196 0.8562091503267975 0.029411764705882353 0.032679738562091505
0 0.2493872549019608 0.8782679738562091 0.03308823529411765 0.04084967320261438
0 0.36580882352941174 0.4444444444444445 0.03308823529411765 0.05555555555555556
