0 0.2916666666666667 0.23937908496732027 0.044117647058823525 0.07352941176470588
0 0.2824754901960784 0.16258169934640523 0.0428921568627451 0.05392156862745098
0 0.28370098039215685 0.3684640522875817 0.03799019607843137 0.05065359477124183
0 0.3051470588235294 0.4076797385620915 0.031862745098039214 0.04411764705882353
0 0.22487745098039216 0.27450980392156865 0.01838235294117647 0.042483660130718956
0 0.20833333333333334 0.30228758169934644 0.0196078431372549 0.04575163398692811
0 0.2702205882352941 0.040032679738562095 0.03799019607843137 0.04411764705882353
0 0.2542892156862745 0.06862745098039216 0.023284313725490197 0.042483660130718956
0 0.2426470588235294 0.01715686274509804 0.022058823529411763 0.03104575163398693
0 0.22855392156862744 0.05473856209150327 0.030637254901960783 0.07352941176470588
0 0.2028186274509804 0.05310457516339869 0.025735294117647058 0.05392156862745098
0 0.21200980392156862 0.012254901960784314 0.014705882352941176 0.021241830065359478
0 0.1948529411764706 0.013071895424836602 0.022058823529411763 0.022875816993464054
0 0.1525735294117647 0.0661764705882353 0.025735294117647058 0.06045751633986928
0 0.21384803921568626 0.09558823529411765 0.020833333333333332 0.04411764705882353
0 0.1997549019607843 0.10866013071895425 0.014705882352941176 0.02777777777777778
0 0.22242647058823528 0.14705882352941177 0.028186274509803922 0.05555555555555556
0 0.2463235294117647 0.12173202614379085 0.024509803921568627 0.07352941176470588
0 0.18198529411764705 0.15522875816993464 0.04044117647058824 0.10784313725490197
0 0.2107843137254902 0.19607843137254902 0.0196078431372549 0.042483660130718956
0 0.22365196078431374 0.22303921568627452 0.023284313725490197 0.05065359477124183
0 0.1917892156862745 0.24754901960784315 0.03553921568627451 0.08660130718954248
0 0.04350490196078431 0.48366013071895425 0.05269607843137255 0.08823529411764706
0 0.2267156862745098 0.3937908496732026 0.02696078431372549 0.049019607843137254
0 0.22549019607843138 0.4354575163398693 0.022058823529411763 0.03758169934640523
0 0.23345588235294118 0.46977124183006536 0.028186274509803922 0.04738562091503268
0 0.2622549019607843 0.4305555555555556 0.04656862745098039 0.10294117647058824
0 0.26776960784313725 0.505718954248366 0.023284313725490197 0.04411764705882353
0 0.2959558823529412 0.5269607843137255 0.0428921568627451 0.10620915032679738
0 0.2426470588235294 0.5800653594771242 0.0196078431372549 0.05228758169934641
0 0.2616421568627451 0.6086601307189543 0.028186274509803922 0.03758169934640523
0 0.27941176470588236 0.6274509803921569 0.01715686274509804 0.042483660130718956
0 0.31495098039215685 0.6258169934640523 0.044117647058823525 0.06862745098039216
0 0.28125 0.684640522875817 0.025735294117647058 0.05555555555555556
0 0.3082107843137255 0.7099673202614379 0.03553921568627451 0.04411764705882353
0 0.28860294117647056 0.738562091503268 0.03308823529411765 0.049019607843137254
0 0.29044117647058826 0.7818627450980392 0.031862745098039214 0.04738562091503268
0 0.31985294117647056 0.7745098039215687 0.031862745098039214 0.06209150326797386
0 0.2708333333333333 0.8741830065359477 0.051470588235294115 0.08823529411764706
0 0.18321078431372548 0.8921568627450981 0.03553921568627451 0.05228758169934641
0 0.19607843137254902 0.9460784313725491 0.03676470588235294 0.06535947712418301
0 0.1715686274509804 0.9362745098039216 0.022058823529411763 0.049019607843137254
0 0.1409313725490196 0.9281045751633987 0.02696078431372549 0.05228758169934641
0 0.1556372549019608 0.9558823529411765 0.022058823529411763 0.042483660130718956
0 0.46875 0.0196078431372549 0.030637254901960783 0.03594771241830066
0 0.4938725490196078 0.016339869281045753 0.02696078431372549 0.029411764705882353
0 0.48590686274509803 0.04166666666666667 0.030637254901960783 0.04084967320261438
0 0.5692401960784313 0.20833333333333334 0.028186274509803922 0.04738562091503268
0 0.5422794117647058 0.375 0.023284313725490197 0.04411764705882353
0 0.48284313725490197 0.3545751633986928 0.024509803921568627 0.05228758169934641
0 0.5116421568627451 0.35866013071895425 0.04044117647058824 0.10294117647058824
0 0.4895833333333333 0.39052287581699346 0.015931372549019607 0.042483660130718956
0 0.4699754901960784 0.39950980392156865 0.01838235294117647 0.04738562091503268
0 0.49142156862745096 0.43137254901960786 0.022058823529411763 0.05228758169934641
0 0.5104166666666666 0.4297385620915033 0.01838235294117647 0.042483660130718956
0 0.53125 0.42728758169934644 0.028186274509803922 0.07679738562091504
0 0.5814950980392157 0.46568627450980393 0.020833333333333332 0.0392156862745098
0 0.5637254901960784 0.488562091503268 0.01715686274509804 0.0392156862745098
0 0.5759803921568627 0.5049019607843137 0.022058823529411763 0.04575163398692811
0 0.44362745098039214 0.4754901960784314 0.022058823529411763 0.04575163398692811
0 0.5569852941176471 0.5253267973856209 0.01838235294117647 0.04084967320261438
0 0.5735294117647058 0.5400326797385621 0.024509803921568627 0.03104575163398693
0 0.5435049019607843 0.5147058823529412 0.01838235294117647 0.049019607843137254
0 0.5140931372549019 0.5008169934640523 0.03308823529411765 0.04084967320261438
0 0.5006127450980392 0.4795751633986928 0.0428921568627451 0.06372549019607843
0 0.4693627450980392 0.4624183006535948 0.03676470588235294 0.08496732026143791
0 0.5263480392156863 0.5359477124183006 0.023284313725490197 0.049019607843137254
0 0.5324754901960784 0.5767973856209151 0.01838235294117647 0.0392156862745098
0 0.4926470588235294 0.5375816993464052 0.02696078431372549 0.05228758169934641
0 0.4724264705882353 0.5269607843137255 0.01838235294117647 0.05065359477124183
0 0.4454656862745098 0.5433006535947713 0.03553921568627451 0.09640522875816994
0 0.6011029411764706 0.5228758169934641 0.03308823529411765 0.08823529411764706
0 0.5582107843137255 0.4395424836601307 0.03799019607843137 0.09803921568627451
0 0.4846813725490196 0.607843137254902 0.020833333333333332 0.08169934640522876
0 0.43137254901960786 0.6323529411764706 0.01715686274509804 0.0392156862745098
0 0.4430147058823529 0.6740196078431373 0.015931372549019607 0.04411764705882353
0 0.4681372549019608 0.6650326797385621 0.01715686274509804 0.0392156862745098
0 0.48284313725490197 0.6723856209150327 0.014705882352941176 0.03758169934640523
0 0.4564950980392157 0.6045751633986929 0.03308823529411765 0.09477124183006536
0 0.5128676470588235 0.5825163398692811 0.03553921568627451 0.08660130718954248
0 0.5502450980392157 0.5931372549019608 0.049019607843137254 0.08823529411764706
0 0.5931372549019608 0.607843137254902 0.041666666666666664 0.09803921568627451
0 0.6194852941176471 0.6495098039215687 0.0428921568627451 0.09640522875816994
0 0.5912990196078431 0.6772875816993464 0.020833333333333332 0.04411764705882353
0 0.6035539215686274 0.7352941176470589 0.03308823529411765 0.08169934640522876
0 0.5410539215686274 0.6666666666666667 0.015931372549019607 0.049019607843137254
0 0.5386029411764706 0.7165032679738562 0.015931372549019607 0.04084967320261438
0 0.517156862745098 0.7230392156862745 0.014705882352941176 0.04084967320261438
0 0.44056372549019607 0.7197712418300654 0.015931372549019607 0.03758169934640523
0 0.4571078431372549 0.7116013071895425 0.014705882352941176 0.03758169934640523
0 0.5680147058823529 0.696078431372549 0.03799019607843137 0.09477124183006536
0 0.548406862745098 0.7483660130718954 0.023284313725490197 0.029411764705882353
0 0.5716911764705882 0.7516339869281046 0.015931372549019607 0.03594771241830066
0 0.5857843137254902 0.7630718954248367 0.014705882352941176 0.042483660130718956
0 0.5588235294117647 0.7728758169934641 0.0196078431372549 0.029411764705882353
0 0.5208333333333334 0.7598039215686275 0.03431372549019608 0.03594771241830066
0 0.5704656862745098 0.8267973856209151 0.05269607843137255 0.08496732026143791
0 0.4430147058823529 0.75 0.015931372549019607 0.026143790849673203
0 0.45588235294117646 0.9191176470588236 0.031862745098039214 0.06372549019607843
0 0.4736519607843137 0.8611111111111112 0.025735294117647058 0.06209150326797386
0 0.6066176470588235 0.9313725490196079 0.022058823529411763 0.05555555555555556
0 0.5912990196078431 0.8937908496732027 0.013480392156862746 0.04575163398692811
0 0.5857843137254902 0.9379084967320261 0.014705882352941176 0.04575163398692811
0 0.4957107843137255 0.8472222222222222 0.015931372549019607 0.03758169934640523
0 0.5140931372549019 0.8627450980392157 0.020833333333333332 0.029411764705882353
0 0.5386029411764706 0.8848039215686275 0.023284313725490197 0.05065359477124183
0 0.5196078431372549 0.9044117647058824 0.02696078431372549 0.05392156862745098
0 0.5281862745098039 0.9452614379084968 0.024509803921568627 0.03431372549019608
0 0.5428921568627451 0.9616013071895425 0.014705882352941176 0.03758169934640523
0 0.5716911764705882 0.9730392156862745 0.028186274509803922 0.03431372549019608
0 0.47120098039215685 0.9738562091503268 0.01838235294117647 0.049019607843137254
0 0.48651960784313725 0.982843137254902 0.0196078431372549 0.03431372549019608
0 0.5030637254901961 0.9926470588235294 0.015931372549019607 0.014705882352941176
0 0.5177696078431373 0.9836601307189543 0.020833333333333332 0.029411764705882353
0 0.352328431372549 0.9869281045751634 0.028186274509803922 0.022875816993464054
0 0.9522058823529411 0.7181372549019608 0.02696078431372549 0.03758169934640523
0 0.9834558823529411 0.8014705882352942 0.028186274509803922 0.06045751633986928
0 0.8995098039215687 0.7777777777777778 0.01715686274509804 0.042483660130718956
0 0.928921568627451 0.7794117647058824 0.029411764705882353 0.042483660130718956
0 0.9454656862745098 0.8366013071895425 0.023284313725490197 0.058823529411764705
0 0.9258578431372549 0.8080065359477124 0.028186274509803922 0.03104575163398693
0 0.8939950980392156 0.8194444444444444 0.04044117647058824 0.04411764705882353
0 0.9191176470588235 0.8504901960784313 0.031862745098039214 0.03758169934640523
0 0.8854166666666666 0.8562091503267975 0.03308823529411765 0.0392156862745098
0 0.9142156862745098 0.9084967320261438 0.03676470588235294 0.07189542483660132
0 0.8823529411764706 0.923202614379085 0.01715686274509804 0.03594771241830066
0 0.8970588235294118 0.9681372549019608 0.014705882352941176 0.03431372549019608
0 0.8756127450980392 0.9697712418300654 0.030637254901960783 0.057189542483660136
0 0.4699754901960784 0.7148692810457516 0.013480392156862746 0.04738562091503268
0 0.5147058823529411 0.6633986928104575 0.03676470588235294 0.09150326797385622
0 0.45588235294117646 0.8022875816993464 0.0196078431372549 0.049019607843137254
0 0.47120098039215685 0.809640522875817 0.015931372549019607 0.04411764705882353
0 0.5049019607843137 0.7941176470588236 0.024509803921568627 0.05555555555555556
0 0.4889705882352941 0.7794117647058824 0.02696078431372549 0.026143790849673203
0 0.48590686274509803 0.7450980392156863 0.0428921568627451 0.08823529411764706
0 0.5275735294117647 0.8112745098039216 0.05024509803921569 0.06699346405228758
0 0.9325980392156863 0.7434640522875817 0.02696078431372549 0.022875816993464054
