0 0.8698347107438017 0.6010802469135802 0.049586776859504134 0.06327160493827161
0 0.8956611570247934 0.6172839506172839 0.030991735537190084 0.05246913580246913
0 0.8574380165289256 0.6489197530864197 0.03305785123966942 0.047839506172839504
0 0.8987603305785125 0.6697530864197531 0.04132231404958678 0.043209876543209874
0 0.8997933884297521 0.724537037037037 0.04338842975206612 0.06327160493827161
0 0.8243801652892562 0.7276234567901234 0.06611570247933884 0.09722222222222221
0 0.7458677685950413 0.7044753086419753 0.07851239669421488 0.06327160493827161
0 0.628099173553719 0.7168209876543209 0.05785123966942149 0.041666666666666664
0 0.7747933884297521 0.7523148148148148 0.045454545454545456 0.038580246913580245
0 0.8543388429752067 0.7739197530864197 0.05991735537190083 0.07870370370370369
0 0.9183884297520661 0.7654320987654321 0.03925619834710744 0.043209876543209874
0 0.9700413223140496 0.7847222222222222 0.030991735537190084 0.041666666666666664
0 0.9287190082644629 0.7993827160493827 0.047520661157024795 0.04938271604938271
0 0.9493801652892562 0.8279320987654321 0.03925619834710744 0.05092592592592592
0 0.8853305785123967 0.798611111111111 0.03512396694214876 0.044753086419753084
0 0.7861570247933884 0.8109567901234568 0.06818181818181818 0.08487654320987653
0 0.8274793388429752 0.8186728395061728 0.047520661157024795 0.05401234567901234
0 0.7293388429752067 0.7507716049382716 0.03305785123966942 0.041666666666666664
0 0.6931818181818182 0.7615740740740741 0.03925619834710744 0.041666666666666664
0 0.8966942148760331 0.8557098765432098 0.09090909090909091 0.06018518518518518
0 0.7293388429752067 0.8094135802469136 0.06611570247933884 0.08179012345679013
0 0.6456611570247934 0.7453703703703703 0.030991735537190084 0.040123456790123455
0 0.6074380165289256 0.7638888888888888 0.05785123966942149 0.043209876543209874
0 0.8109504132231405 0.8703703703703703 0.08471074380165289 0.05864197530864197
0 0.8760330578512396 0.9089506172839505 0.045454545454545456 0.06481481481481481
0 0.9276859504132232 0.9143518518518517 0.04132231404958678 0.06327160493827161
0 0.9514462809917356 0.9220679012345678 0.03512396694214876 0.047839506172839504
0 0.9700413223140496 0.9467592592592592 0.026859504132231406 0.032407407407407406
0 0.6663223140495868 0.8117283950617283 0.03512396694214876 0.037037037037037035
0 0.6291322314049587 0.8125 0.03512396694214876 0.041666666666666664
0 0.5919421487603306 0.8094135802469136 0.04338842975206612 0.041666666666666664
0 0.5878099173553719 0.849537037037037 0.03925619834710744 0.035493827160493825
0 0.6260330578512396 0.8587962962962963 0.049586776859504134 0.06327160493827161
0 0.7148760330578513 0.8557098765432098 0.04132231404958678 0.035493827160493825
0 0.6745867768595042 0.8865740740740741 0.030991735537190084 0.038580246913580245
0 0.768595041322314 0.912037037037037 0.05785123966942149 0.046296296296296294
0 0.9307851239669421 0.9652777777777777 0.04338842975206612 0.044753086419753084
0 0.9514462809917356 0.9807098765432098 0.047520661157024795 0.038580246913580245
0 0.7799586776859504 0.9606481481481481 0.05165289256198347 0.05092592592592592
0 0.8140495867768596 0.9591049382716049 0.04132231404958678 0.05092592592592592
0 0.8409090909090909 0.9675925925925926 0.0371900826446281 0.05246913580246913
0 0.8636363636363636 0.9714506172839505 0.049586776859504134 0.05709876543209876
0 0.9008264462809917 0.9629629629629629 0.03305785123966942 0.043209876543209874
0 0.6260330578512396 0.9066358024691358 0.06198347107438017 0.05092592592592592
0 0.5774793388429752 0.9205246913580246 0.05165289256198347 0.05092592592592592
0 0.6828512396694215 0.9506172839506173 0.06404958677685951 0.08950617283950617
0 0.628099173553719 0.9737654320987654 0.045454545454545456 0.05246913580246913
0 0.7489669421487604 0.9876543209876543 0.09710743801652894 0.024691358024691357
0 0.987603305785124 0.9066358024691358 0.024793388429752067 0.044753086419753084
0 0.9855371900826446 0.8078703703703703 0.02066115702479339 0.032407407407407406
0 0.9938016528925621 0.8402777777777777 0.012396694214876033 0.032407407407407406
