0 0.26715686274509803 0.27369281045751637 0.044117647058823525 0.04084967320261438
0 0.3088235294117647 0.29820261437908496 0.049019607843137254 0.03431372549019608
0 0.05269607843137255 0.428921568627451 0.031862745098039214 0.04411764705882353
0 0.00857843137254902 0.45588235294117646 0.014705882352941176 0.03594771241830066
0 0.7787990196078431 0.10457516339869281 0.025735294117647058 0.026143790849673203
0 0.7953431372549019 0.13316993464052287 0.024509803921568627 0.02777777777777778
0 0.8388480392156863 0.119281045751634 0.0625 0.05555555555555556
0 0.8805147058823529 0.13725490196078433 0.023284313725490197 0.029411764705882353
0 0.9142156862745098 0.14297385620915032 0.022058823529411763 0.024509803921568627
0 0.9436274509803921 0.11683006535947713 0.02696078431372549 0.03104575163398693
0 0.9025735294117647 0.09885620915032681 0.06740196078431372 0.05392156862745098
0 0.8449754901960784 0.07761437908496732 0.025735294117647058 0.03104575163398693
0 0.8860294117647058 0.06699346405228758 0.03676470588235294 0.032679738562091505
0 0.5128676470588235 0.6168300653594772 0.03553921568627451 0.057189542483660136
0 0.59375 0.6454248366013072 0.030637254901960783 0.029411764705882353
0 0.6427696078431372 0.6560457516339869 0.0428921568627451 0.04411764705882353
0 0.12009803921568628 0.5269607843137255 0.031862745098039214 0.024509803921568627
0 0.08455882352941177 0.5171568627450981 0.02696078431372549 0.02777777777777778
0 0.011642156862745098 0.5326797385620915 0.020833333333333332 0.032679738562091505
0 0.0545343137254902 0.5367647058823529 0.04534313725490196 0.04084967320261438
0 0.06433823529411764 0.5702614379084967 0.015931372549019607 0.032679738562091505
0 0.09129901960784313 0.5702614379084967 0.03308823529411765 0.032679738562091505
0 0.032475490196078434 0.5669934640522876 0.0428921568627451 0.042483660130718956
0 0.02144607843137255 0.6004901960784313 0.03799019607843137 0.05392156862745098
0 0.058823529411764705 0.5955882352941176 0.041666666666666664 0.03758169934640523
0 0.14705882352941177 0.5261437908496732 0.02696078431372549 0.058823529411764705
0 0.12254901960784313 0.6004901960784313 0.03676470588235294 0.057189542483660136
0 0.04963235294117647 0.6315359477124183 0.03553921568627451 0.02777777777777778
0 0.01715686274509804 0.6282679738562091 0.024509803921568627 0.02777777777777778
0 0.03553921568627451 0.6568627450980392 0.04656862745098039 0.03594771241830066
0 0.06801470588235294 0.6527777777777778 0.020833333333333332 0.03431372549019608
0 0.04656862745098039 0.678921568627451 0.029411764705882353 0.02777777777777778
0 0.07107843137254902 0.678921568627451 0.0196078431372549 0.03431372549019608
0 0.011029411764705881 0.6928104575163399 0.0196078431372549 0.049019607843137254
0 0.11090686274509803 0.6421568627450981 0.03799019607843137 0.032679738562091505
0 0.10600490196078431 0.6781045751633987 0.04779411764705882 0.058823529411764705
0 0.13848039215686275 0.6740196078431373 0.03431372549019608 0.03431372549019608
0 0.14950980392156862 0.6168300653594772 0.0196078431372549 0.03104575163398693
0 0.02389705882352941 0.7271241830065359 0.04534313725490196 0.05555555555555556
0 0.055759803921568624 0.7434640522875817 0.0428921568627451 0.0392156862745098
0 0.08455882352941177 0.7124183006535948 0.049019607843137254 0.042483660130718956
0 0.018995098039215685 0.7671568627450981 0.03553921568627451 0.024509803921568627
0 0.03553921568627451 0.7834967320261438 0.049019607843137254 0.04411764705882353
0 0.0900735294117647 0.7712418300653595 0.05269607843137255 0.05555555555555556
0 0.13970588235294118 0.7401960784313726 0.044117647058823525 0.07189542483660132
0 0.15625 0.5751633986928105 0.03553921568627451 0.05228758169934641
0 0.17892156862745098 0.6037581699346405 0.031862745098039214 0.03104575163398693
0 0.18137254901960784 0.5392156862745098 0.022058823529411763 0.029411764705882353
0 0.1881127450980392 0.5686274509803921 0.023284313725490197 0.03594771241830066
0 0.2150735294117647 0.5743464052287582 0.025735294117647058 0.02777777777777778
0 0.21200980392156862 0.5964052287581699 0.03676470588235294 0.026143790849673203
0 0.2389705882352941 0.5939542483660131 0.02696078431372549 0.03758169934640523
0 0.22794117647058823 0.6184640522875817 0.03676470588235294 0.03431372549019608
0 0.18504901960784315 0.625 0.031862745098039214 0.021241830065359478
0 0.17463235294117646 0.6568627450980392 0.05759803921568627 0.042483660130718956
0 0.13970588235294118 0.6429738562091504 0.029411764705882353 0.03104575163398693
0 0.17524509803921567 0.732843137254902 0.02696078431372549 0.03758169934640523
0 0.18872549019607843 0.7058823529411765 0.051470588235294115 0.04575163398692811
0 0.1954656862745098 0.7834967320261438 0.05024509803921569 0.06372549019607843
0 0.21262254901960784 0.7450980392156863 0.04779411764705882 0.049019607843137254
0 0.23774509803921567 0.7851307189542484 0.0392156862745098 0.03431372549019608
0 0.27144607843137253 0.7883986928104575 0.028186274509803922 0.02777777777777778
0 0.2512254901960784 0.7532679738562091 0.031862745098039214 0.032679738562091505
0 0.24571078431372548 0.7214052287581699 0.028186274509803922 0.02777777777777778
0 0.22549019607843138 0.6862745098039216 0.029411764705882353 0.06209150326797386
0 0.25306372549019607 0.6519607843137255 0.030637254901960783 0.0392156862745098
0 0.2610294117647059 0.6241830065359477 0.029411764705882353 0.03594771241830066
0 0.2738970588235294 0.5906862745098039 0.04044117647058824 0.03758169934640523
0 0.29901960784313725 0.6217320261437909 0.044117647058823525 0.04411764705882353
0 0.27879901960784315 0.6593137254901961 0.025735294117647058 0.05065359477124183
0 0.28370098039215685 0.704248366013072 0.030637254901960783 0.032679738562091505
0 0.31066176470588236 0.6683006535947713 0.03308823529411765 0.0392156862745098
0 0.3425245098039216 0.6421568627450981 0.04534313725490196 0.04575163398692811
0 0.2763480392156863 0.738562091503268 0.03799019607843137 0.04575163398692811
0 0.3008578431372549 0.7753267973856209 0.04534313725490196 0.04738562091503268
0 0.3137254901960784 0.7271241830065359 0.02696078431372549 0.032679738562091505
0 0.33026960784313725 0.7589869281045751 0.020833333333333332 0.02777777777777778
0 0.34129901960784315 0.7450980392156863 0.03308823529411765 0.022875816993464054
0 0.3596813725490196 0.7687908496732027 0.03308823529411765 0.03758169934640523
0 0.33517156862745096 0.7140522875816994 0.025735294117647058 0.022875816993464054
0 0.36090686274509803 0.6854575163398693 0.05024509803921569 0.04084967320261438
0 0.37193627450980393 0.7222222222222222 0.04044117647058824 0.0392156862745098
0 0.40318627450980393 0.7475490196078431 0.03676470588235294 0.03104575163398693
0 0.40931372549019607 0.7826797385620915 0.03676470588235294 0.04575163398692811
0 0.4111519607843137 0.7148692810457516 0.03308823529411765 0.04411764705882353
0 0.4221813725490196 0.6625816993464052 0.03553921568627451 0.03431372549019608
0 0.4325980392156863 0.7009803921568628 0.031862745098039214 0.042483660130718956
0 0.4338235294117647 0.7622549019607844 0.029411764705882353 0.02777777777777778
0 0.47120098039215685 0.7802287581699346 0.0428921568627451 0.05392156862745098
0 0.4638480392156863 0.6437908496732027 0.030637254901960783 0.0392156862745098
0 0.4699754901960784 0.6895424836601307 0.05514705882352941 0.0392156862745098
0 0.5067401960784313 0.7933006535947713 0.023284313725490197 0.03431372549019608
0 0.5208333333333334 0.6691176470588236 0.04656862745098039 0.05392156862745098
0 0.5998774509803921 0.6919934640522876 0.05269607843137255 0.057189542483660136
0 0.5661764705882353 0.7753267973856209 0.051470588235294115 0.04738562091503268
0 0.6127450980392157 0.7679738562091504 0.03676470588235294 0.03594771241830066
0 0.6531862745098039 0.7058823529411765 0.051470588235294115 0.042483660130718956
0 0.6452205882352942 0.7377450980392157 0.03553921568627451 0.03431372549019608
0 0.6587009803921569 0.7712418300653595 0.028186274509803922 0.0392156862745098
0 0.7218137254901961 0.6315359477124183 0.041666666666666664 0.04411764705882353
0 0.7457107843137255 0.5915032679738562 0.03553921568627451 0.032679738562091505
0 0.7162990196078431 0.6764705882352942 0.0428921568627451 0.05228758169934641
0 0.7340686274509803 0.7238562091503268 0.044117647058823525 0.06209150326797386
0 0.7267156862745098 0.7785947712418301 0.06372549019607843 0.04738562091503268
0 0.7745098039215687 0.7892156862745098 0.03431372549019608 0.032679738562091505
0 0.7738970588235294 0.6928104575163399 0.030637254901960783 0.0392156862745098
0 0.7849264705882353 0.5833333333333334 0.030637254901960783 0.029411764705882353
0 0.8223039215686274 0.5964052287581699 0.041666666666666664 0.05228758169934641
0 0.8578431372549019 0.5808823529411765 0.02696078431372549 0.03104575163398693
0 0.866421568627451 0.6037581699346405 0.024509803921568627 0.03431372549019608
0 0.8645833333333334 0.6299019607843137 0.03553921568627451 0.03104575163398693
0 0.9019607843137255 0.6013071895424836 0.044117647058823525 0.04575163398692811
0 0.7702205882352942 0.6380718954248367 0.028186274509803922 0.02777777777777778
0 0.8020833333333334 0.6397058823529412 0.023284313725490197 0.02777777777777778
0 0.8290441176470588 0.6511437908496732 0.028186274509803922 0.02777777777777778
0 0.8161764705882353 0.6830065359477124 0.03431372549019608 0.032679738562091505
0 0.7886029411764706 0.7377450980392157 0.03308823529411765 0.06045751633986928
0 0.8278186274509803 0.7238562091503268 0.025735294117647058 0.049019607843137254
0 0.8161764705882353 0.7663398692810458 0.051470588235294115 0.042483660130718956
0 0.8094362745098039 0.8031045751633987 0.03799019607843137 0.03431372549019608
0 0.9638480392156863 0.559640522875817 0.0428921568627451 0.05392156862745098
0 0.9540441176470588 0.6045751633986929 0.04044117647058824 0.0392156862745098
0 0.9883578431372549 0.6127450980392157 0.023284313725490197 0.049019607843137254
0 0.9074754901960784 0.6454248366013072 0.0625 0.05228758169934641
0 0.9669117647058824 0.6356209150326798 0.02696078431372549 0.049019607843137254
0 0.8884803921568627 0.8104575163398693 0.044117647058823525 0.032679738562091505
0 0.8829656862745098 0.7655228758169935 0.0625 0.05392156862745098
0 0.8474264705882353 0.7875816993464052 0.020833333333333332 0.03594771241830066
0 0.9442401960784313 0.7916666666666667 0.05024509803921569 0.04411764705882353
0 0.9319852941176471 0.7459150326797386 0.05024509803921569 0.05065359477124183
0 0.9681372549019608 0.7140522875816994 0.0392156862745098 0.06535947712418301
0 0.9552696078431372 0.8251633986928105 0.03553921568627451 0.03594771241830066
0 0.9803921568627451 0.7614379084967321 0.03431372549019608 0.032679738562091505
0 0.991421568627451 0.8202614379084967 0.01715686274509804 0.026143790849673203
0 0.9822303921568627 0.8055555555555556 0.01838235294117647 0.022875816993464054
0 0.28125 0.9509803921568628 0.03553921568627451 0.029411764705882353
0 0.3014705882352941 0.9624183006535948 0.02696078431372549 0.0196078431372549
0 0.3480392156862745 0.9517973856209151 0.05392156862745098 0.04411764705882353
0 0.33026960784313725 0.9836601307189543 0.030637254901960783 0.0196078431372549
0 0.37745098039215685 0.982843137254902 0.03676470588235294 0.03431372549019608
0 0.3903186274509804 0.9362745098039216 0.01838235294117647 0.029411764705882353
0 0.40870098039215685 0.9460784313725491 0.028186274509803922 0.0196078431372549
0 0.602328431372549 0.9060457516339869 0.03553921568627451 0.03758169934640523
0 0.6390931372549019 0.9027777777777778 0.030637254901960783 0.03104575163398693
0 0.6256127450980392 0.9746732026143791 0.030637254901960783 0.021241830065359478
0 0.7530637254901961 0.9599673202614379 0.030637254901960783 0.024509803921568627
0 0.8014705882352942 0.9468954248366014 0.041666666666666664 0.02777777777777778
0 0.8382352941176471 0.940359477124183 0.031862745098039214 0.02777777777777778
0 0.5055147058823529 0.9501633986928105 0.028186274509803922 0.01797385620915033
0 0.5294117647058824 0.7851307189542484 0.022058823529411763 0.03104575163398693
0 0.8566176470588235 0.6887254901960784 0.02696078431372549 0.03431372549019608
0 0.9031862745098039 0.6895424836601307 0.031862745098039214 0.029411764705882353
0 0.6948529411764706 0.7173202614379085 0.031862745098039214 0.029411764705882353
0 0.522671568627451 0.7124183006535948 0.04044117647058824 0.029411764705882353
0 0.5447303921568627 0.6895424836601307 0.030637254901960783 0.022875816993464054
0 0.38112745098039214 0.7540849673202614 0.022058823529411763 0.021241830065359478
0 0.34068627450980393 0.9199346405228759 0.05392156862745098 0.049019607843137254
0 0.7530637254901961 0.6715686274509804 0.028186274509803922 0.026143790849673203
0 0.9295343137254902 0.7099673202614379 0.030637254901960783 0.021241830065359478
0 0.9454656862745098 0.673202614379085 0.03308823529411765 0.032679738562091505
0 0.9816176470588235 0.6576797385620915 0.031862745098039214 0.03104575163398693
0 0.8492647058823529 0.7516339869281046 0.01715686274509804 0.026143790849673203
