0 0.0821078431372549 0.9060457516339869 0.022058823529411763 0.03104575163398693
0 0.21384803921568626 0.7777777777777778 0.025735294117647058 0.0392156862745098
0 0.2610294117647059 0.829248366013072 0.03676470588235294 0.03758169934640523
0 0.28308823529411764 0.8063725490196079 0.022058823529411763 0.021241830065359478
0 0.3125 0.7965686274509804 0.024509803921568627 0.02777777777777778
0 0.30269607843137253 0.8178104575163399 0.024509803921568627 0.021241830065359478
0 0.32169117647058826 0.8284313725490197 0.025735294117647058 0.026143790849673203
0 0.29473039215686275 0.8472222222222222 0.03308823529411765 0.03104575163398693
0 0.3075980392156863 0.8733660130718954 0.031862745098039214 0.03104575163398693
0 0.3174019607843137 0.8905228758169935 0.0196078431372549 0.032679738562091505
0 0.33455882352941174 0.8970588235294118 0.024509803921568627 0.029411764705882353
0 0.3486519607843137 0.8611111111111112 0.030637254901960783 0.026143790849673203
0 0.35355392156862747 0.8839869281045752 0.028186274509803922 0.026143790849673203
0 0.37254901960784315 0.9019607843137255 0.02696078431372549 0.022875816993464054
0 0.383578431372549 0.8799019607843137 0.029411764705882353 0.02777777777777778
0 0.3786764705882353 0.8553921568627452 0.031862745098039214 0.024509803921568627
0 0.40379901960784315 0.8480392156862745 0.028186274509803922 0.042483660130718956
0 0.4332107843137255 0.8349673202614379 0.028186274509803922 0.029411764705882353
0 0.4375 0.8668300653594772 0.041666666666666664 0.04411764705882353
0 0.4644607843137255 0.7900326797385621 0.0196078431372549 0.02777777777777778
0 0.5790441176470588 0.7794117647058824 0.03553921568627451 0.032679738562091505
0 0.5569852941176471 0.7965686274509804 0.03308823529411765 0.02777777777777778
0 0.5686274509803921 0.815359477124183 0.024509803921568627 0.022875816993464054
0 0.5814950980392157 0.7973856209150327 0.015931372549019607 0.016339869281045753
0 0.5845588235294118 0.8169934640522876 0.012254901960784314 0.022875816993464054
0 0.6102941176470588 0.8047385620915033 0.04656862745098039 0.04411764705882353
0 0.6072303921568627 0.8488562091503268 0.01838235294117647 0.03104575163398693
0 0.6299019607843137 0.8382352941176471 0.022058823529411763 0.0196078431372549
0 0.6262254901960784 0.8602941176470589 0.024509803921568627 0.021241830065359478
0 0.6525735294117647 0.8496732026143791 0.03553921568627451 0.03594771241830066
0 0.5196078431372549 0.8643790849673203 0.02696078431372549 0.026143790849673203
0 0.5490196078431373 0.8733660130718954 0.031862745098039214 0.03431372549019608
0 0.5716911764705882 0.8848039215686275 0.023284313725490197 0.021241830065359478
0 0.5214460784313726 0.8946078431372549 0.03553921568627451 0.03104575163398693
0 0.5496323529411765 0.9060457516339869 0.03553921568627451 0.02777777777777778
0 0.5263480392156863 0.9248366013071896 0.023284313725490197 0.022875816993464054
0 0.548406862745098 0.934640522875817 0.020833333333333332 0.0196078431372549
0 0.5569852941176471 0.9240196078431373 0.01838235294117647 0.014705882352941176
0 0.47058823529411764 0.9509803921568628 0.024509803921568627 0.026143790849673203
0 0.49816176470588236 0.9444444444444444 0.023284313725490197 0.0196078431372549
0 0.48713235294117646 0.9705882352941176 0.04044117647058824 0.032679738562091505
0 0.5030637254901961 0.9910130718954249 0.020833333333333332 0.01797385620915033
0 0.5153186274509803 0.9754901960784313 0.015931372549019607 0.026143790849673203
0 0.5422794117647058 0.9714052287581699 0.03553921568627451 0.02777777777777778
0 0.5337009803921569 0.9918300653594772 0.023284313725490197 0.016339869281045753
0 0.553921568627451 0.9534313725490197 0.024509803921568627 0.021241830065359478
0 0.5245098039215687 0.9501633986928105 0.03431372549019608 0.02777777777777778
0 0.5655637254901961 0.9754901960784313 0.015931372549019607 0.0196078431372549
0 0.579656862745098 0.9550653594771242 0.022058823529411763 0.01797385620915033
0 0.5753676470588235 0.994281045751634 0.023284313725490197 0.011437908496732027
0 0.5912990196078431 0.977124183006536 0.03799019607843137 0.029411764705882353
0 0.6060049019607843 0.9558823529411765 0.030637254901960783 0.026143790849673203
0 0.6286764705882353 0.9714052287581699 0.0392156862745098 0.03104575163398693
0 0.6458333333333334 0.9852941176470589 0.022058823529411763 0.022875816993464054
0 0.6017156862745098 0.9354575163398693 0.014705882352941176 0.01797385620915033
0 0.5870098039215687 0.9150326797385622 0.049019607843137254 0.042483660130718956
0 0.6066176470588235 0.8799019607843137 0.029411764705882353 0.03104575163398693
0 0.6299019607843137 0.8905228758169935 0.031862745098039214 0.029411764705882353
0 0.6605392156862745 0.8921568627450981 0.0392156862745098 0.032679738562091505
0 0.6292892156862745 0.9248366013071896 0.0428921568627451 0.0392156862745098
0 0.6397058823529411 0.9460784313725491 0.024509803921568627 0.026143790849673203
0 0.6611519607843137 0.9281045751633987 0.015931372549019607 0.032679738562091505
0 0.6783088235294118 0.9379084967320261 0.015931372549019607 0.022875816993464054
0 0.6868872549019608 0.9166666666666667 0.023284313725490197 0.04575163398692811
0 0.6991421568627451 0.888888888888889 0.020833333333333332 0.0196078431372549
0 0.7107843137254902 0.9125816993464052 0.0196078431372549 0.03431372549019608
0 0.6985294117647058 0.9558823529411765 0.029411764705882353 0.026143790849673203
0 0.7181372549019608 0.9624183006535948 0.024509803921568627 0.032679738562091505
0 0.7401960784313726 0.9558823529411765 0.024509803921568627 0.029411764705882353
0 0.7444852941176471 0.923202614379085 0.04779411764705882 0.0392156862745098
0 0.7653186274509803 0.954248366013072 0.020833333333333332 0.032679738562091505
0 0.7616421568627451 0.9387254901960784 0.013480392156862746 0.014705882352941176
0 0.7738970588235294 0.9681372549019608 0.011029411764705881 0.014705882352941176
0 0.7941176470588235 0.9566993464052288 0.03676470588235294 0.03758169934640523
0 0.7732843137254902 0.9256535947712419 0.014705882352941176 0.024509803921568627
0 0.8253676470588235 0.9395424836601307 0.013480392156862746 0.013071895424836602
0 0.8063725490196079 0.9248366013071896 0.03431372549019608 0.032679738562091505
0 0.7861519607843137 0.9060457516339869 0.020833333333333332 0.021241830065359478
0 0.798406862745098 0.8856209150326798 0.015931372549019607 0.026143790849673203
0 0.7751225490196079 0.8872549019607844 0.025735294117647058 0.022875816993464054
0 0.7843137254901961 0.8700980392156863 0.02696078431372549 0.021241830065359478
0 0.7420343137254902 0.8848039215686275 0.03799019607843137 0.03758169934640523
0 0.7610294117647058 0.8733660130718954 0.012254901960784314 0.021241830065359478
0 0.7604166666666666 0.8562091503267975 0.015931372549019607 0.016339869281045753
0 0.735906862745098 0.8431372549019608 0.020833333333333332 0.0196078431372549
0 0.7549019607843137 0.8366013071895425 0.0196078431372549 0.029411764705882353
0 0.7389705882352942 0.8202614379084967 0.022058823529411763 0.0196078431372549
0 0.7291666666666666 0.7990196078431373 0.0196078431372549 0.029411764705882353
0 0.7475490196078431 0.7875816993464052 0.02696078431372549 0.032679738562091505
0 0.7579656862745098 0.8120915032679739 0.015931372549019607 0.032679738562091505
0 0.7720588235294118 0.8349673202614379 0.0196078431372549 0.042483660130718956
0 0.7867647058823529 0.8169934640522876 0.022058823529411763 0.03594771241830066
0 0.8057598039215687 0.8267973856209151 0.01838235294117647 0.042483660130718956
0 0.8455882352941176 0.8684640522875817 0.022058823529411763 0.024509803921568627
0 0.8590686274509803 0.8602941176470589 0.00980392156862745 0.01797385620915033
0 0.8517156862745098 0.8406862745098039 0.022058823529411763 0.03104575163398693
0 0.8235294117647058 0.8496732026143791 0.03431372549019608 0.03594771241830066
0 0.8382352941176471 0.8284313725490197 0.014705882352941176 0.0196078431372549
0 0.8535539215686274 0.8129084967320261 0.025735294117647058 0.024509803921568627
0 0.8174019607843137 0.7745098039215687 0.029411764705882353 0.029411764705882353
0 0.8198529411764706 0.8022875816993464 0.014705882352941176 0.026143790849673203
0 0.8345588235294118 0.8063725490196079 0.0196078431372549 0.03431372549019608
0 0.8474264705882353 0.7843137254901961 0.020833333333333332 0.032679738562091505
0 0.8014705882352942 0.857843137254902 0.022058823529411763 0.03594771241830066
0 0.8063725490196079 0.8986928104575164 0.0196078431372549 0.016339869281045753
0 0.8321078431372549 0.8970588235294118 0.029411764705882353 0.032679738562091505
0 0.8302696078431372 0.9240196078431373 0.015931372549019607 0.024509803921568627
0 0.6727941176470588 0.9950980392156863 0.02696078431372549 0.00980392156862745
0 0.664828431372549 0.9665032679738562 0.03799019607843137 0.04411764705882353
0 0.6862745098039216 0.9714052287581699 0.0196078431372549 0.01797385620915033
0 0.6924019607843137 0.9950980392156863 0.012254901960784314 0.00980392156862745
0 0.7089460784313726 0.9901960784313726 0.023284313725490197 0.0196078431372549
0 0.7371323529411764 0.9877450980392157 0.030637254901960783 0.024509803921568627
0 0.7622549019607843 0.994281045751634 0.024509803921568627 0.011437908496732027
0 0.772671568627451 0.982843137254902 0.025735294117647058 0.01797385620915033
0 0.7947303921568627 0.9910130718954249 0.020833333333333332 0.014705882352941176
0 0.8082107843137255 0.9910130718954249 0.015931372549019607 0.01797385620915033
0 0.8253676470588235 0.9901960784313726 0.023284313725490197 0.0196078431372549
0 0.8406862745098039 0.9803921568627452 0.0196078431372549 0.022875816993464054
0 0.8780637254901961 0.9052287581699346 0.023284313725490197 0.032679738562091505
0 0.8676470588235294 0.9861111111111112 0.02696078431372549 0.024509803921568627
0 0.8854166666666666 0.9722222222222222 0.015931372549019607 0.0196078431372549
0 0.9001225490196079 0.9803921568627452 0.015931372549019607 0.0196078431372549
0 0.9136029411764706 0.9648692810457516 0.013480392156862746 0.01797385620915033
0 0.8958333333333334 0.9550653594771242 0.0196078431372549 0.02777777777777778
0 0.9001225490196079 0.9011437908496732 0.01838235294117647 0.024509803921568627
0 0.9050245098039216 0.9142156862745099 0.015931372549019607 0.01797385620915033
0 0.9068627450980392 0.9313725490196079 0.0196078431372549 0.016339869281045753
0 0.9424019607843137 0.9779411764705883 0.02696078431372549 0.02777777777777778
0 0.9638480392156863 0.9861111111111112 0.01838235294117647 0.024509803921568627
0 0.9797794117647058 0.9803921568627452 0.015931372549019607 0.0196078431372549
0 0.9669117647058824 0.9616013071895425 0.01715686274509804 0.01797385620915033
0 0.9822303921568627 0.9616013071895425 0.013480392156862746 0.014705882352941176
0 0.9920343137254902 0.9395424836601307 0.015931372549019607 0.029411764705882353
0 0.9816176470588235 0.9264705882352942 0.00980392156862745 0.0196078431372549
0 0.9393382352941176 0.9517973856209151 0.01838235294117647 0.021241830065359478
0 0.9558823529411764 0.948529411764706 0.012254901960784314 0.01797385620915033
0 0.9712009803921569 0.9411764705882353 0.01838235294117647 0.0196078431372549
0 0.9662990196078431 0.9207516339869282 0.025735294117647058 0.021241830065359478
0 0.9240196078431372 0.9354575163398693 0.031862745098039214 0.03104575163398693
0 0.9466911764705882 0.923202614379085 0.013480392156862746 0.029411764705882353
0 0.9528186274509803 0.9068627450980392 0.01838235294117647 0.013071895424836602
0 0.9393382352941176 0.8962418300653595 0.00857843137254902 0.024509803921568627
0 0.9491421568627451 0.8880718954248367 0.013480392156862746 0.01797385620915033
0 0.9405637254901961 0.8709150326797386 0.013480392156862746 0.0196078431372549
0 0.923406862745098 0.875 0.01838235294117647 0.01797385620915033
0 0.9099264705882353 0.880718954248366 0.013480392156862746 0.0196078431372549
0 0.9221813725490196 0.9011437908496732 0.025735294117647058 0.03104575163398693
0 0.9736519607843137 0.8839869281045752 0.03553921568627451 0.03594771241830066
0 0.9613970588235294 0.863562091503268 0.028186274509803922 0.02777777777777778
0 0.9828431372549019 0.8488562091503268 0.014705882352941176 0.021241830065359478
0 0.96875 0.8415032679738562 0.020833333333333332 0.016339869281045753
0 0.9454656862745098 0.8455882352941176 0.025735294117647058 0.024509803921568627
0 0.9246323529411764 0.8382352941176471 0.01838235294117647 0.0196078431372549
0 0.9963235294117647 0.815359477124183 0.007352941176470588 0.026143790849673203
0 0.9840686274509803 0.8267973856209151 0.012254901960784314 0.022875816993464054
0 0.9908088235294118 0.798202614379085 0.01838235294117647 0.021241830065359478
0 0.9779411764705882 0.7875816993464052 0.01715686274509804 0.0196078431372549
0 0.9730392156862745 0.8071895424836601 0.022058823529411763 0.022875816993464054
0 0.9607843137254902 0.8276143790849674 0.022058823529411763 0.021241830065359478
0 0.9509803921568627 0.8112745098039216 0.024509803921568627 0.02777777777777778
0 0.9368872549019608 0.7818627450980392 0.023284313725490197 0.03104575163398693
0 0.9178921568627451 0.8071895424836601 0.02696078431372549 0.029411764705882353
0 0.9001225490196079 0.8513071895424836 0.013480392156862746 0.016339869281045753
0 0.8841911764705882 0.8627450980392157 0.025735294117647058 0.03594771241830066
0 0.8713235294117647 0.8349673202614379 0.0196078431372549 0.026143790849673203
0 0.8995098039215687 0.8276143790849674 0.031862745098039214 0.03104575163398693
0 0.8982843137254902 0.7973856209150327 0.01715686274509804 0.022875816993464054
0 0.875 0.7949346405228759 0.012254901960784314 0.021241830065359478
0 0.8890931372549019 0.7761437908496732 0.015931372549019607 0.0196078431372549
0 0.8676470588235294 0.7704248366013072 0.029411764705882353 0.04084967320261438
