0 0.022058823529411763 0.6013071895424836 0.024509803921568627 0.0392156862745098
0 0.012254901960784314 0.6233660130718954 0.0196078431372549 0.04411764705882353
0 0.025122549019607844 0.6658496732026143 0.028186274509803922 0.04738562091503268
0 0.04105392156862745 0.6429738562091504 0.011029411764705881 0.02777777777777778
0 0.04963235294117647 0.6495098039215687 0.013480392156862746 0.02777777777777778
0 0.05943627450980392 0.673202614379085 0.015931372549019607 0.026143790849673203
0 0.017769607843137254 0.7075163398692811 0.020833333333333332 0.032679738562091505
0 0.06924019607843138 0.732843137254902 0.015931372549019607 0.03758169934640523
0 0.08088235294117647 0.7712418300653595 0.022058823529411763 0.0392156862745098
0 0.09497549019607843 0.8080065359477124 0.015931372549019607 0.03758169934640523
0 0.09191176470588235 0.8415032679738562 0.022058823529411763 0.0392156862745098
0 0.10661764705882353 0.8447712418300654 0.014705882352941176 0.029411764705882353
0 0.0428921568627451 0.7246732026143791 0.01715686274509804 0.024509803921568627
0 0.042279411764705885 0.6936274509803921 0.015931372549019607 0.024509803921568627
0 0.0545343137254902 0.7418300653594772 0.01838235294117647 0.0392156862745098
0 0.06311274509803921 0.6993464052287582 0.013480392156862746 0.026143790849673203
0 0.03982843137254902 0.7434640522875817 0.01838235294117647 0.0392156862745098
0 0.006740196078431373 0.667483660130719 0.011029411764705881 0.03104575163398693
0 0.005514705882352941 0.7017973856209151 0.00857843137254902 0.03431372549019608
0 0.012254901960784314 0.7361111111111112 0.0196078431372549 0.03431372549019608
0 0.009191176470588236 0.7565359477124183 0.015931372549019607 0.042483660130718956
0 0.026348039215686275 0.755718954248366 0.013480392156862746 0.024509803921568627
0 0.04534313725490196 0.7712418300653595 0.02696078431372549 0.03594771241830066
0 0.06740196078431372 0.7883986928104575 0.01715686274509804 0.03104575163398693
0 0.07659313725490197 0.8169934640522876 0.01838235294117647 0.0196078431372549
0 0.03002450980392157 0.7777777777777778 0.015931372549019607 0.029411764705882353
0 0.04718137254901961 0.8080065359477124 0.03308823529411765 0.04084967320261438
0 0.010416666666666666 0.8006535947712419 0.013480392156862746 0.026143790849673203
0 0.028186274509803922 0.8202614379084967 0.02696078431372549 0.05555555555555556
0 0.04840686274509804 0.8447712418300654 0.03799019607843137 0.042483660130718956
0 0.07352941176470588 0.8455882352941176 0.022058823529411763 0.05065359477124183
0 0.04963235294117647 0.8766339869281046 0.04044117647058824 0.03758169934640523
0 0.02144607843137255 0.8455882352941176 0.013480392156862746 0.02777777777777778
0 0.00980392156862745 0.8366013071895425 0.01715686274509804 0.022875816993464054
0 0.00857843137254902 0.857843137254902 0.014705882352941176 0.042483660130718956
0 0.023284313725490197 0.8643790849673203 0.01715686274509804 0.022875816993464054
0 0.034926470588235295 0.8946078431372549 0.01838235294117647 0.01797385620915033
0 0.05269607843137255 0.9101307189542484 0.01715686274509804 0.026143790849673203
0 0.015931372549019607 0.8815359477124183 0.0196078431372549 0.01797385620915033
0 0.06066176470588235 0.9019607843137255 0.015931372549019607 0.022875816993464054
0 0.07291666666666667 0.8970588235294118 0.015931372549019607 0.0196078431372549
0 0.08823529411764705 0.8905228758169935 0.01715686274509804 0.026143790849673203
0 0.10294117647058823 0.9003267973856209 0.01715686274509804 0.032679738562091505
0 0.09375 0.8758169934640523 0.013480392156862746 0.0196078431372549
0 0.08333333333333333 0.9101307189542484 0.0196078431372549 0.016339869281045753
0 0.0900735294117647 0.9313725490196079 0.01838235294117647 0.029411764705882353
0 0.11948529411764705 0.9558823529411765 0.01838235294117647 0.03594771241830066
0 0.13112745098039216 0.9852941176470589 0.0196078431372549 0.029411764705882353
0 0.11764705882352941 0.988562091503268 0.014705882352941176 0.022875816993464054
0 0.10416666666666667 0.9738562091503268 0.024509803921568627 0.042483660130718956
0 0.08700980392156862 0.9861111111111112 0.0196078431372549 0.02777777777777778
0 0.6170343137254902 0.6928104575163399 0.028186274509803922 0.049019607843137254
0 0.5753676470588235 0.696078431372549 0.03553921568627451 0.0392156862745098
0 0.602328431372549 0.7189542483660131 0.023284313725490197 0.022875816993464054
0 0.6372549019607843 0.7312091503267975 0.02696078431372549 0.021241830065359478
0 0.6348039215686274 0.7491830065359477 0.012254901960784314 0.021241830065359478
0 0.6495098039215687 0.7565359477124183 0.022058823529411763 0.03594771241830066
0 0.6881127450980392 0.7565359477124183 0.01838235294117647 0.03594771241830066
0 0.7144607843137255 0.7655228758169935 0.02696078431372549 0.02777777777777778
0 0.7536764705882353 0.7843137254901961 0.02696078431372549 0.03594771241830066
0 0.7064950980392157 0.7867647058823529 0.03308823529411765 0.03104575163398693
0 0.7303921568627451 0.7949346405228759 0.029411764705882353 0.03104575163398693
0 0.6378676470588235 0.7736928104575164 0.025735294117647058 0.03758169934640523
0 0.6611519607843137 0.7834967320261438 0.020833333333333332 0.02777777777777778
0 0.6783088235294118 0.7916666666666667 0.020833333333333332 0.03431372549019608
0 0.6905637254901961 0.809640522875817 0.01838235294117647 0.03104575163398693
0 0.7058823529411764 0.809640522875817 0.012254901960784314 0.02777777777777778
0 0.7365196078431372 0.8145424836601307 0.024509803921568627 0.01797385620915033
0 0.6151960784313726 0.7728758169934641 0.022058823529411763 0.0196078431372549
0 0.642156862745098 0.8014705882352942 0.022058823529411763 0.02777777777777778
0 0.6556372549019608 0.8080065359477124 0.014705882352941176 0.03104575163398693
0 0.59375 0.7753267973856209 0.013480392156862746 0.021241830065359478
0 0.5765931372549019 0.7883986928104575 0.013480392156862746 0.02777777777777778
0 0.5949754901960784 0.8055555555555556 0.03553921568627451 0.04575163398692811
0 0.6213235294117647 0.7990196078431373 0.024509803921568627 0.04575163398692811
0 0.6341911764705882 0.8178104575163399 0.025735294117647058 0.021241830065359478
0 0.5759803921568627 0.8251633986928105 0.02696078431372549 0.026143790849673203
0 0.6004901960784313 0.8406862745098039 0.022058823529411763 0.01797385620915033
0 0.585171568627451 0.8496732026143791 0.020833333333333332 0.03594771241830066
0 0.6188725490196079 0.8570261437908497 0.0196078431372549 0.024509803921568627
0 0.6354166666666666 0.8423202614379085 0.01838235294117647 0.03758169934640523
0 0.6501225490196079 0.8316993464052288 0.01838235294117647 0.032679738562091505
0 0.6660539215686274 0.8316993464052288 0.01838235294117647 0.03594771241830066
0 0.6838235294117647 0.8316993464052288 0.024509803921568627 0.04575163398692811
0 0.7034313725490196 0.8374183006535948 0.01715686274509804 0.03104575163398693
0 0.7401960784313726 0.8398692810457516 0.02696078431372549 0.026143790849673203
0 0.7622549019607843 0.8316993464052288 0.0196078431372549 0.042483660130718956
0 0.7787990196078431 0.8308823529411765 0.020833333333333332 0.03104575163398693
0 0.6378676470588235 0.8668300653594772 0.013480392156862746 0.024509803921568627
0 0.7107843137254902 0.8529411764705883 0.014705882352941176 0.022875816993464054
0 0.7279411764705882 0.857843137254902 0.02696078431372549 0.032679738562091505
0 0.7610294117647058 0.8619281045751634 0.024509803921568627 0.024509803921568627
0 0.7775735294117647 0.8529411764705883 0.015931372549019607 0.026143790849673203
0 0.7910539215686274 0.8488562091503268 0.015931372549019607 0.024509803921568627
0 0.8082107843137255 0.875 0.023284313725490197 0.021241830065359478
0 0.8247549019607843 0.8970588235294118 0.022058823529411763 0.029411764705882353
0 0.6758578431372549 0.8611111111111112 0.025735294117647058 0.029411764705882353
0 0.6936274509803921 0.8553921568627452 0.00980392156862745 0.021241830065359478
0 0.6556372549019608 0.8619281045751634 0.022058823529411763 0.03758169934640523
0 0.673406862745098 0.8823529411764706 0.023284313725490197 0.026143790849673203
0 0.6519607843137255 0.8962418300653595 0.022058823529411763 0.03104575163398693
0 0.7181372549019608 0.875 0.024509803921568627 0.02777777777777778
0 0.7444852941176471 0.8766339869281046 0.013480392156862746 0.03431372549019608
0 0.7591911764705882 0.883169934640523 0.023284313725490197 0.02777777777777778
0 0.7757352941176471 0.880718954248366 0.014705882352941176 0.03594771241830066
0 0.7879901960784313 0.9068627450980392 0.0196078431372549 0.032679738562091505
0 0.8045343137254902 0.9035947712418301 0.023284313725490197 0.029411764705882353
0 0.8253676470588235 0.928921568627451 0.01838235294117647 0.024509803921568627
0 0.8100490196078431 0.9321895424836601 0.022058823529411763 0.02777777777777778
0 0.7953431372549019 0.9362745098039216 0.01715686274509804 0.029411764705882353
0 0.7628676470588235 0.9109477124183006 0.028186274509803922 0.03758169934640523
0 0.7334558823529411 0.8929738562091504 0.023284313725490197 0.024509803921568627
0 0.7083333333333334 0.8986928104575164 0.03431372549019608 0.04575163398692811
0 0.6868872549019608 0.9035947712418301 0.015931372549019607 0.026143790849673203
0 0.6691176470588235 0.9011437908496732 0.01715686274509804 0.024509803921568627
0 0.6611519607843137 0.9150326797385622 0.013480392156862746 0.029411764705882353
0 0.6758578431372549 0.9215686274509804 0.025735294117647058 0.026143790849673203
0 0.704656862745098 0.9264705882352942 0.0196078431372549 0.029411764705882353
0 0.7346813725490196 0.9142156862745099 0.023284313725490197 0.01797385620915033
0 0.7536764705882353 0.9338235294117647 0.024509803921568627 0.03758169934640523
0 0.7806372549019608 0.940359477124183 0.022058823529411763 0.04084967320261438
0 0.8314950980392157 0.9509803921568628 0.03308823529411765 0.026143790849673203
0 0.8602941176470588 0.9656862745098039 0.0196078431372549 0.0196078431372549
0 0.8443627450980392 0.9746732026143791 0.02696078431372549 0.03431372549019608
0 0.8088235294117647 0.948529411764706 0.014705882352941176 0.024509803921568627
0 0.8229166666666666 0.9754901960784313 0.025735294117647058 0.04575163398692811
0 0.7922794117647058 0.9656862745098039 0.028186274509803922 0.022875816993464054
0 0.8020833333333334 0.9844771241830066 0.03308823529411765 0.03104575163398693
0 0.7800245098039216 0.982843137254902 0.028186274509803922 0.03431372549019608
0 0.7689950980392157 0.9550653594771242 0.023284313725490197 0.03431372549019608
0 0.7352941176470588 0.9281045751633987 0.0196078431372549 0.0196078431372549
0 0.7236519607843137 0.9330065359477124 0.015931372549019607 0.029411764705882353
0 0.7236519607843137 0.9566993464052288 0.025735294117647058 0.03104575163398693
0 0.735906862745098 0.9468954248366014 0.015931372549019607 0.024509803921568627
0 0.7034313725490196 0.9493464052287582 0.01715686274509804 0.022875816993464054
0 0.6715686274509803 0.9534313725490197 0.024509803921568627 0.04411764705882353
0 0.6875 0.9550653594771242 0.01715686274509804 0.02777777777777778
0 0.7071078431372549 0.9689542483660131 0.024509803921568627 0.026143790849673203
0 0.7254901960784313 0.9820261437908497 0.01715686274509804 0.029411764705882353
0 0.6917892156862745 0.9746732026143791 0.01838235294117647 0.021241830065359478
0 0.6807598039215687 0.9836601307189543 0.025735294117647058 0.022875816993464054
0 0.6942401960784313 0.9918300653594772 0.01838235294117647 0.016339869281045753
0 0.7095588235294118 0.9893790849673203 0.024509803921568627 0.021241830065359478
0 0.7524509803921569 0.9714052287581699 0.031862745098039214 0.03758169934640523
0 0.3235294117647059 0.2696078431372549 0.022058823529411763 0.022875816993464054
0 0.34191176470588236 0.28104575163398693 0.0196078431372549 0.013071895424836602
0 0.36580882352941174 0.29248366013071897 0.030637254901960783 0.022875816993464054
0 0.38174019607843135 0.31290849673202614 0.015931372549019607 0.021241830065359478
0 0.3700980392156863 0.31290849673202614 0.014705882352941176 0.024509803921568627
0 0.3443627450980392 0.29901960784313725 0.022058823529411763 0.016339869281045753
0 0.32230392156862747 0.3014705882352941 0.01715686274509804 0.02777777777777778
0 0.3333333333333333 0.3178104575163399 0.01715686274509804 0.03431372549019608
0 0.32536764705882354 0.3357843137254902 0.025735294117647058 0.024509803921568627
0 0.3547794117647059 0.3227124183006536 0.020833333333333332 0.01797385620915033
0 0.3480392156862745 0.3357843137254902 0.01715686274509804 0.03104575163398693
0 0.3431372549019608 0.3611111111111111 0.03431372549019608 0.03594771241830066
0 0.37806372549019607 0.33088235294117646 0.011029411764705881 0.024509803921568627
0 0.36580882352941174 0.34558823529411764 0.01838235294117647 0.03758169934640523
0 0.40379901960784315 0.3423202614379085 0.04534313725490196 0.03431372549019608
0 0.43443627450980393 0.34558823529411764 0.015931372549019607 0.03104575163398693
0 0.4466911764705882 0.3684640522875817 0.01838235294117647 0.021241830065359478
0 0.4528186274509804 0.39215686274509803 0.015931372549019607 0.032679738562091505
0 0.47058823529411764 0.4084967320261438 0.014705882352941176 0.026143790849673203
0 0.477328431372549 0.43137254901960786 0.015931372549019607 0.029411764705882353
0 0.4172794117647059 0.37254901960784315 0.013480392156862746 0.029411764705882353
0 0.4025735294117647 0.37254901960784315 0.01838235294117647 0.026143790849673203
0 0.39276960784313725 0.38480392156862747 0.015931372549019607 0.03104575163398693
0 0.3713235294117647 0.38480392156862747 0.03431372549019608 0.05065359477124183
0 0.3388480392156863 0.3823529411764706 0.015931372549019607 0.0196078431372549
0 0.39705882352941174 0.4158496732026144 0.0196078431372549 0.03104575163398693
0 0.4111519607843137 0.39542483660130723 0.025735294117647058 0.0196078431372549
0 0.43566176470588236 0.3880718954248366 0.023284313725490197 0.03104575163398693
0 0.4485294117647059 0.42320261437908496 0.044117647058823525 0.042483660130718956
0 0.46691176470588236 0.4428104575163399 0.01715686274509804 0.016339869281045753
0 0.41605392156862747 0.411764705882353 0.020833333333333332 0.0196078431372549
0 0.4117647058823529 0.42401960784313725 0.01715686274509804 0.02777777777777778
0 0.3854166666666667 0.4338235294117647 0.015931372549019607 0.03431372549019608
0 0.3590686274509804 0.3970588235294118 0.01715686274509804 0.026143790849673203
0 0.3988970588235294 0.4428104575163399 0.015931372549019607 0.032679738562091505
0 0.4166666666666667 0.45016339869281047 0.024509803921568627 0.03104575163398693
0 0.42953431372549017 0.4665032679738562 0.015931372549019607 0.03104575163398693
0 0.4522058823529412 0.45996732026143794 0.01715686274509804 0.03431372549019608
0 0.4675245098039216 0.46486928104575165 0.01838235294117647 0.024509803921568627
0 0.46691176470588236 0.48366013071895425 0.0196078431372549 0.0196078431372549
0 0.45036764705882354 0.4934640522875817 0.015931372549019607 0.032679738562091505
0 0.4325980392156863 0.49264705882352944 0.0196078431372549 0.02777777777777778
0 0.41605392156862747 0.47303921568627455 0.015931372549019607 0.024509803921568627
0 0.3872549019607843 0.46405228758169936 0.01715686274509804 0.022875816993464054
0 0.39828431372549017 0.48447712418300654 0.01715686274509804 0.03104575163398693
0 0.866421568627451 0.9901960784313726 0.00980392156862745 0.016339869281045753
0 0.8792892156862745 0.9910130718954249 0.011029411764705881 0.01797385620915033
0 0.8939950980392156 0.9910130718954249 0.015931372549019607 0.014705882352941176
