0 0.03002450980392157 0.7401960784313726 0.020833333333333332 0.029411764705882353
0 0.2506127450980392 0.5351307189542484 0.028186274509803922 0.03104575163398693
0 0.22732843137254902 0.5433006535947713 0.025735294117647058 0.021241830065359478
0 0.21323529411764705 0.5563725490196079 0.024509803921568627 0.021241830065359478
0 0.22855392156862744 0.5629084967320261 0.023284313725490197 0.024509803921568627
0 0.25919117647058826 0.5686274509803921 0.030637254901960783 0.026143790849673203
0 0.2689950980392157 0.542483660130719 0.023284313725490197 0.022875816993464054
0 0.27941176470588236 0.5555555555555556 0.022058823529411763 0.0196078431372549
0 0.28799019607843135 0.5743464052287582 0.024509803921568627 0.024509803921568627
0 0.3008578431372549 0.6045751633986929 0.04534313725490196 0.029411764705882353
0 0.31066176470588236 0.5841503267973857 0.023284313725490197 0.021241830065359478
0 0.33578431372549017 0.5890522875816994 0.03676470588235294 0.024509803921568627
0 0.35784313725490197 0.5514705882352942 0.03431372549019608 0.02777777777777778
0 0.3645833333333333 0.5718954248366013 0.030637254901960783 0.022875816993464054
0 0.3394607843137255 0.571078431372549 0.02696078431372549 0.024509803921568627
0 0.36703431372549017 0.5898692810457516 0.023284313725490197 0.0196078431372549
0 0.3952205882352941 0.5874183006535948 0.028186274509803922 0.02777777777777778
0 0.4111519607843137 0.5759803921568628 0.023284313725490197 0.01797385620915033
0 0.4325980392156863 0.5776143790849674 0.01715686274509804 0.03104575163398693
0 0.4497549019607843 0.5857843137254902 0.022058823529411763 0.04084967320261438
0 0.42401960784313725 0.6037581699346405 0.03431372549019608 0.02777777777777778
0 0.3762254901960784 0.6037581699346405 0.024509803921568627 0.021241830065359478
0 0.35355392156862747 0.6070261437908497 0.023284313725490197 0.024509803921568627
0 0.32965686274509803 0.6086601307189543 0.024509803921568627 0.021241830065359478
0 0.3131127450980392 0.6290849673202614 0.03308823529411765 0.026143790849673203
0 0.33517156862745096 0.6274509803921569 0.023284313725490197 0.0196078431372549
0 0.3547794117647059 0.6331699346405228 0.01838235294117647 0.02777777777777778
0 0.3394607843137255 0.6462418300653595 0.029411764705882353 0.024509803921568627
0 0.3425245098039216 0.6633986928104575 0.025735294117647058 0.022875816993464054
0 0.3602941176470588 0.6593137254901961 0.022058823529411763 0.02777777777777778
0 0.37316176470588236 0.6552287581699346 0.020833333333333332 0.026143790849673203
0 0.37745098039215685 0.6315359477124183 0.03431372549019608 0.03431372549019608
0 0.3939950980392157 0.6143790849673203 0.028186274509803922 0.022875816993464054
0 0.41605392156862747 0.6266339869281046 0.030637254901960783 0.024509803921568627
0 0.40012254901960786 0.6356209150326798 0.01838235294117647 0.0196078431372549
0 0.4172794117647059 0.6560457516339869 0.04044117647058824 0.03431372549019608
0 0.43995098039215685 0.6495098039215687 0.029411764705882353 0.02777777777777778
0 0.4497549019607843 0.6356209150326798 0.031862745098039214 0.029411764705882353
0 0.4466911764705882 0.6102941176470589 0.020833333333333332 0.024509803921568627
0 0.4840686274509804 0.6053921568627452 0.058823529411764705 0.04738562091503268
0 0.4834558823529412 0.6544117647058824 0.05514705882352941 0.04411764705882353
0 0.4491421568627451 0.6805555555555556 0.03308823529411765 0.04084967320261438
0 0.4675245098039216 0.6797385620915033 0.025735294117647058 0.026143790849673203
0 0.49080882352941174 0.6813725490196079 0.030637254901960783 0.0196078431372549
0 0.5110294117647058 0.6715686274509804 0.022058823529411763 0.029411764705882353
0 0.4166666666666667 0.6838235294117647 0.03676470588235294 0.03104575163398693
0 0.38909313725490197 0.6544117647058824 0.023284313725490197 0.03104575163398693
0 0.37806372549019607 0.7026143790849674 0.05514705882352941 0.04575163398692811
0 0.4307598039215686 0.704248366013072 0.030637254901960783 0.022875816993464054
0 0.4227941176470588 0.7238562091503268 0.022058823529411763 0.0196078431372549
0 0.5165441176470588 0.6952614379084967 0.025735294117647058 0.021241830065359478
0 0.4767156862745098 0.696078431372549 0.02696078431372549 0.022875816993464054
0 0.4632352941176471 0.7107843137254902 0.02696078431372549 0.022875816993464054
0 0.44485294117647056 0.7197712418300654 0.024509803921568627 0.024509803921568627
0 0.3125 0.7189542483660131 0.04656862745098039 0.03594771241830066
0 0.27941176470588236 0.7352941176470589 0.02696078431372549 0.022875816993464054
0 0.33394607843137253 0.7475490196078431 0.05024509803921569 0.03758169934640523
0 0.35110294117647056 0.7303921568627452 0.020833333333333332 0.0196078431372549
0 0.3743872549019608 0.7483660130718954 0.04044117647058824 0.032679738562091505
0 0.40441176470588236 0.7549019607843137 0.022058823529411763 0.0196078431372549
0 0.38909313725490197 0.7671568627450981 0.028186274509803922 0.021241830065359478
0 0.41911764705882354 0.7736928104575164 0.0392156862745098 0.02777777777777778
0 0.42769607843137253 0.7933006535947713 0.03431372549019608 0.021241830065359478
0 0.27205882352941174 0.755718954248366 0.02696078431372549 0.024509803921568627
0 0.28125 0.7728758169934641 0.028186274509803922 0.026143790849673203
0 0.2977941176470588 0.7581699346405228 0.0392156862745098 0.032679738562091505
0 0.2512254901960784 0.7728758169934641 0.029411764705882353 0.022875816993464054
0 0.33026960784313725 0.7826797385620915 0.03308823529411765 0.026143790849673203
0 0.34191176470588236 0.7696078431372549 0.029411764705882353 0.0196078431372549
0 0.3645833333333333 0.7826797385620915 0.03799019607843137 0.029411764705882353
0 0.3988970588235294 0.792483660130719 0.023284313725490197 0.0196078431372549
0 0.4638480392156863 0.7867647058823529 0.04779411764705882 0.05065359477124183
0 0.48713235294117646 0.7475490196078431 0.04534313725490196 0.03431372549019608
0 0.4987745098039216 0.7058823529411765 0.024509803921568627 0.0196078431372549
0 0.522671568627451 0.7132352941176471 0.025735294117647058 0.01797385620915033
0 0.5337009803921569 0.6805555555555556 0.025735294117647058 0.021241830065359478
0 0.5386029411764706 0.698529411764706 0.025735294117647058 0.021241830065359478
0 0.5612745098039216 0.6797385620915033 0.03431372549019608 0.032679738562091505
0 0.5612745098039216 0.7017973856209151 0.029411764705882353 0.01797385620915033
0 0.5753676470588235 0.7181372549019608 0.03799019607843137 0.02777777777777778
0 0.5465686274509803 0.7165032679738562 0.029411764705882353 0.021241830065359478
0 0.553921568627451 0.7352941176470589 0.0392156862745098 0.029411764705882353
0 0.5281862745098039 0.7287581699346406 0.02696078431372549 0.0196078431372549
0 0.5269607843137255 0.7532679738562091 0.0392156862745098 0.029411764705882353
0 0.477328431372549 0.7663398692810458 0.03799019607843137 0.022875816993464054
0 0.5042892156862745 0.7883986928104575 0.0428921568627451 0.03431372549019608
0 0.5343137254901961 0.7883986928104575 0.031862745098039214 0.024509803921568627
0 0.5177696078431373 0.8088235294117647 0.04779411764705882 0.03594771241830066
0 0.5643382352941176 0.8169934640522876 0.0428921568627451 0.032679738562091505
0 0.5692401960784313 0.7785947712418301 0.025735294117647058 0.021241830065359478
0 0.5729166666666666 0.7949346405228759 0.028186274509803922 0.021241830065359478
0 0.602328431372549 0.8055555555555556 0.05759803921568627 0.04575163398692811
0 0.5974264705882353 0.6805555555555556 0.04779411764705882 0.04738562091503268
0 0.678921568627451 0.579248366013072 0.029411764705882353 0.024509803921568627
0 0.7028186274509803 0.5816993464052288 0.028186274509803922 0.026143790849673203
0 0.7144607843137255 0.5988562091503268 0.029411764705882353 0.02777777777777778
0 0.6979166666666666 0.6086601307189543 0.028186274509803922 0.03104575163398693
0 0.7285539215686274 0.6111111111111112 0.03553921568627451 0.026143790849673203
0 0.6611519607843137 0.6127450980392157 0.025735294117647058 0.0196078431372549
0 0.6801470588235294 0.6160130718954249 0.022058823529411763 0.0196078431372549
0 0.6654411764705882 0.638888888888889 0.02696078431372549 0.03594771241830066
0 0.6905637254901961 0.6535947712418301 0.0428921568627451 0.05555555555555556
0 0.7334558823529411 0.6380718954248367 0.03799019607843137 0.03758169934640523
0 0.7248774509803921 0.6576797385620915 0.020833333333333332 0.01797385620915033
0 0.7469362745098039 0.673202614379085 0.030637254901960783 0.03594771241830066
0 0.7677696078431372 0.673202614379085 0.030637254901960783 0.0392156862745098
0 0.6317401960784313 0.6601307189542484 0.025735294117647058 0.029411764705882353
0 0.6550245098039216 0.6633986928104575 0.030637254901960783 0.022875816993464054
0 0.6507352941176471 0.6805555555555556 0.022058823529411763 0.01797385620915033
0 0.6200980392156863 0.696078431372549 0.022058823529411763 0.026143790849673203
0 0.5992647058823529 0.7107843137254902 0.02696078431372549 0.026143790849673203
0 0.5827205882352942 0.7467320261437909 0.03308823529411765 0.029411764705882353
0 0.6096813725490196 0.7263071895424836 0.023284313725490197 0.024509803921568627
0 0.6035539215686274 0.7598039215686275 0.03553921568627451 0.0392156862745098
0 0.6292892156862745 0.7630718954248367 0.0428921568627451 0.03594771241830066
0 0.6329656862745098 0.7843137254901961 0.030637254901960783 0.03594771241830066
0 0.6636029411764706 0.8259803921568628 0.028186274509803922 0.02777777777777778
0 0.6488970588235294 0.8055555555555556 0.05024509803921569 0.0392156862745098
0 0.6697303921568627 0.684640522875817 0.015931372549019607 0.022875816993464054
0 0.6268382352941176 0.7140522875816994 0.023284313725490197 0.0196078431372549
0 0.6531862745098039 0.7091503267973857 0.051470588235294115 0.04575163398692811
0 0.6678921568627451 0.7467320261437909 0.051470588235294115 0.04575163398692811
0 0.6678921568627451 0.7834967320261438 0.03676470588235294 0.03104575163398693
0 0.6470588235294118 0.8382352941176471 0.02696078431372549 0.0196078431372549
0 0.7126225490196079 0.6699346405228759 0.023284313725490197 0.029411764705882353
0 0.7034313725490196 0.6830065359477124 0.01715686274509804 0.022875816993464054
0 0.696078431372549 0.6993464052287582 0.029411764705882353 0.032679738562091505
0 0.6893382352941176 0.7197712418300654 0.028186274509803922 0.02777777777777778
0 0.7340686274509803 0.6870915032679739 0.031862745098039214 0.02777777777777778
0 0.7156862745098039 0.6977124183006537 0.024509803921568627 0.0196078431372549
0 0.7610294117647058 0.7124183006535948 0.02696078431372549 0.03594771241830066
0 0.7800245098039216 0.6968954248366013 0.030637254901960783 0.024509803921568627
0 0.8125 0.6707516339869282 0.024509803921568627 0.021241830065359478
0 0.821078431372549 0.7091503267973857 0.051470588235294115 0.05555555555555556
0 0.7935049019607843 0.7263071895424836 0.04534313725490196 0.04738562091503268
0 0.7340686274509803 0.7132352941176471 0.02696078431372549 0.021241830065359478
0 0.7175245098039216 0.7181372549019608 0.020833333333333332 0.024509803921568627
0 0.7107843137254902 0.7377450980392157 0.029411764705882353 0.03104575163398693
0 0.7322303921568627 0.7377450980392157 0.023284313725490197 0.02777777777777778
0 0.735906862745098 0.7687908496732027 0.04534313725490196 0.04084967320261438
0 0.7757352941176471 0.7549019607843137 0.04656862745098039 0.03594771241830066
0 0.6985294117647058 0.7549019607843137 0.022058823529411763 0.0196078431372549
0 0.7064950980392157 0.7810457516339869 0.03799019607843137 0.032679738562091505
0 0.7236519607843137 0.8063725490196079 0.028186274509803922 0.024509803921568627
0 0.7058823529411764 0.8145424836601307 0.01715686274509804 0.03104575163398693
0 0.6954656862745098 0.8382352941176471 0.028186274509803922 0.032679738562091505
0 0.7212009803921569 0.8284313725490197 0.028186274509803922 0.022875816993464054
0 0.7248774509803921 0.8439542483660131 0.025735294117647058 0.021241830065359478
0 0.7738970588235294 0.7834967320261438 0.030637254901960783 0.024509803921568627
0 0.8014705882352942 0.7785947712418301 0.02696078431372549 0.024509803921568627
0 0.7475490196078431 0.7900326797385621 0.029411764705882353 0.021241830065359478
0 0.7622549019607843 0.8014705882352942 0.02696078431372549 0.021241830065359478
0 0.7420343137254902 0.8104575163398693 0.023284313725490197 0.022875816993464054
0 0.7512254901960784 0.8276143790849674 0.0392156862745098 0.02777777777777778
0 0.7506127450980392 0.8488562091503268 0.028186274509803922 0.024509803921568627
0 0.7714460784313726 0.8488562091503268 0.025735294117647058 0.024509803921568627
0 0.7781862745098039 0.8349673202614379 0.02696078431372549 0.0196078431372549
0 0.78125 0.8137254901960784 0.03799019607843137 0.032679738562091505
0 0.9846813725490196 0.5874183006535948 0.01838235294117647 0.03104575163398693
0 0.9650735294117647 0.5849673202614379 0.025735294117647058 0.0196078431372549
0 0.9375 0.5931372549019608 0.03431372549019608 0.029411764705882353
0 0.9129901960784313 0.5964052287581699 0.024509803921568627 0.022875816993464054
0 0.9699754901960784 0.6070261437908497 0.03799019607843137 0.03104575163398693
0 0.9920343137254902 0.6176470588235294 0.015931372549019607 0.026143790849673203
0 0.9644607843137255 0.6323529411764706 0.051470588235294115 0.042483660130718956
0 0.9368872549019608 0.6184640522875817 0.025735294117647058 0.024509803921568627
0 0.8780637254901961 0.6225490196078431 0.028186274509803922 0.026143790849673203
0 0.8645833333333334 0.6413398692810458 0.025735294117647058 0.021241830065359478
0 0.9031862745098039 0.6266339869281046 0.04656862745098039 0.04738562091503268
0 0.9436274509803921 0.6593137254901961 0.049019607843137254 0.04738562091503268
0 0.9816176470588235 0.6658496732026143 0.02696078431372549 0.03104575163398693
0 0.9712009803921569 0.6830065359477124 0.020833333333333332 0.0196078431372549
0 0.866421568627451 0.6625816993464052 0.029411764705882353 0.024509803921568627
0 0.8964460784313726 0.6633986928104575 0.04044117647058824 0.05228758169934641
0 0.9307598039215687 0.6928104575163399 0.028186274509803922 0.026143790849673203
0 0.9031862745098039 0.7050653594771242 0.024509803921568627 0.03431372549019608
0 0.8498774509803921 0.6683006535947713 0.020833333333333332 0.0196078431372549
0 0.8345588235294118 0.6781045751633987 0.02696078431372549 0.03594771241830066
0 0.8725490196078431 0.6952614379084967 0.049019607843137254 0.04084967320261438
0 0.8639705882352942 0.7303921568627452 0.03431372549019608 0.032679738562091505
0 0.8878676470588235 0.7222222222222222 0.01838235294117647 0.022875816993464054
0 0.8627450980392157 0.7581699346405228 0.031862745098039214 0.029411764705882353
0 0.8737745098039216 0.7834967320261438 0.031862745098039214 0.03104575163398693
0 0.8982843137254902 0.7810457516339869 0.02696078431372549 0.026143790849673203
0 0.8216911764705882 0.7091503267973857 0.05024509803921569 0.049019607843137254
0 0.8443627450980392 0.7589869281045751 0.014705882352941176 0.03104575163398693
0 0.8235294117647058 0.7753267973856209 0.022058823529411763 0.021241830065359478
0 0.8290441176470588 0.8071895424836601 0.04779411764705882 0.042483660130718956
0 0.7977941176470588 0.8390522875816994 0.024509803921568627 0.02777777777777778
0 0.821078431372549 0.8553921568627452 0.02696078431372549 0.021241830065359478
0 0.8462009803921569 0.8349673202614379 0.028186274509803922 0.022875816993464054
0 0.860906862745098 0.829248366013072 0.023284313725490197 0.024509803921568627
0 0.8480392156862745 0.7834967320261438 0.022058823529411763 0.02777777777777778
0 0.8854166666666666 0.8112745098039216 0.028186274509803922 0.024509803921568627
0 0.9080882352941176 0.8145424836601307 0.022058823529411763 0.02777777777777778
0 0.8933823529411764 0.8308823529411765 0.024509803921568627 0.021241830065359478
0 0.9828431372549019 0.8504901960784313 0.03431372549019608 0.03431372549019608
0 0.9325980392156863 0.9754901960784313 0.04656862745098039 0.049019607843137254
0 0.9791666666666666 0.982843137254902 0.02696078431372549 0.024509803921568627
0 0.8382352941176471 0.9852941176470589 0.044117647058823525 0.029411764705882353
0 0.8314950980392157 0.9673202614379085 0.023284313725490197 0.026143790849673203
0 0.803921568627451 0.9705882352941176 0.044117647058823525 0.032679738562091505
0 0.7549019607843137 0.9714052287581699 0.056372549019607844 0.05065359477124183
0 0.7334558823529411 0.9501633986928105 0.020833333333333332 0.021241830065359478
0 0.6917892156862745 0.9223856209150327 0.03308823529411765 0.02777777777777778
0 0.7169117647058824 0.9493464052287582 0.01715686274509804 0.026143790849673203
0 0.7077205882352942 0.982843137254902 0.023284313725490197 0.021241830065359478
0 0.6887254901960784 0.9673202614379085 0.051470588235294115 0.04575163398692811
0 0.6568627450980392 0.9714052287581699 0.022058823529411763 0.03431372549019608
0 0.6317401960784313 0.9632352941176471 0.025735294117647058 0.03104575163398693
0 0.6078431372549019 0.9607843137254902 0.031862745098039214 0.026143790849673203
0 0.6090686274509803 0.9379084967320261 0.029411764705882353 0.026143790849673203
0 0.5741421568627451 0.9354575163398693 0.030637254901960783 0.02777777777777778
0 0.5765931372549019 0.954248366013072 0.03553921568627451 0.029411764705882353
0 0.5894607843137255 0.9722222222222222 0.029411764705882353 0.022875816993464054
0 0.5490196078431373 0.9558823529411765 0.029411764705882353 0.029411764705882353
0 0.5183823529411765 0.9681372549019608 0.024509803921568627 0.024509803921568627
