0 0.34375 0.09967320261437909 0.03308823529411765 0.029411764705882353
0 0.34129901960784315 0.4428104575163399 0.03308823529411765 0.0392156862745098
0 0.579656862745098 0.6666666666666667 0.029411764705882353 0.04575163398692811
0 0.7181372549019608 0.7704248366013072 0.02696078431372549 0.04411764705882353
0 0.7806372549019608 0.9656862745098039 0.03431372549019608 0.042483660130718956
0 0.23713235294117646 0.2957516339869281 0.028186274509803922 0.05228758169934641
0 0.2579656862745098 0.36356209150326796 0.03308823529411765 0.024509803921568627
0 0.24877450980392157 0.428921568627451 0.03431372549019608 0.03431372549019608
0 0.21629901960784315 0.36764705882352944 0.028186274509803922 0.029411764705882353
0 0.22426470588235295 0.3978758169934641 0.029411764705882353 0.024509803921568627
0 0.2113970588235294 0.4305555555555556 0.04044117647058824 0.04084967320261438
0 0.18137254901960784 0.3831699346405229 0.031862745098039214 0.02777777777777778
0 0.1642156862745098 0.3643790849673203 0.024509803921568627 0.022875816993464054
0 0.1764705882352941 0.3415032679738562 0.022058823529411763 0.022875816993464054
0 0.1403186274509804 0.3496732026143791 0.028186274509803922 0.029411764705882353
0 0.18933823529411764 0.2679738562091503 0.028186274509803922 0.029411764705882353
0 0.15134803921568626 0.2973856209150327 0.04534313725490196 0.06862745098039216
0 0.11948529411764705 0.3137254901960784 0.023284313725490197 0.032679738562091505
0 0.1053921568627451 0.2720588235294118 0.02696078431372549 0.05392156862745098
0 0.11764705882352941 0.014705882352941176 0.022058823529411763 0.022875816993464054
0 0.08639705882352941 0.04493464052287582 0.03308823529411765 0.03431372549019608
0 0.056372549019607844 0.07434640522875817 0.03431372549019608 0.04084967320261438
0 0.07720588235294118 0.09395424836601307 0.024509803921568627 0.021241830065359478
0 0.06066176470588235 0.11437908496732027 0.03308823529411765 0.032679738562091505
0 0.08333333333333333 0.125 0.022058823529411763 0.03758169934640523
0 0.09987745098039215 0.08169934640522876 0.03553921568627451 0.042483660130718956
0 0.13725490196078433 0.08169934640522876 0.03431372549019608 0.0392156862745098
0 0.15196078431372548 0.11274509803921569 0.024509803921568627 0.029411764705882353
0 0.10355392156862744 0.11111111111111112 0.030637254901960783 0.0392156862745098
0 0.12683823529411764 0.12826797385620917 0.03553921568627451 0.04411764705882353
0 0.15073529411764705 0.16666666666666669 0.056372549019607844 0.04575163398692811
0 0.1605392156862745 0.2034313725490196 0.02696078431372549 0.04411764705882353
0 0.015318627450980392 0.1503267973856209 0.028186274509803922 0.032679738562091505
0 0.03431372549019608 0.15441176470588236 0.022058823529411763 0.04084967320261438
0 0.06433823529411764 0.16584967320261437 0.028186274509803922 0.03431372549019608
0 0.08517156862745098 0.15604575163398693 0.020833333333333332 0.03431372549019608
0 0.1090686274509804 0.1593137254901961 0.02696078431372549 0.02777777777777778
0 0.09313725490196079 0.1895424836601307 0.022058823529411763 0.032679738562091505
0 0.12438725490196079 0.22303921568627452 0.05269607843137255 0.04084967320261438
0 0.03982843137254902 0.21895424836601307 0.0428921568627451 0.03594771241830066
0 0.07352941176470588 0.24591503267973858 0.02696078431372549 0.06045751633986928
0 0.049019607843137254 0.2508169934640523 0.022058823529411763 0.03104575163398693
0 0.0392156862745098 0.26715686274509803 0.031862745098039214 0.024509803921568627
0 0.08884803921568628 0.011437908496732027 0.025735294117647058 0.0196078431372549
0 0.05269607843137255 0.011437908496732027 0.03676470588235294 0.0196078431372549
0 0.1875 0.3055555555555556 0.0392156862745098 0.049019607843137254
0 0.1017156862745098 0.34395424836601307 0.014705882352941176 0.04411764705882353
0 0.07659313725490197 0.36601307189542487 0.030637254901960783 0.022875816993464054
0 0.09987745098039215 0.3831699346405229 0.03553921568627451 0.02777777777777778
0 0.03676470588235294 0.37826797385620914 0.03431372549019608 0.021241830065359478
0 0.05024509803921569 0.3570261437908497 0.03431372549019608 0.014705882352941176
0 0.03676470588235294 0.33496732026143794 0.0196078431372549 0.022875816993464054
0 0.06740196078431372 0.3088235294117647 0.061274509803921566 0.058823529411764705
0 0.0392156862745098 0.5049019607843137 0.024509803921568627 0.05228758169934641
0 0.017769607843137254 0.31209150326797386 0.025735294117647058 0.022875816993464054
0 0.012254901960784314 0.33333333333333337 0.022058823529411763 0.022875816993464054
0 0.014093137254901961 0.2826797385620915 0.025735294117647058 0.0392156862745098
0 0.007352941176470588 0.24754901960784315 0.012254901960784314 0.02777777777777778
0 0.005514705882352941 0.411764705882353 0.00857843137254902 0.022875816993464054
0 0.015318627450980392 0.352124183006536 0.028186274509803922 0.014705882352941176
0 0.28125 0.5506535947712419 0.03553921568627451 0.032679738562091505
0 0.2506127450980392 0.5620915032679739 0.03308823529411765 0.032679738562091505
0 0.29473039215686275 0.5776143790849674 0.023284313725490197 0.03104575163398693
0 0.3125 0.5931372549019608 0.01715686274509804 0.03594771241830066
0 0.2702205882352941 0.5898692810457516 0.023284313725490197 0.04575163398692811
0 0.28799019607843135 0.6119281045751634 0.031862745098039214 0.03431372549019608
0 0.32659313725490197 0.6168300653594772 0.01838235294117647 0.04411764705882353
0 0.3492647058823529 0.6339869281045751 0.02696078431372549 0.03594771241830066
0 0.21997549019607843 0.5964052287581699 0.03308823529411765 0.032679738562091505
0 0.26776960784313725 0.638888888888889 0.013480392156862746 0.03594771241830066
0 0.24816176470588236 0.6168300653594772 0.030637254901960783 0.03431372549019608
0 0.2340686274509804 0.6290849673202614 0.02696078431372549 0.032679738562091505
0 0.24387254901960784 0.6544117647058824 0.02696078431372549 0.03431372549019608
0 0.27144607843137253 0.6723856209150327 0.028186274509803922 0.03104575163398693
0 0.19730392156862744 0.6217320261437909 0.029411764705882353 0.02777777777777778
0 0.16482843137254902 0.6021241830065359 0.028186274509803922 0.06699346405228758
0 0.13725490196078433 0.625 0.01715686274509804 0.04411764705882353
0 0.16237745098039216 0.6544117647058824 0.03799019607843137 0.03431372549019608
0 0.21446078431372548 0.6691176470588236 0.041666666666666664 0.04738562091503268
0 0.06066176470588235 0.5571895424836601 0.06740196078431372 0.058823529411764705
0 0.02267156862745098 0.5841503267973857 0.025735294117647058 0.03758169934640523
0 0.09375 0.6127450980392157 0.06985294117647059 0.058823529411764705
0 0.026348039215686275 0.6315359477124183 0.05024509803921569 0.05392156862745098
0 0.06678921568627451 0.6437908496732027 0.025735294117647058 0.029411764705882353
0 0.09436274509803921 0.6527777777777778 0.024509803921568627 0.03104575163398693
0 0.01715686274509804 0.6944444444444444 0.031862745098039214 0.026143790849673203
0 0.029411764705882353 0.7214052287581699 0.056372549019607844 0.03758169934640523
0 0.07904411764705882 0.7165032679738562 0.025735294117647058 0.04411764705882353
0 0.06004901960784314 0.6862745098039216 0.06862745098039216 0.05228758169934641
0 0.13174019607843138 0.6821895424836601 0.06495098039215687 0.06372549019607843
0 0.020833333333333332 0.763888888888889 0.0392156862745098 0.04411764705882353
0 0.058823529411764705 0.7573529411764706 0.044117647058823525 0.05392156862745098
0 0.09865196078431372 0.7434640522875817 0.025735294117647058 0.03594771241830066
0 0.09252450980392157 0.7794117647058824 0.023284313725490197 0.0392156862745098
0 0.12683823529411764 0.7450980392156863 0.03553921568627451 0.03594771241830066
0 0.13480392156862744 0.7663398692810458 0.03431372549019608 0.022875816993464054
0 0.13970588235294118 0.798202614379085 0.0196078431372549 0.04411764705882353
0 0.11519607843137254 0.8186274509803921 0.031862745098039214 0.0392156862745098
0 0.1642156862745098 0.7802287581699346 0.024509803921568627 0.02777777777777778
0 0.18627450980392157 0.7655228758169935 0.01715686274509804 0.04084967320261438
0 0.16605392156862744 0.7230392156862745 0.05269607843137255 0.04411764705882353
0 0.2193627450980392 0.7132352941176471 0.061274509803921566 0.06372549019607843
0 0.2346813725490196 0.7614379084967321 0.025735294117647058 0.04575163398692811
0 0.3235294117647059 0.8251633986928105 0.0392156862745098 0.032679738562091505
0 0.27328431372549017 0.7687908496732027 0.024509803921568627 0.03104575163398693
0 0.2689950980392157 0.7361111111111112 0.03308823529411765 0.03758169934640523
0 0.2708333333333333 0.704248366013072 0.02696078431372549 0.032679738562091505
0 0.3002450980392157 0.7091503267973857 0.03431372549019608 0.03594771241830066
0 0.29840686274509803 0.7352941176470589 0.025735294117647058 0.022875816993464054
0 0.3321078431372549 0.6936274509803921 0.029411764705882353 0.024509803921568627
0 0.33026960784313725 0.7173202614379085 0.028186274509803922 0.032679738562091505
0 0.3235294117647059 0.7459150326797386 0.024509803921568627 0.021241830065359478
0 0.3474264705882353 0.738562091503268 0.025735294117647058 0.032679738562091505
0 0.36213235294117646 0.7165032679738562 0.03308823529411765 0.03431372549019608
0 0.36151960784313725 0.6781045751633987 0.029411764705882353 0.032679738562091505
0 0.3088235294117647 0.6609477124183006 0.07107843137254902 0.05392156862745098
0 0.383578431372549 0.7475490196078431 0.022058823529411763 0.04738562091503268
0 0.4025735294117647 0.6911764705882353 0.0428921568627451 0.03594771241830066
0 0.4074754901960784 0.7205882352941176 0.03308823529411765 0.029411764705882353
0 0.41605392156862747 0.755718954248366 0.0428921568627451 0.04411764705882353
0 0.4466911764705882 0.7107843137254902 0.04044117647058824 0.0392156862745098
0 0.13112745098039216 0.25653594771241833 0.03676470588235294 0.03594771241830066
0 0.042279411764705885 0.17973856209150327 0.020833333333333332 0.03594771241830066
