0 0.22794117647058823 0.09477124183006536 0.014705882352941176 0.026143790849673203
0 0.20955882352941177 0.09640522875816994 0.014705882352941176 0.0196078431372549
0 0.24387254901960784 0.10294117647058824 0.02696078431372549 0.029411764705882353
0 0.22120098039215685 0.11356209150326797 0.020833333333333332 0.021241830065359478
0 0.2230392156862745 0.1315359477124183 0.022058823529411763 0.021241830065359478
0 0.26286764705882354 0.12663398692810457 0.04779411764705882 0.03758169934640523
0 0.23039215686274508 0.15114379084967322 0.0196078431372549 0.014705882352941176
0 0.27941176470588236 0.07516339869281045 0.02696078431372549 0.016339869281045753
0 0.25735294117647056 0.15441176470588236 0.024509803921568627 0.021241830065359478
0 0.27879901960784315 0.15849673202614378 0.020833333333333332 0.029411764705882353
0 0.27512254901960786 0.1781045751633987 0.023284313725490197 0.029411764705882353
0 0.2965686274509804 0.1454248366013072 0.02696078431372549 0.022875816993464054
0 0.2916666666666667 0.12336601307189543 0.01715686274509804 0.024509803921568627
0 0.30637254901960786 0.12009803921568628 0.022058823529411763 0.01797385620915033
0 0.3118872549019608 0.08006535947712419 0.023284313725490197 0.022875816993464054
0 0.34620098039215685 0.08496732026143791 0.04044117647058824 0.029411764705882353
0 0.3639705882352941 0.10620915032679738 0.041666666666666664 0.032679738562091505
0 0.3069852941176471 0.10375816993464053 0.020833333333333332 0.01797385620915033
0 0.3547794117647059 0.1388888888888889 0.03799019607843137 0.032679738562091505
0 0.383578431372549 0.12990196078431374 0.02696078431372549 0.04084967320261438
0 0.38235294117647056 0.16258169934640523 0.029411764705882353 0.05065359477124183
0 0.3541666666666667 0.16911764705882354 0.03431372549019608 0.04738562091503268
0 0.3137254901960784 0.14787581699346405 0.014705882352941176 0.024509803921568627
0 0.31924019607843135 0.1593137254901961 0.020833333333333332 0.02777777777777778
0 0.2977941176470588 0.16748366013071897 0.0196078431372549 0.021241830065359478
0 0.30453431372549017 0.18790849673202614 0.03799019607843137 0.03594771241830066
0 0.33026960784313725 0.11683006535947713 0.020833333333333332 0.04411764705882353
0 0.3799019607843137 0.06454248366013073 0.024509803921568627 0.01797385620915033
0 0.36580882352941174 0.06944444444444445 0.023284313725490197 0.01797385620915033
0 0.39276960784313725 0.07679738562091504 0.023284313725490197 0.016339869281045753
0 0.4142156862745098 0.08986928104575163 0.03431372549019608 0.049019607843137254
0 0.4540441176470588 0.07679738562091504 0.04534313725490196 0.0392156862745098
0 0.46078431372549017 0.10212418300653595 0.041666666666666664 0.03758169934640523
0 0.46078431372549017 0.1323529411764706 0.02696078431372549 0.042483660130718956
0 0.4264705882352941 0.1568627450980392 0.029411764705882353 0.05555555555555556
0 0.4105392156862745 0.18300653594771243 0.03431372549019608 0.05555555555555556
0 0.4534313725490196 0.17238562091503268 0.031862745098039214 0.057189542483660136
0 0.4417892156862745 0.1968954248366013 0.020833333333333332 0.02777777777777778
0 0.4583333333333333 0.21486928104575165 0.029411764705882353 0.03431372549019608
0 0.4803921568627451 0.05473856209150327 0.0196078431372549 0.014705882352941176
0 0.5030637254901961 0.06045751633986928 0.01838235294117647 0.016339869281045753
0 0.5294117647058824 0.05800653594771242 0.0196078431372549 0.01797385620915033
0 0.5490196078431373 0.059640522875817 0.022058823529411763 0.02777777777777778
0 0.5698529411764706 0.06944444444444445 0.031862745098039214 0.02777777777777778
0 0.5962009803921569 0.05473856209150327 0.028186274509803922 0.02777777777777778
0 0.5986519607843137 0.07352941176470588 0.030637254901960783 0.022875816993464054
0 0.6133578431372549 0.06045751633986928 0.015931372549019607 0.022875816993464054
0 0.5441176470588235 0.08741830065359478 0.041666666666666664 0.03104575163398693
0 0.5637254901960784 0.11519607843137256 0.044117647058823525 0.04411764705882353
0 0.5177696078431373 0.10212418300653595 0.0428921568627451 0.03431372549019608
0 0.4730392156862745 0.12009803921568628 0.0196078431372549 0.024509803921568627
0 0.49019607843137253 0.125 0.029411764705882353 0.04411764705882353
0 0.5116421568627451 0.13480392156862744 0.03553921568627451 0.03431372549019608
0 0.47855392156862747 0.1503267973856209 0.015931372549019607 0.022875816993464054
0 0.49816176470588236 0.16830065359477125 0.04779411764705882 0.0392156862745098
0 0.48651960784313725 0.20669934640522877 0.02696078431372549 0.024509803921568627
0 0.47549019607843135 0.1919934640522876 0.014705882352941176 0.02777777777777778
0 0.5202205882352942 0.18790849673202614 0.01838235294117647 0.029411764705882353
0 0.5067401960784313 0.20016339869281047 0.01838235294117647 0.024509803921568627
0 0.5275735294117647 0.2042483660130719 0.023284313725490197 0.026143790849673203
0 0.5073529411764706 0.22222222222222224 0.022058823529411763 0.0196078431372549
0 0.6060049019607843 0.11111111111111112 0.04779411764705882 0.0392156862745098
0 0.6409313725490196 0.06209150326797386 0.03676470588235294 0.029411764705882353
0 0.6642156862745098 0.05228758169934641 0.02696078431372549 0.022875816993464054
0 0.6936274509803921 0.05800653594771242 0.022058823529411763 0.014705882352941176
0 0.7212009803921569 0.07026143790849673 0.028186274509803922 0.022875816993464054
0 0.6678921568627451 0.08006535947712419 0.01715686274509804 0.022875816993464054
0 0.6697303921568627 0.06454248366013073 0.023284313725490197 0.014705882352941176
0 0.6868872549019608 0.09967320261437909 0.03799019607843137 0.03594771241830066
0 0.7113970588235294 0.08986928104575163 0.01838235294117647 0.0196078431372549
0 0.6415441176470588 0.0857843137254902 0.03553921568627451 0.02777777777777778
0 0.6446078431372549 0.10702614379084968 0.0196078431372549 0.021241830065359478
0 0.6268382352941176 0.09722222222222222 0.01838235294117647 0.024509803921568627
0 0.6587009803921569 0.11846405228758171 0.025735294117647058 0.03431372549019608
0 0.6256127450980392 0.14133986928104575 0.023284313725490197 0.02777777777777778
0 0.5949754901960784 0.1315359477124183 0.020833333333333332 0.01797385620915033
0 0.6078431372549019 0.14950980392156862 0.0196078431372549 0.01797385620915033
0 0.5790441176470588 0.14297385620915032 0.023284313725490197 0.01797385620915033
0 0.5876225490196079 0.1593137254901961 0.023284313725490197 0.02777777777777778
0 0.5496323529411765 0.12745098039215685 0.023284313725490197 0.03594771241830066
0 0.5386029411764706 0.14215686274509803 0.023284313725490197 0.03594771241830066
0 0.5306372549019608 0.16339869281045752 0.029411764705882353 0.0392156862745098
0 0.5520833333333334 0.16339869281045752 0.020833333333333332 0.0196078431372549
0 0.5680147058823529 0.15441176470588236 0.023284313725490197 0.01797385620915033
0 0.5680147058823529 0.17565359477124184 0.025735294117647058 0.024509803921568627
0 0.5551470588235294 0.19526143790849673 0.01715686274509804 0.03104575163398693
0 0.7555147058823529 0.25 0.05024509803921569 0.042483660130718956
0 0.8854166666666666 0.04656862745098039 0.01838235294117647 0.021241830065359478
0 0.9099264705882353 0.04656862745098039 0.020833333333333332 0.01797385620915033
0 0.9344362745098039 0.026143790849673203 0.025735294117647058 0.016339869281045753
0 0.9675245098039216 0.03676470588235294 0.03308823529411765 0.03104575163398693
0 0.9877450980392156 0.06535947712418301 0.024509803921568627 0.032679738562091505
0 0.9356617647058824 0.04656862745098039 0.025735294117647058 0.021241830065359478
0 0.954656862745098 0.05310457516339869 0.024509803921568627 0.021241830065359478
0 0.9577205882352942 0.08169934640522876 0.0428921568627451 0.032679738562091505
0 0.9828431372549019 0.09477124183006536 0.03431372549019608 0.03594771241830066
0 0.9540441176470588 0.11274509803921569 0.03308823529411765 0.03594771241830066
0 0.9742647058823529 0.12173202614379085 0.022058823529411763 0.021241830065359478
0 0.9920343137254902 0.12581699346405228 0.015931372549019607 0.029411764705882353
0 0.9748774509803921 0.1380718954248366 0.03308823529411765 0.02777777777777778
0 0.9001225490196079 0.06209150326797386 0.025735294117647058 0.022875816993464054
0 0.9203431372549019 0.0727124183006536 0.0392156862745098 0.03431372549019608
0 0.9178921568627451 0.10375816993464053 0.04656862745098039 0.03758169934640523
0 0.8866421568627451 0.10049019607843138 0.028186274509803922 0.03758169934640523
0 0.8946078431372549 0.13398692810457516 0.051470588235294115 0.0392156862745098
0 0.8590686274509803 0.12581699346405228 0.022058823529411763 0.022875816993464054
0 0.8553921568627451 0.15114379084967322 0.02696078431372549 0.021241830065359478
0 0.8786764705882353 0.1576797385620915 0.024509803921568627 0.021241830065359478
0 0.9338235294117647 0.13398692810457516 0.024509803921568627 0.022875816993464054
0 0.954656862745098 0.1380718954248366 0.01715686274509804 0.024509803921568627
0 0.9681372549019608 0.1568627450980392 0.0196078431372549 0.0196078431372549
0 0.9938725490196079 0.4803921568627451 0.012254901960784314 0.029411764705882353
0 0.991421568627451 0.5196078431372549 0.01715686274509804 0.042483660130718956
0 0.9736519607843137 0.5245098039215687 0.023284313725490197 0.029411764705882353
0 0.9705882352941176 0.5604575163398693 0.03431372549019608 0.049019607843137254
0 0.9901960784313726 0.5580065359477124 0.0196078431372549 0.04084967320261438
0 0.9834558823529411 0.6004901960784313 0.03308823529411765 0.03431372549019608
0 0.9846813725490196 0.6241830065359477 0.025735294117647058 0.026143790849673203
