0 0.8253676470588235 0.022058823529411766 0.03308823529411765 0.03431372549019608
0 0.8682598039215687 0.042483660130718956 0.028186274509803922 0.049019607843137254
0 0.9515931372549019 0.05065359477124183 0.020833333333333332 0.03594771241830066
0 0.9748774509803921 0.04166666666666667 0.023284313725490197 0.06045751633986928
0 0.9031862745098039 0.03349673202614379 0.0196078431372549 0.03104575163398693
0 0.9166666666666666 0.03839869281045752 0.024509803921568627 0.03758169934640523
0 0.9258578431372549 0.06290849673202614 0.03308823529411765 0.03758169934640523
0 0.9283088235294118 0.11846405228758171 0.03799019607843137 0.08986928104575163
0 0.8290441176470588 0.09395424836601307 0.04044117647058824 0.08006535947712419
0 0.8167892156862745 0.16993464052287582 0.04534313725490196 0.0784313725490196
0 0.8376225490196079 0.19444444444444445 0.020833333333333332 0.029411764705882353
0 0.8498774509803921 0.16339869281045752 0.020833333333333332 0.04575163398692811
0 0.8174019607843137 0.24591503267973858 0.0392156862745098 0.07679738562091504
0 0.8805147058823529 0.06944444444444445 0.023284313725490197 0.04411764705882353
0 0.8082107843137255 0.04575163398692811 0.023284313725490197 0.029411764705882353
0 0.8553921568627451 0.07026143790849673 0.024509803921568627 0.03594771241830066
0 0.8841911764705882 0.11764705882352941 0.01838235294117647 0.029411764705882353
0 0.9540441176470588 0.11111111111111112 0.025735294117647058 0.0392156862745098
0 0.9852941176470588 0.11601307189542484 0.0196078431372549 0.049019607843137254
0 0.9626225490196079 0.14869281045751634 0.023284313725490197 0.026143790849673203
0 0.8909313725490196 0.1707516339869281 0.041666666666666664 0.07679738562091504
0 0.8658088235294118 0.19771241830065361 0.01838235294117647 0.032679738562091505
0 0.9191176470588235 0.22303921568627452 0.0196078431372549 0.03431372549019608
0 0.9019607843137255 0.244281045751634 0.022058823529411763 0.04411764705882353
0 0.96875 0.24183006535947713 0.03308823529411765 0.08823529411764706
0 0.9724264705882353 0.28594771241830064 0.025735294117647058 0.05555555555555556
0 0.9178921568627451 0.19362745098039216 0.0196078431372549 0.024509803921568627
0 0.9405637254901961 0.2450980392156863 0.030637254901960783 0.0784313725490196
0 0.8700980392156863 0.22222222222222224 0.031862745098039214 0.026143790849673203
0 0.8449754901960784 0.03839869281045752 0.025735294117647058 0.02777777777777778
0 0.9405637254901961 0.013071895424836602 0.028186274509803922 0.022875816993464054
0 0.9375 0.040032679738562095 0.01715686274509804 0.03758169934640523
0 0.90625 0.06454248366013073 0.020833333333333332 0.04084967320261438
0 0.8725490196078431 0.33986928104575165 0.02696078431372549 0.049019607843137254
0 0.9221813725490196 0.4215686274509804 0.028186274509803922 0.029411764705882353
0 0.9295343137254902 0.4550653594771242 0.023284313725490197 0.04084967320261438
0 0.9454656862745098 0.4754901960784314 0.020833333333333332 0.05228758169934641
0 0.9558823529411764 0.4795751633986928 0.01715686274509804 0.04738562091503268
0 0.9338235294117647 0.5024509803921569 0.014705882352941176 0.04084967320261438
0 0.9522058823529411 0.5236928104575164 0.014705882352941176 0.03431372549019608
0 0.8897058823529411 0.45996732026143794 0.024509803921568627 0.04411764705882353
0 0.7205882352941176 0.2712418300653595 0.024509803921568627 0.042483660130718956
0 0.6911764705882353 0.2679738562091503 0.03676470588235294 0.0784313725490196
0 0.6715686274509803 0.3284313725490196 0.0196078431372549 0.04575163398692811
0 0.6917892156862745 0.3513071895424837 0.025735294117647058 0.06209150326797386
0 0.6678921568627451 0.3684640522875817 0.022058823529411763 0.03104575163398693
0 0.6813725490196079 0.40931372549019607 0.02696078431372549 0.06372549019607843
0 0.7009803921568627 0.4019607843137255 0.0196078431372549 0.04575163398692811
0 0.6519607843137255 0.4207516339869281 0.03431372549019608 0.08333333333333334
0 0.7009803921568627 0.43790849673202614 0.024509803921568627 0.03594771241830066
0 0.6838235294117647 0.46977124183006536 0.029411764705882353 0.03104575163398693
0 0.7794117647058824 0.4166666666666667 0.058823529411764705 0.049019607843137254
0 0.7928921568627451 0.44526143790849676 0.031862745098039214 0.02777777777777778
0 0.7665441176470588 0.45016339869281047 0.020833333333333332 0.03758169934640523
0 0.7787990196078431 0.4991830065359477 0.04044117647058824 0.09313725490196079
0 0.6078431372549019 0.4991830065359477 0.04656862745098039 0.06372549019607843
0 0.6397058823529411 0.513888888888889 0.024509803921568627 0.04738562091503268
0 0.6409313725490196 0.5490196078431373 0.0196078431372549 0.0392156862745098
0 0.6145833333333334 0.5612745098039216 0.03553921568627451 0.07026143790849673
0 0.5876225490196079 0.5604575163398693 0.028186274509803922 0.058823529411764705
0 0.9669117647058824 0.3480392156862745 0.0196078431372549 0.032679738562091505
0 0.6170343137254902 0.6470588235294118 0.03799019607843137 0.08496732026143791
0 0.5845588235294118 0.619281045751634 0.041666666666666664 0.06535947712418301
0 0.6899509803921569 0.6601307189542484 0.024509803921568627 0.049019607843137254
0 0.6703431372549019 0.7091503267973857 0.024509803921568627 0.049019607843137254
0 0.6029411764705882 0.7009803921568628 0.051470588235294115 0.058823529411764705
0 0.6237745098039216 0.7565359477124183 0.0392156862745098 0.08823529411764706
0 0.5882352941176471 0.763888888888889 0.0392156862745098 0.08333333333333334
0 0.5625 0.7598039215686275 0.0196078431372549 0.03594771241830066
0 0.5459558823529411 0.7949346405228759 0.020833333333333332 0.04411764705882353
0 0.6286764705882353 0.8267973856209151 0.022058823529411763 0.049019607843137254
0 0.5974264705882353 0.8570261437908497 0.030637254901960783 0.08333333333333334
0 0.616421568627451 0.8496732026143791 0.024509803921568627 0.042483660130718956
0 0.6329656862745098 0.8872549019607844 0.020833333333333332 0.0392156862745098
0 0.5778186274509803 0.8913398692810458 0.020833333333333332 0.05392156862745098
0 0.5925245098039216 0.9379084967320261 0.03799019607843137 0.08496732026143791
0 0.6366421568627451 0.9566993464052288 0.03553921568627451 0.08333333333333334
0 0.5741421568627451 0.9852941176470589 0.030637254901960783 0.029411764705882353
0 0.6084558823529411 0.9787581699346406 0.03308823529411765 0.042483660130718956
0 0.5447303921568627 0.9125816993464052 0.020833333333333332 0.04411764705882353
0 0.5631127450980392 0.9060457516339869 0.023284313725490197 0.05392156862745098
0 0.6556372549019608 0.7189542483660131 0.022058823529411763 0.042483660130718956
0 0.6899509803921569 0.9779411764705883 0.02696078431372549 0.04411764705882353
0 0.7095588235294118 0.9313725490196079 0.0392156862745098 0.10130718954248366
0 0.8002450980392157 0.5326797385620915 0.022058823529411763 0.049019607843137254
0 0.8394607843137255 0.5089869281045751 0.031862745098039214 0.04738562091503268
0 0.8939950980392156 0.542483660130719 0.028186274509803922 0.032679738562091505
0 0.8799019607843137 0.5212418300653595 0.03676470588235294 0.049019607843137254
0 0.9283088235294118 0.5310457516339869 0.01838235294117647 0.0392156862745098
0 0.8186274509803921 0.5490196078431373 0.031862745098039214 0.0392156862745098
0 0.8259803921568627 0.5767973856209151 0.03676470588235294 0.0392156862745098
0 0.7922794117647058 0.5727124183006536 0.05024509803921569 0.06699346405228758
0 0.7591911764705882 0.5955882352941176 0.03553921568627451 0.08333333333333334
0 0.8474264705882353 0.6282679738562091 0.04534313725490196 0.07352941176470588
0 0.8057598039215687 0.6462418300653595 0.04044117647058824 0.08333333333333334
0 0.7628676470588235 0.6593137254901961 0.023284313725490197 0.05392156862745098
0 0.7769607843137255 0.6715686274509804 0.024509803921568627 0.05555555555555556
0 0.7977941176470588 0.7181372549019608 0.04656862745098039 0.08006535947712419
0 0.7610294117647058 0.7083333333333334 0.029411764705882353 0.057189542483660136
0 0.7849264705882353 0.7565359477124183 0.028186274509803922 0.032679738562091505
0 0.8125 0.7998366013071896 0.02696078431372549 0.06372549019607843
0 0.7677696078431372 0.8259803921568628 0.023284313725490197 0.06045751633986928
0 0.8253676470588235 0.8480392156862745 0.023284313725490197 0.05228758169934641
0 0.7965686274509803 0.9101307189542484 0.044117647058823525 0.08169934640522876
0 0.8602941176470588 0.8398692810457516 0.044117647058823525 0.0784313725490196
0 0.8284313725490196 0.9812091503267975 0.0196078431372549 0.03758169934640523
0 0.8504901960784313 0.9068627450980392 0.0196078431372549 0.04575163398692811
0 0.8841911764705882 0.9150326797385622 0.03308823529411765 0.05228758169934641
0 0.8670343137254902 0.9305555555555556 0.020833333333333332 0.03758169934640523
0 0.9031862745098039 0.9697712418300654 0.022058823529411763 0.04738562091503268
0 0.9368872549019608 0.5923202614379085 0.025735294117647058 0.08006535947712419
0 0.9221813725490196 0.6993464052287582 0.028186274509803922 0.08496732026143791
0 0.9454656862745098 0.7066993464052288 0.023284313725490197 0.04084967320261438
0 0.8897058823529411 0.6462418300653595 0.03431372549019608 0.04738562091503268
0 0.8927696078431372 0.7034313725490197 0.03308823529411765 0.08006535947712419
0 0.9129901960784313 0.7785947712418301 0.029411764705882353 0.08333333333333334
0 0.8774509803921569 0.755718954248366 0.01715686274509804 0.04084967320261438
0 0.8958333333333334 0.8251633986928105 0.029411764705882353 0.07516339869281045
0 0.9068627450980392 0.875 0.014705882352941176 0.03758169934640523
0 0.8946078431372549 0.8823529411764706 0.0196078431372549 0.049019607843137254
0 0.18504901960784315 0.07352941176470588 0.0392156862745098 0.08169934640522876
0 0.2702205882352941 0.03758169934640523 0.01838235294117647 0.0392156862745098
0 0.1948529411764706 0.18137254901960784 0.02696078431372549 0.0392156862745098
0 0.15318627450980393 0.19035947712418302 0.024509803921568627 0.05065359477124183
0 0.22426470588235295 0.23937908496732027 0.029411764705882353 0.03431372549019608
0 0.12254901960784313 0.2622549019607843 0.02696078431372549 0.04738562091503268
0 0.28370098039215685 0.30228758169934644 0.023284313725490197 0.042483660130718956
0 0.28370098039215685 0.4068627450980392 0.023284313725490197 0.05555555555555556
0 0.34191176470588236 0.4665032679738562 0.0196078431372549 0.04084967320261438
0 0.33455882352941174 0.1911764705882353 0.022058823529411763 0.03594771241830066
0 0.30330882352941174 0.1968954248366013 0.025735294117647058 0.04738562091503268
0 0.32230392156862747 0.21650326797385622 0.024509803921568627 0.06372549019607843
0 0.3449754901960784 0.5098039215686274 0.020833333333333332 0.03594771241830066
0 0.3167892156862745 0.5375816993464052 0.028186274509803922 0.042483660130718956
0 0.34987745098039214 0.6184640522875817 0.015931372549019607 0.03758169934640523
0 0.2935049019607843 0.6233660130718954 0.013480392156862746 0.024509803921568627
0 0.29044117647058826 0.673202614379085 0.0196078431372549 0.04575163398692811
0 0.3866421568627451 0.9240196078431373 0.025735294117647058 0.04084967320261438
0 0.35784313725490197 0.8823529411764706 0.014705882352941176 0.029411764705882353
0 0.3400735294117647 0.9526143790849674 0.020833333333333332 0.04575163398692811
0 0.32169117647058826 0.9493464052287582 0.020833333333333332 0.0392156862745098
0 0.29473039215686275 0.9583333333333334 0.020833333333333332 0.03758169934640523
0 0.2512254901960784 0.940359477124183 0.02696078431372549 0.06045751633986928
