0 0.9325980392156863 0.2630718954248366 0.022058823529411763 0.0392156862745098
0 0.9381127450980392 0.32679738562091504 0.03799019607843137 0.03594771241830066
0 0.9074754901960784 0.2965686274509804 0.03308823529411765 0.02777777777777778
0 0.9564950980392156 0.5571895424836601 0.05514705882352941 0.05228758169934641
0 0.7996323529411764 0.4477124183006536 0.028186274509803922 0.026143790849673203
0 0.7536764705882353 0.4869281045751634 0.044117647058823525 0.04575163398692811
0 0.892156862745098 0.6070261437908497 0.029411764705882353 0.02777777777777778
0 0.9350490196078431 0.638888888888889 0.04656862745098039 0.049019607843137254
0 0.9613970588235294 0.6584967320261438 0.025735294117647058 0.026143790849673203
0 0.9834558823529411 0.6470588235294118 0.030637254901960783 0.0392156862745098
0 0.9779411764705882 0.7083333333333334 0.02696078431372549 0.03104575163398693
0 0.18259803921568626 0.22875816993464054 0.029411764705882353 0.026143790849673203
0 0.24816176470588236 0.25 0.025735294117647058 0.026143790849673203
0 0.15441176470588236 0.22303921568627452 0.02696078431372549 0.02777777777777778
0 0.025122549019607844 0.25326797385620914 0.03553921568627451 0.03594771241830066
0 0.07169117647058823 0.26143790849673204 0.028186274509803922 0.03594771241830066
0 0.09620098039215687 0.2712418300653595 0.028186274509803922 0.0392156862745098
0 0.05759803921568627 0.2908496732026144 0.024509803921568627 0.026143790849673203
0 0.13051470588235295 0.3031045751633987 0.028186274509803922 0.03104575163398693
0 0.044730392156862746 0.3374183006535948 0.025735294117647058 0.02777777777777778
0 0.016544117647058824 0.33905228758169936 0.020833333333333332 0.024509803921568627
0 0.022058823529411763 0.3758169934640523 0.024509803921568627 0.026143790849673203
0 0.21752450980392157 0.3415032679738562 0.025735294117647058 0.026143790849673203
0 0.27267156862745096 0.33333333333333337 0.028186274509803922 0.026143790849673203
0 0.2536764705882353 0.3684640522875817 0.029411764705882353 0.02777777777777778
0 0.044730392156862746 0.45179738562091504 0.0428921568627451 0.05065359477124183
0 0.042279411764705885 0.5065359477124183 0.030637254901960783 0.026143790849673203
0 0.015318627450980392 0.5114379084967321 0.028186274509803922 0.04575163398692811
0 0.04840686274509804 0.5343137254901961 0.030637254901960783 0.022875816993464054
0 0.08088235294117647 0.5433006535947713 0.022058823529411763 0.04084967320261438
0 0.1875 0.42401960784313725 0.02696078431372549 0.02777777777777778
0 0.22855392156862744 0.43300653594771243 0.05269607843137255 0.049019607843137254
0 0.16605392156862744 0.47385620915032683 0.030637254901960783 0.03594771241830066
0 0.20955882352941177 0.46895424836601307 0.0196078431372549 0.022875816993464054
0 0.2267156862745098 0.4754901960784314 0.024509803921568627 0.026143790849673203
0 0.25612745098039214 0.4746732026143791 0.029411764705882353 0.024509803921568627
0 0.23284313725490197 0.49673202614379086 0.024509803921568627 0.022875816993464054
0 0.28799019607843135 0.41911764705882354 0.02696078431372549 0.02777777777777778
0 0.29105392156862747 0.39542483660130723 0.028186274509803922 0.029411764705882353
0 0.3474264705882353 0.40441176470588236 0.03553921568627451 0.03431372549019608
0 0.3333333333333333 0.428921568627451 0.031862745098039214 0.03758169934640523
0 0.31004901960784315 0.45179738562091504 0.029411764705882353 0.03431372549019608
0 0.14215686274509803 0.513888888888889 0.01715686274509804 0.03431372549019608
0 0.16115196078431374 0.5253267973856209 0.025735294117647058 0.04084967320261438
0 0.15012254901960784 0.5514705882352942 0.025735294117647058 0.024509803921568627
0 0.4007352941176471 0.44607843137254904 0.03676470588235294 0.026143790849673203
0 0.36151960784313725 0.4624183006535948 0.024509803921568627 0.032679738562091505
0 0.3333333333333333 0.4795751633986928 0.024509803921568627 0.04411764705882353
0 0.3137254901960784 0.4746732026143791 0.024509803921568627 0.024509803921568627
0 0.3082107843137255 0.49754901960784315 0.023284313725490197 0.024509803921568627
0 0.28860294117647056 0.5089869281045751 0.03553921568627451 0.04084967320261438
0 0.36090686274509803 0.5008169934640523 0.023284313725490197 0.024509803921568627
0 0.34681372549019607 0.5277777777777778 0.029411764705882353 0.06535947712418301
0 0.38174019607843135 0.5416666666666666 0.04534313725490196 0.04411764705882353
0 0.4056372549019608 0.5661764705882353 0.031862745098039214 0.02777777777777778
0 0.32230392156862747 0.5236928104575164 0.02696078431372549 0.02777777777777778
0 0.3167892156862745 0.5506535947712419 0.025735294117647058 0.0392156862745098
0 0.3314950980392157 0.5759803921568628 0.015931372549019607 0.03431372549019608
0 0.3590686274509804 0.6004901960784313 0.041666666666666664 0.05065359477124183
0 0.3529411764705882 0.6299019607843137 0.02696078431372549 0.024509803921568627
0 0.2965686274509804 0.5604575163398693 0.014705882352941176 0.029411764705882353
0 0.3088235294117647 0.5890522875816994 0.03431372549019608 0.03758169934640523
0 0.3167892156862745 0.5506535947712419 0.030637254901960783 0.03594771241830066
0 0.33026960784313725 0.625 0.023284313725490197 0.03431372549019608
0 0.3057598039215686 0.6323529411764706 0.028186274509803922 0.032679738562091505
0 0.2267156862745098 0.559640522875817 0.02696078431372549 0.03104575163398693
0 0.22794117647058823 0.5906862745098039 0.02696078431372549 0.02777777777777778
0 0.2261029411764706 0.6233660130718954 0.025735294117647058 0.02777777777777778
0 0.17401960784313725 0.5849673202614379 0.02696078431372549 0.022875816993464054
0 0.030637254901960783 0.5645424836601307 0.049019607843137254 0.05392156862745098
0 0.06495098039215687 0.5866013071895425 0.024509803921568627 0.022875816993464054
0 0.09865196078431372 0.5678104575163399 0.020833333333333332 0.024509803921568627
0 0.012254901960784314 0.6086601307189543 0.022058823529411763 0.021241830065359478
0 0.030637254901960783 0.6184640522875817 0.0196078431372549 0.02777777777777778
0 0.05698529411764706 0.6184640522875817 0.03308823529411765 0.05392156862745098
0 0.09497549019607843 0.6372549019607844 0.04534313725490196 0.05555555555555556
0 0.14154411764705882 0.6519607843137255 0.03308823529411765 0.032679738562091505
0 0.03125 0.667483660130719 0.03308823529411765 0.06045751633986928
0 0.0196078431372549 0.6879084967320261 0.0196078431372549 0.022875816993464054
0 0.07965686274509803 0.6781045751633987 0.031862745098039214 0.05228758169934641
0 0.04963235294117647 0.7083333333333334 0.03553921568627451 0.02777777777777778
0 0.11458333333333333 0.7189542483660131 0.04044117647058824 0.042483660130718956
0 0.11580882352941177 0.7418300653594772 0.023284313725490197 0.022875816993464054
0 0.08884803921568628 0.7263071895424836 0.023284313725490197 0.03431372549019608
0 0.14399509803921567 0.7426470588235294 0.028186274509803922 0.03104575163398693
0 0.16544117647058823 0.6977124183006537 0.024509803921568627 0.029411764705882353
0 0.12071078431372549 0.7696078431372549 0.028186274509803922 0.032679738562091505
0 0.15441176470588236 0.7704248366013072 0.029411764705882353 0.024509803921568627
0 0.15073529411764705 0.7908496732026145 0.02696078431372549 0.022875816993464054
0 0.1642156862745098 0.8112745098039216 0.024509803921568627 0.024509803921568627
0 0.02696078431372549 0.8022875816993464 0.01715686274509804 0.022875816993464054
0 0.04534313725490196 0.8145424836601307 0.02696078431372549 0.04084967320261438
0 0.07904411764705882 0.823529411764706 0.0428921568627451 0.03594771241830066
0 0.052083333333333336 0.8455882352941176 0.028186274509803922 0.03758169934640523
0 0.0428921568627451 0.8717320261437909 0.024509803921568627 0.021241830065359478
0 0.09865196078431372 0.8513071895424836 0.028186274509803922 0.026143790849673203
0 0.13541666666666666 0.8480392156862745 0.023284313725490197 0.022875816993464054
0 0.05330882352941176 0.8929738562091504 0.015931372549019607 0.03758169934640523
0 0.011642156862745098 0.9060457516339869 0.020833333333333332 0.02777777777777778
0 0.04105392156862745 0.9387254901960784 0.04534313725490196 0.04738562091503268
0 0.0704656862745098 0.9027777777777778 0.025735294117647058 0.03104575163398693
0 0.10661764705882353 0.9003267973856209 0.049019607843137254 0.049019607843137254
0 0.14338235294117646 0.8799019607843137 0.01715686274509804 0.02777777777777778
0 0.07904411764705882 0.9321895424836601 0.01838235294117647 0.03104575163398693
0 0.04350490196078431 0.9722222222222222 0.015931372549019607 0.029411764705882353
0 0.06311274509803921 0.9714052287581699 0.023284313725490197 0.03431372549019608
0 0.0974264705882353 0.9313725490196079 0.020833333333333332 0.0196078431372549
0 0.09803921568627451 0.954248366013072 0.029411764705882353 0.026143790849673203
0 0.12009803921568628 0.9338235294117647 0.022058823529411763 0.021241830065359478
0 0.1323529411764706 0.9575163398692811 0.0196078431372549 0.026143790849673203
0 0.11948529411764705 0.9787581699346406 0.01838235294117647 0.03594771241830066
0 0.14767156862745098 0.9199346405228759 0.03799019607843137 0.058823529411764705
0 0.18504901960784315 0.9591503267973857 0.022058823529411763 0.022875816993464054
0 0.18075980392156862 0.9387254901960784 0.023284313725490197 0.021241830065359478
0 0.2034313725490196 0.9493464052287582 0.029411764705882353 0.026143790849673203
0 0.15379901960784315 0.9607843137254902 0.01838235294117647 0.022875816993464054
0 0.18137254901960784 0.8954248366013072 0.044117647058823525 0.0392156862745098
0 0.20036764705882354 0.875 0.03799019607843137 0.03758169934640523
0 0.22058823529411764 0.8570261437908497 0.024509803921568627 0.02777777777777778
0 0.2542892156862745 0.8537581699346406 0.028186274509803922 0.02777777777777778
0 0.2800245098039216 0.888888888888889 0.025735294117647058 0.032679738562091505
0 0.3014705882352941 0.9035947712418301 0.029411764705882353 0.026143790849673203
0 0.2542892156862745 0.9093137254901961 0.03553921568627451 0.03431372549019608
0 0.2420343137254902 0.9272875816993464 0.025735294117647058 0.02777777777777778
0 0.26348039215686275 0.9640522875816994 0.022058823529411763 0.022875816993464054
0 0.2892156862745098 0.977124183006536 0.02696078431372549 0.029411764705882353
0 0.3069852941176471 0.9460784313725491 0.015931372549019607 0.032679738562091505
0 0.24387254901960784 0.6968954248366013 0.02696078431372549 0.03104575163398693
0 0.27450980392156865 0.7050653594771242 0.029411764705882353 0.03104575163398693
0 0.29963235294117646 0.7181372549019608 0.025735294117647058 0.02777777777777778
0 0.26286764705882354 0.7287581699346406 0.028186274509803922 0.026143790849673203
0 0.21323529411764705 0.7352941176470589 0.022058823529411763 0.032679738562091505
0 0.2389705882352941 0.7532679738562091 0.024509803921568627 0.026143790849673203
0 0.22181372549019607 0.7794117647058824 0.02696078431372549 0.022875816993464054
0 0.21262254901960784 0.8120915032679739 0.030637254901960783 0.0392156862745098
0 0.24448529411764705 0.8104575163398693 0.023284313725490197 0.032679738562091505
0 0.28431372549019607 0.7834967320261438 0.024509803921568627 0.02777777777777778
0 0.2965686274509804 0.8129084967320261 0.024509803921568627 0.03104575163398693
0 0.3314950980392157 0.6797385620915033 0.020833333333333332 0.0196078431372549
0 0.3676470588235294 0.6723856209150327 0.024509803921568627 0.02777777777777778
0 0.3909313725490196 0.6879084967320261 0.0196078431372549 0.026143790849673203
0 0.3713235294117647 0.7181372549019608 0.0196078431372549 0.02777777777777778
0 0.3272058823529412 0.7450980392156863 0.024509803921568627 0.026143790849673203
0 0.3180147058823529 0.7622549019607844 0.015931372549019607 0.03104575163398693
0 0.3370098039215686 0.7712418300653595 0.029411764705882353 0.029411764705882353
0 0.3596813725490196 0.7769607843137255 0.020833333333333332 0.03104575163398693
0 0.37193627450980393 0.8022875816993464 0.030637254901960783 0.032679738562091505
0 0.3370098039215686 0.8088235294117647 0.024509803921568627 0.022875816993464054
0 0.3596813725490196 0.8267973856209151 0.025735294117647058 0.026143790849673203
0 0.3321078431372549 0.8472222222222222 0.04656862745098039 0.04084967320261438
0 0.36887254901960786 0.8668300653594772 0.04656862745098039 0.03758169934640523
0 0.33517156862745096 0.8839869281045752 0.023284313725490197 0.026143790849673203
0 0.3394607843137255 0.9468954248366014 0.022058823529411763 0.021241830065359478
0 0.35355392156862747 0.9795751633986929 0.023284313725490197 0.03104575163398693
0 0.37745098039215685 0.9656862745098039 0.024509803921568627 0.026143790849673203
0 0.3958333333333333 0.9362745098039216 0.022058823529411763 0.029411764705882353
0 0.4025735294117647 0.8161764705882353 0.0428921568627451 0.06372549019607843
0 0.4178921568627451 0.7941176470588236 0.01715686274509804 0.022875816993464054
0 0.4454656862745098 0.7933006535947713 0.04044117647058824 0.03758169934640523
0 0.43443627450980393 0.9338235294117647 0.01838235294117647 0.03431372549019608
0 0.45588235294117646 0.9616013071895425 0.0392156862745098 0.04411764705882353
0 0.4564950980392157 0.9109477124183006 0.04779411764705882 0.04411764705882353
0 0.4926470588235294 0.9240196078431373 0.024509803921568627 0.03431372549019608
0 0.47549019607843135 0.9387254901960784 0.02696078431372549 0.03104575163398693
0 0.4957107843137255 0.8349673202614379 0.023284313725490197 0.026143790849673203
0 0.5202205882352942 0.8423202614379085 0.03308823529411765 0.02777777777777778
0 0.4185049019607843 0.6666666666666667 0.023284313725490197 0.032679738562091505
0 0.4105392156862745 0.7009803921568628 0.02696078431372549 0.022875816993464054
0 0.4424019607843137 0.6650326797385621 0.029411764705882353 0.026143790849673203
0 0.4767156862745098 0.6609477124183006 0.024509803921568627 0.024509803921568627
0 0.5036764705882353 0.6723856209150327 0.031862745098039214 0.03104575163398693
0 0.5300245098039216 0.6707516339869282 0.023284313725490197 0.03104575163398693
0 0.49693627450980393 0.7116013071895425 0.025735294117647058 0.021241830065359478
0 0.41911764705882354 0.28431372549019607 0.029411764705882353 0.032679738562091505
0 0.4466911764705882 0.3006535947712418 0.030637254901960783 0.032679738562091505
0 0.46078431372549017 0.3946078431372549 0.02696078431372549 0.03431372549019608
0 0.4564950980392157 0.45669934640522875 0.025735294117647058 0.02777777777777778
0 0.5036764705882353 0.42647058823529416 0.024509803921568627 0.029411764705882353
0 0.5287990196078431 0.41830065359477125 0.023284313725490197 0.022875816993464054
0 0.553921568627451 0.3570261437908497 0.02696078431372549 0.024509803921568627
0 0.6041666666666666 0.3504901960784314 0.024509803921568627 0.02777777777777778
0 0.5631127450980392 0.41421568627450983 0.0428921568627451 0.06045751633986928
0 0.5514705882352942 0.4803921568627451 0.024509803921568627 0.029411764705882353
0 0.5165441176470588 0.5114379084967321 0.023284313725490197 0.022875816993464054
0 0.5220588235294118 0.5547385620915033 0.051470588235294115 0.04738562091503268
0 0.4767156862745098 0.5882352941176471 0.022058823529411763 0.026143790849673203
0 0.5833333333333334 0.5122549019607844 0.031862745098039214 0.03104575163398693
0 0.5655637254901961 0.5571895424836601 0.030637254901960783 0.026143790849673203
0 0.5471813725490196 0.6094771241830066 0.023284313725490197 0.026143790849673203
0 0.5925245098039216 0.6151960784313726 0.023284313725490197 0.02777777777777778
0 0.6286764705882353 0.5253267973856209 0.041666666666666664 0.04084967320261438
0 0.6409313725490196 0.49673202614379086 0.02696078431372549 0.03594771241830066
0 0.6703431372549019 0.5416666666666666 0.03676470588235294 0.05065359477124183
0 0.6893382352941176 0.4076797385620915 0.025735294117647058 0.021241830065359478
0 0.6507352941176471 0.6650326797385621 0.03676470588235294 0.029411764705882353
0 0.6556372549019608 0.6977124183006537 0.03431372549019608 0.042483660130718956
0 0.6262254901960784 0.7009803921568628 0.02696078431372549 0.03594771241830066
0 0.6041666666666666 0.690359477124183 0.014705882352941176 0.03431372549019608
0 0.5827205882352942 0.7075163398692811 0.028186274509803922 0.029411764705882353
0 0.5526960784313726 0.7320261437908497 0.01715686274509804 0.03594771241830066
0 0.5808823529411765 0.7467320261437909 0.04656862745098039 0.042483660130718956
0 0.5870098039215687 0.7745098039215687 0.022058823529411763 0.022875816993464054
0 0.5508578431372549 0.7761437908496732 0.025735294117647058 0.029411764705882353
0 0.5667892156862745 0.7769607843137255 0.025735294117647058 0.02777777777777778
0 0.5655637254901961 0.8055555555555556 0.03308823529411765 0.029411764705882353
0 0.5416666666666666 0.8022875816993464 0.01715686274509804 0.029411764705882353
0 0.5526960784313726 0.8300653594771242 0.031862745098039214 0.032679738562091505
0 0.5765931372549019 0.8267973856209151 0.015931372549019607 0.029411764705882353
0 0.5986519607843137 0.823529411764706 0.030637254901960783 0.049019607843137254
0 0.6219362745098039 0.8545751633986929 0.03308823529411765 0.029411764705882353
0 0.4767156862745098 0.9901960784313726 0.029411764705882353 0.0196078431372549
0 0.5833333333333334 0.8921568627450981 0.02696078431372549 0.029411764705882353
0 0.5765931372549019 0.9460784313725491 0.025735294117647058 0.0392156862745098
0 0.6121323529411765 0.923202614379085 0.030637254901960783 0.03594771241830066
0 0.6415441176470588 0.9297385620915033 0.023284313725490197 0.029411764705882353
0 0.6507352941176471 0.8823529411764706 0.0196078431372549 0.032679738562091505
0 0.7156862745098039 0.9264705882352942 0.024509803921568627 0.0392156862745098
0 0.7555147058823529 0.8897058823529412 0.01838235294117647 0.03431372549019608
0 0.6299019607843137 0.7851307189542484 0.056372549019607844 0.04411764705882353
0 0.65625 0.7532679738562091 0.025735294117647058 0.032679738562091505
0 0.6893382352941176 0.6633986928104575 0.028186274509803922 0.026143790849673203
0 0.7150735294117647 0.6666666666666667 0.020833333333333332 0.029411764705882353
0 0.7365196078431372 0.673202614379085 0.031862745098039214 0.026143790849673203
0 0.7481617647058824 0.7116013071895425 0.06495098039215687 0.05392156862745098
0 0.696078431372549 0.7083333333333334 0.024509803921568627 0.021241830065359478
0 0.6905637254901961 0.7549019607843137 0.04044117647058824 0.0392156862745098
0 0.6825980392156863 0.792483660130719 0.051470588235294115 0.04575163398692811
0 0.6507352941176471 0.8169934640522876 0.0196078431372549 0.029411764705882353
0 0.6881127450980392 0.8251633986928105 0.03799019607843137 0.032679738562091505
0 0.7365196078431372 0.7753267973856209 0.03676470588235294 0.03431372549019608
0 0.7591911764705882 0.7475490196078431 0.04044117647058824 0.03104575163398693
0 0.7334558823529411 0.8047385620915033 0.030637254901960783 0.024509803921568627
0 0.7248774509803921 0.8300653594771242 0.03553921568627451 0.0392156862745098
0 0.7481617647058824 0.8586601307189543 0.023284313725490197 0.021241830065359478
0 0.7696078431372549 0.9566993464052288 0.024509803921568627 0.021241830065359478
0 0.7524509803921569 0.9877450980392157 0.02696078431372549 0.021241830065359478
0 0.7965686274509803 0.9534313725490197 0.02696078431372549 0.03758169934640523
0 0.803921568627451 0.9869281045751634 0.024509803921568627 0.026143790849673203
0 0.8290441176470588 0.9632352941176471 0.025735294117647058 0.021241830065359478
0 0.8511029411764706 0.9681372549019608 0.028186274509803922 0.02777777777777778
0 0.8517156862745098 0.9901960784313726 0.03431372549019608 0.0196078431372549
0 0.8995098039215687 0.9820261437908497 0.058823529411764705 0.03594771241830066
0 0.9718137254901961 0.982843137254902 0.056372549019607844 0.03431372549019608
0 0.9877450980392156 0.9583333333333334 0.024509803921568627 0.02777777777777778
0 0.8174019607843137 0.8349673202614379 0.061274509803921566 0.049019607843137254
0 0.798406862745098 0.8929738562091504 0.023284313725490197 0.021241830065359478
0 0.8223039215686274 0.7491830065359477 0.02696078431372549 0.021241830065359478
0 0.7843137254901961 0.667483660130719 0.03431372549019608 0.06699346405228758
0 0.8204656862745098 0.6625816993464052 0.030637254901960783 0.03104575163398693
0 0.8406862745098039 0.6168300653594772 0.02696078431372549 0.03431372549019608
0 0.9338235294117647 0.7107843137254902 0.029411764705882353 0.022875816993464054
0 0.8903186274509803 0.7009803921568628 0.030637254901960783 0.022875816993464054
0 0.9730392156862745 0.7565359477124183 0.049019607843137254 0.06209150326797386
0 0.923406862745098 0.7524509803921569 0.05514705882352941 0.04411764705882353
0 0.9044117647058824 0.7843137254901961 0.0196078431372549 0.022875816993464054
0 0.9791666666666666 0.8194444444444444 0.01715686274509804 0.03431372549019608
0 0.8504901960784313 0.7933006535947713 0.022058823529411763 0.021241830065359478
0 0.8535539215686274 0.8129084967320261 0.028186274509803922 0.02777777777777778
0 0.8805147058823529 0.8047385620915033 0.025735294117647058 0.021241830065359478
0 0.8805147058823529 0.8276143790849674 0.030637254901960783 0.03104575163398693
0 0.8700980392156863 0.863562091503268 0.02696078431372549 0.024509803921568627
0 0.8970588235294118 0.8619281045751634 0.031862745098039214 0.03758169934640523
0 0.9325980392156863 0.8439542483660131 0.024509803921568627 0.04084967320261438
0 0.9540441176470588 0.8790849673202614 0.03799019607843137 0.042483660130718956
0 0.9908088235294118 0.8758169934640523 0.01838235294117647 0.029411764705882353
0 0.9424019607843137 0.7933006535947713 0.022058823529411763 0.024509803921568627
0 0.7843137254901961 0.542483660130719 0.031862745098039214 0.032679738562091505
0 0.7481617647058824 0.579248366013072 0.028186274509803922 0.03104575163398693
0 0.7095588235294118 0.494281045751634 0.031862745098039214 0.03431372549019608
0 0.16115196078431374 0.9893790849673203 0.020833333333333332 0.014705882352941176
0 0.2549019607843137 0.9877450980392157 0.01715686274509804 0.024509803921568627
