0 0.005718954248366014 0.6458333333333334 0.008169934640522876 0.024509803921568627
0 0.0392156862745098 0.6568627450980392 0.022875816993464054 0.024509803921568627
0 0.059640522875817 0.6611519607843137 0.024509803921568627 0.030637254901960783
0 0.0923202614379085 0.6599264705882353 0.03104575163398693 0.025735294117647058
0 0.0661764705882353 0.6875 0.021241830065359478 0.024509803921568627
0 0.010620915032679739 0.6629901960784313 0.01797385620915033 0.022058823529411763
0 0.022875816993464054 0.6783088235294118 0.022875816993464054 0.030637254901960783
0 0.032679738562091505 0.7058823529411764 0.022875816993464054 0.024509803921568627
0 0.0196078431372549 0.7212009803921569 0.0196078431372549 0.023284313725490197
0 0.01388888888888889 0.735906862745098 0.024509803921568627 0.020833333333333332
0 0.03594771241830066 0.7401960784313726 0.026143790849673203 0.024509803921568627
0 0.06209150326797386 0.7506127450980392 0.022875816993464054 0.023284313725490197
0 0.06209150326797386 0.7769607843137255 0.026143790849673203 0.022058823529411763
0 0.03431372549019608 0.7610294117647058 0.026143790849673203 0.022058823529411763
0 0.016339869281045753 0.7506127450980392 0.0196078431372549 0.023284313725490197
0 0.010620915032679739 0.7683823529411764 0.01797385620915033 0.022058823529411763
0 0.018790849673202614 0.7861519607843137 0.021241830065359478 0.023284313725490197
0 0.040032679738562095 0.7855392156862745 0.03104575163398693 0.031862745098039214
0 0.06862745098039216 0.798406862745098 0.032679738562091505 0.025735294117647058
0 0.00980392156862745 0.8075980392156863 0.016339869281045753 0.024509803921568627
0 0.024509803921568627 0.8033088235294118 0.0196078431372549 0.023284313725490197
0 0.040032679738562095 0.8161764705882353 0.02777777777777778 0.029411764705882353
0 0.06454248366013073 0.8180147058823529 0.014705882352941176 0.020833333333333332
0 0.07679738562091504 0.8308823529411764 0.0196078431372549 0.02696078431372549
0 0.06045751633986928 0.835171568627451 0.016339869281045753 0.023284313725490197
0 0.02042483660130719 0.8272058823529411 0.024509803921568627 0.029411764705882353
0 0.04411764705882353 0.8376225490196079 0.022875816993464054 0.015931372549019607
0 0.04820261437908497 0.8517156862745098 0.01797385620915033 0.022058823529411763
0 0.029411764705882353 0.8455882352941176 0.026143790849673203 0.012254901960784314
0 0.005718954248366014 0.8492647058823529 0.008169934640522876 0.022058823529411763
0 0.021241830065359478 0.8547794117647058 0.026143790849673203 0.01838235294117647
0 0.03349673202614379 0.8645833333333334 0.01797385620915033 0.01838235294117647
0 0.07189542483660132 0.8504901960784313 0.032679738562091505 0.01715686274509804
0 0.06944444444444445 0.8651960784313726 0.021241830065359478 0.01715686274509804
0 0.09722222222222222 0.8719362745098039 0.024509803921568627 0.023284313725490197
0 0.09722222222222222 0.8909313725490196 0.021241830065359478 0.024509803921568627
0 0.04656862745098039 0.8731617647058824 0.021241830065359478 0.020833333333333332
0 0.058823529411764705 0.8817401960784313 0.0196078431372549 0.020833333333333332
0 0.07598039215686275 0.8780637254901961 0.021241830065359478 0.020833333333333332
0 0.013071895424836602 0.8786764705882353 0.022875816993464054 0.041666666666666664
0 0.022058823529411766 0.9031862745098039 0.02777777777777778 0.022058823529411763
0 0.007352941176470588 0.9123774509803921 0.011437908496732027 0.028186274509803922
0 0.04411764705882353 0.8946078431372549 0.029411764705882353 0.0196078431372549
0 0.04166666666666667 0.90625 0.014705882352941176 0.015931372549019607
0 0.05392156862745098 0.914828431372549 0.022875816993464054 0.023284313725490197
0 0.0784313725490196 0.9025735294117647 0.022875816993464054 0.01838235294117647
0 0.08660130718954248 0.9154411764705882 0.026143790849673203 0.022058823529411763
0 0.11111111111111112 0.9093137254901961 0.0196078431372549 0.022058823529411763
0 0.0784313725490196 0.9319852941176471 0.0196078431372549 0.01838235294117647
0 0.09803921568627451 0.9368872549019608 0.022875816993464054 0.020833333333333332
0 0.03104575163398693 0.9215686274509803 0.0196078431372549 0.022058823529411763
0 0.049019607843137254 0.9295343137254902 0.029411764705882353 0.013480392156862746
0 0.016339869281045753 0.928921568627451 0.0196078431372549 0.022058823529411763
0 0.04084967320261438 0.9436274509803921 0.029411764705882353 0.0196078431372549
0 0.058823529411764705 0.9626225490196079 0.0196078431372549 0.023284313725490197
0 0.04166666666666667 0.9607843137254902 0.021241830065359478 0.022058823529411763
0 0.022058823529411766 0.9650735294117647 0.03758169934640523 0.03553921568627451
0 0.022875816993464054 0.9871323529411764 0.029411764705882353 0.015931372549019607
0 0.056372549019607844 0.9822303921568627 0.021241830065359478 0.020833333333333332
0 0.08741830065359478 0.9883578431372549 0.021241830065359478 0.023284313725490197
