0 0.5925245098039216 0.032679738562091505 0.025735294117647058 0.042483660130718956
0 0.5723039215686274 0.04493464052287582 0.024509803921568627 0.05065359477124183
0 0.5802696078431372 0.07924836601307189 0.020833333333333332 0.021241830065359478
0 0.5428921568627451 0.03758169934640523 0.02696078431372549 0.05555555555555556
0 0.5036764705882353 0.018790849673202614 0.044117647058823525 0.03431372549019608
0 0.5104166666666666 0.04330065359477124 0.04534313725490196 0.03104575163398693
0 0.5006127450980392 0.06045751633986928 0.015931372549019607 0.022875816993464054
0 0.5300245098039216 0.06781045751633988 0.025735294117647058 0.03758169934640523
0 0.6758578431372549 0.07924836601307189 0.03799019607843137 0.04411764705882353
0 0.6727941176470588 0.11437908496732027 0.02696078431372549 0.026143790849673203
0 0.7028186274509803 0.07761437908496732 0.015931372549019607 0.01797385620915033
0 0.6942401960784313 0.10375816993464053 0.01838235294117647 0.021241830065359478
0 0.5569852941176471 0.09967320261437909 0.015931372549019607 0.016339869281045753
0 0.5471813725490196 0.08088235294117647 0.013480392156862746 0.024509803921568627
0 0.7279411764705882 0.16258169934640523 0.03431372549019608 0.05065359477124183
0 0.7604166666666666 0.16339869281045752 0.030637254901960783 0.04575163398692811
0 0.7628676470588235 0.12581699346405228 0.020833333333333332 0.032679738562091505
0 0.7334558823529411 0.11356209150326797 0.01838235294117647 0.03431372549019608
0 0.7236519607843137 0.10212418300653595 0.013480392156862746 0.03431372549019608
0 0.7193627450980392 0.06454248366013073 0.0196078431372549 0.04084967320261438
0 0.7340686274509803 0.08660130718954248 0.014705882352941176 0.026143790849673203
0 0.7493872549019608 0.07924836601307189 0.015931372549019607 0.03758169934640523
0 0.7653186274509803 0.07598039215686275 0.023284313725490197 0.02777777777777778
0 0.7843137254901961 0.07107843137254902 0.014705882352941176 0.021241830065359478
0 0.7953431372549019 0.058823529411764705 0.01715686274509804 0.03594771241830066
0 0.7591911764705882 0.04330065359477124 0.03553921568627451 0.03758169934640523
0 0.7322303921568627 0.035130718954248366 0.030637254901960783 0.03758169934640523
0 0.7640931372549019 0.013071895424836602 0.023284313725490197 0.022875816993464054
0 0.7463235294117647 0.011437908496732027 0.022058823529411763 0.0196078431372549
0 0.8063725490196079 0.013071895424836602 0.02696078431372549 0.022875816993464054
0 0.9950980392156863 0.38480392156862747 0.00980392156862745 0.024509803921568627
0 0.9779411764705882 0.3929738562091503 0.024509803921568627 0.01797385620915033
0 0.9895833333333334 0.3700980392156863 0.015931372549019607 0.024509803921568627
0 0.9920343137254902 0.3374183006535948 0.015931372549019607 0.02777777777777778
0 0.9754901960784313 0.34558823529411764 0.0196078431372549 0.021241830065359478
0 0.9724264705882353 0.32107843137254904 0.020833333333333332 0.02777777777777778
0 0.9938725490196079 0.3137254901960784 0.012254901960784314 0.0196078431372549
0 0.991421568627451 0.28758169934640526 0.01715686274509804 0.032679738562091505
0 0.9846813725490196 0.2696078431372549 0.013480392156862746 0.026143790849673203
0 0.9944852941176471 0.24101307189542484 0.011029411764705881 0.02777777777777778
0 0.9846813725490196 0.4068627450980392 0.015931372549019607 0.016339869281045753
0 0.9675245098039216 0.4150326797385621 0.023284313725490197 0.03594771241830066
0 0.9865196078431372 0.4281045751633987 0.022058823529411763 0.022875816993464054
0 0.9932598039215687 0.45179738562091504 0.013480392156862746 0.024509803921568627
0 0.9791666666666666 0.4526143790849673 0.01715686274509804 0.029411764705882353
0 0.9620098039215687 0.4607843137254902 0.0196078431372549 0.0196078431372549
0 0.9522058823529411 0.4444444444444445 0.031862745098039214 0.022875816993464054
0 0.9540441176470588 0.4223856209150327 0.013480392156862746 0.021241830065359478
0 0.9319852941176471 0.3946078431372549 0.03553921568627451 0.05065359477124183
0 0.9105392156862745 0.4297385620915033 0.0392156862745098 0.049019607843137254
0 0.960171568627451 0.3709150326797386 0.04044117647058824 0.042483660130718956
0 0.9264705882352942 0.3504901960784314 0.03676470588235294 0.04084967320261438
0 0.9552696078431372 0.3357843137254902 0.01838235294117647 0.021241830065359478
0 0.9405637254901961 0.3014705882352941 0.020833333333333332 0.021241830065359478
0 0.9650735294117647 0.303921568627451 0.011029411764705881 0.0196078431372549
0 0.9742647058823529 0.29248366013071897 0.012254901960784314 0.022875816993464054
0 0.5355392156862745 0.09885620915032681 0.01715686274509804 0.01797385620915033
0 0.8241421568627451 0.2696078431372549 0.028186274509803922 0.04575163398692811
0 0.8443627450980392 0.2549019607843137 0.0196078431372549 0.03594771241830066
0 0.8584558823529411 0.28921568627450983 0.028186274509803922 0.04575163398692811
0 0.8713235294117647 0.31699346405228757 0.012254901960784314 0.0196078431372549
0 0.8854166666666666 0.29901960784313725 0.028186274509803922 0.03594771241830066
0 0.9050245098039216 0.32026143790849676 0.01838235294117647 0.0196078431372549
0 0.9209558823529411 0.3112745098039216 0.015931372549019607 0.03104575163398693
0 0.9117647058823529 0.29248366013071897 0.014705882352941176 0.0196078431372549
0 0.9001225490196079 0.2704248366013072 0.01838235294117647 0.03758169934640523
0 0.8854166666666666 0.2728758169934641 0.015931372549019607 0.022875816993464054
0 0.8700980392156863 0.2589869281045752 0.022058823529411763 0.024509803921568627
0 0.8768382352941176 0.2303921568627451 0.01838235294117647 0.03594771241830066
0 0.8952205882352942 0.2426470588235294 0.020833333333333332 0.024509803921568627
0 0.9087009803921569 0.22794117647058823 0.020833333333333332 0.021241830065359478
0 0.9185049019607843 0.26143790849673204 0.025735294117647058 0.042483660130718956
0 0.9411764705882353 0.2696078431372549 0.014705882352941176 0.029411764705882353
0 0.9522058823529411 0.25326797385620914 0.01715686274509804 0.032679738562091505
0 0.9583333333333334 0.2818627450980392 0.01715686274509804 0.02777777777777778
0 0.9712009803921569 0.2704248366013072 0.01838235294117647 0.01797385620915033
0 0.9693627450980392 0.24019607843137256 0.0196078431372549 0.03594771241830066
0 0.9852941176470588 0.244281045751634 0.014705882352941176 0.024509803921568627
0 0.9522058823529411 0.22630718954248366 0.01715686274509804 0.021241830065359478
0 0.9301470588235294 0.21977124183006536 0.029411764705882353 0.04411764705882353
0 0.9626225490196079 0.19771241830065361 0.030637254901960783 0.042483660130718956
0 0.9852941176470588 0.18627450980392157 0.029411764705882353 0.042483660130718956
0 0.9387254901960784 0.1715686274509804 0.03676470588235294 0.0392156862745098
0 0.9920343137254902 0.14869281045751634 0.015931372549019607 0.029411764705882353
0 0.9699754901960784 0.1454248366013072 0.028186274509803922 0.03594771241830066
0 0.9129901960784313 0.19035947712418302 0.01715686274509804 0.024509803921568627
0 0.9025735294117647 0.20016339869281047 0.020833333333333332 0.03431372549019608
0 0.8884803921568627 0.19934640522875818 0.01715686274509804 0.022875816993464054
0 0.8302696078431372 0.20179738562091504 0.013480392156862746 0.03104575163398693
0 0.8431372549019608 0.19526143790849673 0.014705882352941176 0.03104575163398693
0 0.8658088235294118 0.16176470588235295 0.015931372549019607 0.032679738562091505
0 0.8511029411764706 0.1715686274509804 0.01838235294117647 0.022875816993464054
0 0.8314950980392157 0.1772875816993464 0.015931372549019607 0.024509803921568627
0 0.8235294117647058 0.1380718954248366 0.01715686274509804 0.03104575163398693
0 0.789828431372549 0.09477124183006536 0.015931372549019607 0.0196078431372549
0 0.8088235294117647 0.07434640522875817 0.01715686274509804 0.024509803921568627
0 0.9816176470588235 0.008169934640522876 0.024509803921568627 0.013071895424836602
0 0.9895833333333334 0.031862745098039214 0.01838235294117647 0.02777777777777778
0 0.9803921568627451 0.06290849673202614 0.014705882352941176 0.021241830065359478
0 0.9926470588235294 0.06045751633986928 0.012254901960784314 0.022875816993464054
0 0.9779411764705882 0.11437908496732027 0.029411764705882353 0.029411764705882353
0 0.9626225490196079 0.09395424836601307 0.01838235294117647 0.021241830065359478
0 0.9589460784313726 0.08088235294117647 0.015931372549019607 0.024509803921568627
0 0.9466911764705882 0.06127450980392157 0.00857843137254902 0.021241830065359478
0 0.9522058823529411 0.014705882352941176 0.01715686274509804 0.026143790849673203
0 0.9656862745098039 0.02696078431372549 0.0196078431372549 0.021241830065359478
0 0.9424019607843137 0.012254901960784314 0.012254901960784314 0.021241830065359478
0 0.9154411764705882 0.03104575163398693 0.022058823529411763 0.032679738562091505
0 0.9313725490196079 0.04411764705882353 0.012254901960784314 0.0196078431372549
0 0.9497549019607843 0.042483660130718956 0.024509803921568627 0.022875816993464054
0 0.9191176470588235 0.08333333333333334 0.02696078431372549 0.032679738562091505
0 0.9283088235294118 0.10702614379084968 0.028186274509803922 0.03104575163398693
0 0.9491421568627451 0.11601307189542484 0.020833333333333332 0.026143790849673203
0 0.9485294117647058 0.1380718954248366 0.0196078431372549 0.024509803921568627
0 0.9338235294117647 0.13970588235294118 0.014705882352941176 0.03431372549019608
0 0.9160539215686274 0.14052287581699346 0.023284313725490197 0.04575163398692811
0 0.8933823529411764 0.13071895424836602 0.024509803921568627 0.049019607843137254
0 0.892156862745098 0.02696078431372549 0.01715686274509804 0.024509803921568627
0 0.8860294117647058 0.08415032679738563 0.029411764705882353 0.04411764705882353
0 0.8725490196078431 0.07189542483660132 0.029411764705882353 0.032679738562091505
0 0.866421568627451 0.10947712418300654 0.024509803921568627 0.0392156862745098
0 0.8443627450980392 0.09640522875816994 0.02696078431372549 0.042483660130718956
0 0.8106617647058824 0.10620915032679738 0.03553921568627451 0.03594771241830066
0 0.8118872549019608 0.1388888888888889 0.013480392156862746 0.029411764705882353
0 0.8314950980392157 0.05228758169934641 0.03308823529411765 0.042483660130718956
0 0.8639705882352942 0.03022875816993464 0.012254901960784314 0.021241830065359478
0 0.852328431372549 0.03594771241830066 0.015931372549019607 0.0196078431372549
0 0.8756127450980392 0.04330065359477124 0.013480392156862746 0.024509803921568627
0 0.8529411764705882 0.008986928104575164 0.029411764705882353 0.014705882352941176
0 0.9160539215686274 0.008169934640522876 0.023284313725490197 0.013071895424836602
0 0.8970588235294118 0.008169934640522876 0.022058823529411763 0.013071895424836602
0 0.9301470588235294 0.021241830065359478 0.014705882352941176 0.016339869281045753
0 0.9350490196078431 0.059640522875817 0.014705882352941176 0.021241830065359478
0 0.9430147058823529 0.08251633986928104 0.01838235294117647 0.021241830065359478
0 0.8486519607843137 0.13643790849673204 0.013480392156862746 0.021241830065359478
0 0.7996323529411764 0.032679738562091505 0.015931372549019607 0.026143790849673203
0 0.7144607843137255 0.021241830065359478 0.014705882352941176 0.029411764705882353
0 0.5716911764705882 0.008986928104575164 0.013480392156862746 0.014705882352941176
0 0.7861519607843137 0.025326797385620915 0.015931372549019607 0.02777777777777778
0 0.892156862745098 0.04738562091503268 0.012254901960784314 0.026143790849673203
0 0.9007352941176471 0.17320261437908496 0.01715686274509804 0.016339869281045753
0 0.9785539215686274 0.08660130718954248 0.013480392156862746 0.022875816993464054
