0 0.10661764705882353 0.03022875816993464 0.024509803921568627 0.057189542483660136
0 0.11825980392156862 0.06781045751633988 0.028186274509803922 0.06699346405228758
0 0.1090686274509804 0.12418300653594772 0.024509803921568627 0.05555555555555556
0 0.1323529411764706 0.14950980392156862 0.022058823529411763 0.05065359477124183
0 0.08823529411764705 0.06209150326797386 0.02696078431372549 0.05228758169934641
0 0.0661764705882353 0.08088235294117647 0.031862745098039214 0.04411764705882353
0 0.0625 0.03431372549019608 0.031862745098039214 0.05555555555555556
0 0.014705882352941176 0.032679738562091505 0.02696078431372549 0.03594771241830066
0 0.006740196078431373 0.0661764705882353 0.011029411764705881 0.04411764705882353
0 0.03799019607843137 0.05310457516339869 0.0196078431372549 0.04738562091503268
0 0.07230392156862744 0.13316993464052287 0.02696078431372549 0.07026143790849673
0 0.04105392156862745 0.12745098039215685 0.03308823529411765 0.0784313725490196
0 0.022058823529411763 0.08169934640522876 0.024509803921568627 0.06209150326797386
0 0.06556372549019608 0.16911764705882354 0.025735294117647058 0.03104575163398693
0 0.017769607843137254 0.21323529411764708 0.03308823529411765 0.04411764705882353
0 0.06924019607843138 0.2107843137254902 0.025735294117647058 0.058823529411764705
0 0.09681372549019608 0.22222222222222224 0.029411764705882353 0.05555555555555556
0 0.12683823529411764 0.23202614379084968 0.030637254901960783 0.07516339869281045
0 0.07904411764705882 0.25 0.03308823529411765 0.029411764705882353
0 0.09129901960784313 0.27941176470588236 0.04044117647058824 0.042483660130718956
0 0.061274509803921566 0.28921568627450983 0.029411764705882353 0.05228758169934641
0 0.0821078431372549 0.3235294117647059 0.0392156862745098 0.04575163398692811
0 0.13357843137254902 0.29983660130718953 0.02696078431372549 0.04084967320261438
0 0.015318627450980392 0.4158496732026144 0.028186274509803922 0.09313725490196079
0 0.05759803921568627 0.411764705882353 0.022058823529411763 0.049019607843137254
0 0.09313725490196079 0.4281045751633987 0.03676470588235294 0.032679738562091505
0 0.0508578431372549 0.4624183006535948 0.028186274509803922 0.05555555555555556
0 0.06311274509803921 0.49673202614379086 0.028186274509803922 0.04575163398692811
0 0.11090686274509803 0.4624183006535948 0.025735294117647058 0.049019607843137254
0 0.1721813725490196 0.45016339869281047 0.030637254901960783 0.07679738562091504
0 0.14276960784313725 0.4722222222222222 0.030637254901960783 0.07189542483660132
0 0.1488970588235294 0.5318627450980392 0.025735294117647058 0.05392156862745098
0 0.00857843137254902 0.5040849673202614 0.014705882352941176 0.07679738562091504
0 0.023284313725490197 0.5179738562091504 0.029411764705882353 0.032679738562091505
0 0.02389705882352941 0.5816993464052288 0.023284313725490197 0.0392156862745098
0 0.16666666666666666 0.573529411764706 0.0196078431372549 0.049019607843137254
0 0.012867647058823529 0.6160130718954249 0.023284313725490197 0.049019607843137254
0 0.010416666666666666 0.6544117647058824 0.01838235294117647 0.05065359477124183
0 0.07720588235294118 0.6299019607843137 0.044117647058823525 0.06699346405228758
0 0.11151960784313725 0.6380718954248367 0.01715686274509804 0.04738562091503268
0 0.1256127450980392 0.6642156862745098 0.028186274509803922 0.05065359477124183
0 0.013480392156862746 0.7026143790849674 0.024509803921568627 0.05555555555555556
0 0.03431372549019608 0.6723856209150327 0.01715686274509804 0.04411764705882353
0 0.058823529411764705 0.6879084967320261 0.029411764705882353 0.06209150326797386
0 0.08272058823529412 0.6944444444444444 0.025735294117647058 0.06209150326797386
0 0.14522058823529413 0.7532679738562091 0.025735294117647058 0.06862745098039216
0 0.09926470588235294 0.9076797385620915 0.031862745098039214 0.06699346405228758
0 0.05698529411764706 0.9052287581699346 0.04044117647058824 0.06862745098039216
0 0.02267156862745098 0.9101307189542484 0.03553921568627451 0.06209150326797386
0 0.03676470588235294 0.9591503267973857 0.044117647058823525 0.05228758169934641
0 0.13602941176470587 0.9305555555555556 0.02696078431372549 0.04738562091503268
0 0.42340686274509803 0.9550653594771242 0.0428921568627451 0.08986928104575163
0 0.4540441176470588 0.928921568627451 0.020833333333333332 0.04738562091503268
0 0.4724264705882353 0.9183006535947713 0.023284313725490197 0.06862745098039216
0 0.4319852941176471 0.8978758169934641 0.028186274509803922 0.05392156862745098
0 0.3988970588235294 0.857843137254902 0.028186274509803922 0.06535947712418301
0 0.37193627450980393 0.8406862745098039 0.028186274509803922 0.03431372549019608
0 0.38235294117647056 0.7957516339869282 0.029411764705882353 0.06862745098039216
0 0.41911764705882354 0.7598039215686275 0.03431372549019608 0.0392156862745098
0 0.44362745098039214 0.7009803921568628 0.024509803921568627 0.06209150326797386
0 0.3756127450980392 0.698529411764706 0.023284313725490197 0.05065359477124183
0 0.3529411764705882 0.6364379084967321 0.024509803921568627 0.06372549019607843
0 0.34068627450980393 0.5743464052287582 0.022058823529411763 0.05392156862745098
0 0.47181372549019607 0.6601307189542484 0.031862745098039214 0.0784313725490196
0 0.5 0.6805555555555556 0.03676470588235294 0.05065359477124183
0 0.4852941176470588 0.6013071895424836 0.0392156862745098 0.08169934640522876
0 0.4681372549019608 0.7736928104575164 0.02696078431372549 0.06372549019607843
0 0.5177696078431373 0.7990196078431373 0.03308823529411765 0.042483660130718956
0 0.5404411764705882 0.7957516339869282 0.024509803921568627 0.04575163398692811
0 0.5104166666666666 0.8341503267973857 0.028186274509803922 0.05392156862745098
0 0.5343137254901961 0.8398692810457516 0.024509803921568627 0.058823529411764705
0 0.5006127450980392 0.8766339869281046 0.020833333333333332 0.05065359477124183
0 0.5257352941176471 0.8970588235294118 0.02696078431372549 0.06862745098039216
0 0.5575980392156863 0.8978758169934641 0.03431372549019608 0.05065359477124183
0 0.5716911764705882 0.9281045751633987 0.03553921568627451 0.032679738562091505
0 0.5490196078431373 0.9738562091503268 0.029411764705882353 0.05228758169934641
0 0.5741421568627451 0.9787581699346406 0.020833333333333332 0.042483660130718956
0 0.6035539215686274 0.9158496732026145 0.023284313725490197 0.06045751633986928
0 0.6390931372549019 0.9248366013071896 0.0428921568627451 0.09150326797385622
0 0.6237745098039216 0.9787581699346406 0.022058823529411763 0.042483660130718956
0 0.6439950980392157 0.9820261437908497 0.023284313725490197 0.03594771241830066
0 0.6685049019607843 0.9583333333333334 0.030637254901960783 0.06699346405228758
0 0.7015931372549019 0.9526143790849674 0.03799019607843137 0.049019607843137254
0 0.7175245098039216 0.9820261437908497 0.025735294117647058 0.03594771241830066
0 0.7328431372549019 0.9697712418300654 0.024509803921568627 0.04411764705882353
0 0.7708333333333334 0.9754901960784313 0.0196078431372549 0.042483660130718956
0 0.8265931372549019 0.9746732026143791 0.023284313725490197 0.05065359477124183
0 0.8670343137254902 0.9689542483660131 0.05514705882352941 0.04575163398692811
0 0.6017156862745098 0.5751633986928105 0.024509803921568627 0.049019607843137254
0 0.6231617647058824 0.5857843137254902 0.023284313725490197 0.057189542483660136
0 0.616421568627451 0.6315359477124183 0.022058823529411763 0.05065359477124183
0 0.5900735294117647 0.6282679738562091 0.025735294117647058 0.06045751633986928
0 0.6384803921568627 0.6666666666666667 0.031862745098039214 0.06209150326797386
0 0.6194852941176471 0.7124183006535948 0.03308823529411765 0.07189542483660132
0 0.5882352941176471 0.6838235294117647 0.01715686274509804 0.04411764705882353
0 0.6011029411764706 0.7467320261437909 0.01838235294117647 0.0392156862745098
0 0.5821078431372549 0.7336601307189543 0.0196078431372549 0.042483660130718956
0 0.6783088235294118 0.7173202614379085 0.03799019607843137 0.032679738562091505
0 0.6390931372549019 0.8169934640522876 0.023284313725490197 0.06209150326797386
0 0.5588235294117647 0.8415032679738562 0.031862745098039214 0.029411764705882353
0 0.5808823529411765 0.8668300653594772 0.0392156862745098 0.03431372549019608
0 0.6256127450980392 0.863562091503268 0.03553921568627451 0.03431372549019608
0 0.6795343137254902 0.8504901960784313 0.06004901960784314 0.07026143790849673
0 0.6697303921568627 0.8986928104575164 0.03553921568627451 0.049019607843137254
0 0.7095588235294118 0.9125816993464052 0.04656862745098039 0.03758169934640523
0 0.3075980392156863 0.0392156862745098 0.02696078431372549 0.04575163398692811
0 0.3737745098039216 0.3897058823529412 0.04656862745098039 0.10620915032679738
0 0.9767156862745098 0.05473856209150327 0.04656862745098039 0.07679738562091504
0 0.9497549019607843 0.0727124183006536 0.03431372549019608 0.07679738562091504
0 0.9883578431372549 0.14133986928104575 0.023284313725490197 0.04411764705882353
0 0.9754901960784313 0.11437908496732027 0.01715686274509804 0.0392156862745098
0 0.9632352941176471 0.12254901960784315 0.014705882352941176 0.03594771241830066
0 0.9693627450980392 0.16176470588235295 0.0196078431372549 0.049019607843137254
0 0.9448529411764706 0.12418300653594772 0.024509803921568627 0.0392156862745098
0 0.9313725490196079 0.1388888888888889 0.03676470588235294 0.05555555555555556
0 0.914828431372549 0.1593137254901961 0.015931372549019607 0.03431372549019608
0 0.9013480392156863 0.13398692810457516 0.020833333333333332 0.03594771241830066
0 0.8933823529411764 0.16013071895424838 0.031862745098039214 0.032679738562091505
0 0.9178921568627451 0.08251633986928104 0.029411764705882353 0.07026143790849673
0 0.9424019607843137 0.02042483660130719 0.041666666666666664 0.03758169934640523
0 0.9068627450980392 0.026143790849673203 0.031862745098039214 0.049019607843137254
0 0.8774509803921569 0.0196078431372549 0.029411764705882353 0.03594771241830066
0 0.8443627450980392 0.02369281045751634 0.03676470588235294 0.04411764705882353
0 0.8676470588235294 0.049836601307189546 0.024509803921568627 0.04411764705882353
0 0.8204656862745098 0.04330065359477124 0.028186274509803922 0.03104575163398693
0 0.8388480392156863 0.06454248366013073 0.025735294117647058 0.03431372549019608
0 0.8167892156862745 0.10049019607843138 0.03799019607843137 0.08986928104575163
0 0.8584558823529411 0.11274509803921569 0.030637254901960783 0.05555555555555556
0 0.8694852941176471 0.16176470588235295 0.01838235294117647 0.042483660130718956
0 0.835171568627451 0.18137254901960784 0.023284313725490197 0.06535947712418301
0 0.8529411764705882 0.19526143790849673 0.0196078431372549 0.04738562091503268
0 0.8829656862745098 0.2042483660130719 0.01838235294117647 0.03594771241830066
0 0.9099264705882353 0.21486928104575165 0.03553921568627451 0.04738562091503268
0 0.9325980392156863 0.20506535947712418 0.029411764705882353 0.03758169934640523
0 0.9607843137254902 0.2099673202614379 0.031862745098039214 0.057189542483660136
0 0.9840686274509803 0.25653594771241833 0.0196078431372549 0.042483660130718956
0 0.9178921568627451 0.26062091503267976 0.014705882352941176 0.03431372549019608
0 0.9448529411764706 0.25163398692810457 0.029411764705882353 0.04575163398692811
0 0.8995098039215687 0.23447712418300654 0.022058823529411763 0.04084967320261438
0 0.8952205882352942 0.26552287581699346 0.028186274509803922 0.05392156862745098
0 0.9742647058823529 0.3047385620915033 0.02696078431372549 0.06045751633986928
0 0.991421568627451 0.29820261437908496 0.01715686274509804 0.04411764705882353
0 0.9748774509803921 0.3513071895424837 0.028186274509803922 0.026143790849673203
0 0.9901960784313726 0.37990196078431376 0.0196078431372549 0.03104575163398693
0 0.9405637254901961 0.2965686274509804 0.030637254901960783 0.03104575163398693
0 0.8682598039215687 0.24101307189542484 0.028186274509803922 0.05065359477124183
0 0.8443627450980392 0.23692810457516342 0.024509803921568627 0.049019607843137254
0 0.8382352941176471 0.28839869281045755 0.02696078431372549 0.06045751633986928
0 0.8633578431372549 0.28431372549019607 0.023284313725490197 0.049019607843137254
0 0.8890931372549019 0.3047385620915033 0.03308823529411765 0.04738562091503268
0 0.8786764705882353 0.34885620915032683 0.024509803921568627 0.04084967320261438
0 0.9007352941176471 0.3562091503267974 0.02696078431372549 0.042483660130718956
0 0.9178921568627451 0.3929738562091503 0.0196078431372549 0.04411764705882353
0 0.9307598039215687 0.3276143790849673 0.05024509803921569 0.08333333333333334
0 0.8400735294117647 0.3415032679738562 0.020833333333333332 0.042483660130718956
0 0.8946078431372549 0.3929738562091503 0.024509803921568627 0.04084967320261438
0 0.954656862745098 0.42483660130718953 0.024509803921568627 0.05555555555555556
0 0.9846813725490196 0.4722222222222222 0.023284313725490197 0.058823529411764705
0 0.9650735294117647 0.4812091503267974 0.020833333333333332 0.04738562091503268
0 0.9883578431372549 0.5923202614379085 0.023284313725490197 0.03104575163398693
0 0.9871323529411764 0.5588235294117647 0.025735294117647058 0.03594771241830066
0 0.9889705882352942 0.6462418300653595 0.022058823529411763 0.07679738562091504
0 0.9558823529411764 0.5874183006535948 0.0196078431372549 0.03758169934640523
0 0.9644607843137255 0.6258169934640523 0.029411764705882353 0.0392156862745098
0 0.96875 0.6683006535947713 0.025735294117647058 0.05555555555555556
0 0.9852941176470588 0.6977124183006537 0.02696078431372549 0.026143790849673203
0 0.9920343137254902 0.7312091503267975 0.015931372549019607 0.04411764705882353
0 0.9846813725490196 0.7794117647058824 0.030637254901960783 0.0784313725490196
0 0.9742647058823529 0.7173202614379085 0.022058823529411763 0.03594771241830066
0 0.9583333333333334 0.7271241830065359 0.024509803921568627 0.058823529411764705
0 0.9332107843137255 0.6968954248366013 0.03308823529411765 0.07679738562091504
0 0.9375 0.6364379084967321 0.024509803921568627 0.05065359477124183
0 0.9301470588235294 0.5767973856209151 0.0392156862745098 0.06535947712418301
0 0.9479166666666666 0.8504901960784313 0.03799019607843137 0.05065359477124183
0 0.9816176470588235 0.8423202614379085 0.022058823529411763 0.03431372549019608
0 0.9908088235294118 0.8815359477124183 0.01838235294117647 0.06372549019607843
0 0.977328431372549 0.9133986928104575 0.020833333333333332 0.05228758169934641
0 0.946078431372549 0.9117647058823529 0.041666666666666664 0.058823529411764705
0 0.9246323529411764 0.9379084967320261 0.025735294117647058 0.05555555555555556
0 0.9056372549019608 0.9616013071895425 0.0196078431372549 0.04084967320261438
0 0.9172794117647058 0.8741830065359477 0.03799019607843137 0.03594771241830066
0 0.8823529411764706 0.8349673202614379 0.0392156862745098 0.058823529411764705
0 0.8915441176470588 0.9044117647058824 0.04044117647058824 0.07679738562091504
0 0.8504901960784313 0.8619281045751634 0.04656862745098039 0.08333333333333334
0 0.8474264705882353 0.9248366013071896 0.030637254901960783 0.05228758169934641
0 0.8204656862745098 0.9166666666666667 0.030637254901960783 0.05555555555555556
0 0.7971813725490196 0.9632352941176471 0.03553921568627451 0.06372549019607843
0 0.7849264705882353 0.8929738562091504 0.0428921568627451 0.08660130718954248
0 0.7996323529411764 0.8513071895424836 0.04044117647058824 0.06862745098039216
0 0.7377450980392157 0.8398692810457516 0.051470588235294115 0.08823529411764706
0 0.7659313725490196 0.9460784313725491 0.03676470588235294 0.032679738562091505
0 0.7444852941176471 0.923202614379085 0.030637254901960783 0.06209150326797386
0 0.6875 0.7704248366013072 0.024509803921568627 0.06372549019607843
0 0.7113970588235294 0.7426470588235294 0.028186274509803922 0.057189542483660136
0 0.7156862745098039 0.7859477124183006 0.031862745098039214 0.032679738562091505
0 0.7653186274509803 0.7818627450980392 0.030637254901960783 0.05392156862745098
0 0.7659313725490196 0.8284313725490197 0.024509803921568627 0.0392156862745098
0 0.7401960784313726 0.7769607843137255 0.029411764705882353 0.057189542483660136
0 0.8075980392156863 0.7810457516339869 0.022058823529411763 0.042483660130718956
0 0.8560049019607843 0.7696078431372549 0.028186274509803922 0.0392156862745098
0 0.8707107843137255 0.7598039215686275 0.020833333333333332 0.042483660130718956
0 0.5263480392156863 0.5351307189542484 0.04779411764705882 0.04411764705882353
0 0.5612745098039216 0.5098039215686274 0.022058823529411763 0.058823529411764705
0 0.7371323529411764 0.6977124183006537 0.030637254901960783 0.05228758169934641
0 0.7616421568627451 0.7377450980392157 0.030637254901960783 0.05065359477124183
0 0.7910539215686274 0.7516339869281046 0.023284313725490197 0.05555555555555556
0 0.8112745098039216 0.7352941176470589 0.024509803921568627 0.05228758169934641
0 0.835171568627451 0.7271241830065359 0.025735294117647058 0.05555555555555556
0 0.8547794117647058 0.7116013071895425 0.023284313725490197 0.05065359477124183
0 0.8731617647058824 0.6895424836601307 0.030637254901960783 0.058823529411764705
0 0.9037990196078431 0.7091503267973857 0.030637254901960783 0.058823529411764705
0 0.9001225490196079 0.6576797385620915 0.028186274509803922 0.03758169934640523
0 0.8872549019607843 0.7393790849673203 0.022058823529411763 0.07352941176470588
0 0.7175245098039216 0.6535947712418301 0.023284313725490197 0.05228758169934641
0 0.7389705882352942 0.6535947712418301 0.022058823529411763 0.05228758169934641
0 0.7616421568627451 0.6756535947712419 0.025735294117647058 0.07352941176470588
0 0.7794117647058824 0.7156862745098039 0.0196078431372549 0.04575163398692811
0 0.7928921568627451 0.6895424836601307 0.03431372549019608 0.042483660130718956
0 0.8204656862745098 0.6854575163398693 0.025735294117647058 0.04738562091503268
0 0.8468137254901961 0.6707516339869282 0.024509803921568627 0.05065359477124183
0 0.7781862745098039 0.6560457516339869 0.0196078431372549 0.03758169934640523
0 0.8057598039215687 0.6511437908496732 0.028186274509803922 0.05392156862745098
0 0.8272058823529411 0.6225490196078431 0.029411764705882353 0.058823529411764705
0 0.8958333333333334 0.6127450980392157 0.058823529411764705 0.06535947712418301
0 0.8719362745098039 0.5759803921568628 0.03553921568627451 0.06045751633986928
0 0.8988970588235294 0.5612745098039216 0.023284313725490197 0.04411764705882353
0 0.9080882352941176 0.5040849673202614 0.029411764705882353 0.04738562091503268
0 0.9111519607843137 0.4714052287581699 0.025735294117647058 0.03758169934640523
0 0.883578431372549 0.4575163398692811 0.022058823529411763 0.042483660130718956
0 0.8682598039215687 0.42647058823529416 0.023284313725490197 0.05228758169934641
0 0.8529411764705882 0.46486928104575165 0.02696078431372549 0.057189542483660136
0 0.8713235294117647 0.505718954248366 0.029411764705882353 0.07352941176470588
0 0.8547794117647058 0.5449346405228759 0.023284313725490197 0.04738562091503268
0 0.8449754901960784 0.5825163398692811 0.025735294117647058 0.04738562091503268
0 0.8241421568627451 0.5669934640522876 0.025735294117647058 0.05555555555555556
0 0.8333333333333334 0.5285947712418301 0.024509803921568627 0.04411764705882353
0 0.8431372549019608 0.49673202614379086 0.024509803921568627 0.049019607843137254
0 0.8149509803921569 0.4820261437908497 0.031862745098039214 0.049019607843137254
0 0.8204656862745098 0.45588235294117646 0.03553921568627451 0.026143790849673203
0 0.7800245098039216 0.41911764705882354 0.023284313725490197 0.05065359477124183
0 0.7365196078431372 0.5972222222222222 0.03676470588235294 0.06699346405228758
0 0.7965686274509803 0.6127450980392157 0.031862745098039214 0.032679738562091505
0 0.7959558823529411 0.5359477124183006 0.030637254901960783 0.06209150326797386
0 0.767156862745098 0.6004901960784313 0.029411764705882353 0.07026143790849673
0 0.7420343137254902 0.5204248366013072 0.030637254901960783 0.07352941176470588
0 0.7120098039215687 0.5375816993464052 0.031862745098039214 0.049019607843137254
0 0.6930147058823529 0.5571895424836601 0.030637254901960783 0.058823529411764705
0 0.7077205882352942 0.6062091503267975 0.030637254901960783 0.06535947712418301
0 0.7193627450980392 0.4893790849673203 0.024509803921568627 0.04084967320261438
0 0.6746323529411765 0.5032679738562091 0.028186274509803922 0.049019607843137254
0 0.6899509803921569 0.4624183006535948 0.022058823529411763 0.049019607843137254
0 0.6709558823529411 0.44689542483660133 0.023284313725490197 0.05392156862745098
0 0.6133578431372549 0.4714052287581699 0.028186274509803922 0.04411764705882353
0 0.5888480392156863 0.4550653594771242 0.025735294117647058 0.06045751633986928
0 0.5876225490196079 0.375 0.04044117647058824 0.04411764705882353
0 0.6930147058823529 0.4076797385620915 0.025735294117647058 0.057189542483660136
0 0.727328431372549 0.3709150326797386 0.04534313725490196 0.09150326797385622
0 0.7604166666666666 0.37663398692810457 0.020833333333333332 0.07026143790849673
0 0.7763480392156863 0.33333333333333337 0.030637254901960783 0.05555555555555556
0 0.7518382352941176 0.3088235294117647 0.020833333333333332 0.04575163398692811
0 0.772671568627451 0.28104575163398693 0.03799019607843137 0.06209150326797386
0 0.7481617647058824 0.2246732026143791 0.025735294117647058 0.04738562091503268
0 0.7689950980392157 0.19934640522875818 0.020833333333333332 0.049019607843137254
0 0.8045343137254902 0.19771241830065361 0.020833333333333332 0.04575163398692811
0 0.7941176470588235 0.16666666666666669 0.01715686274509804 0.032679738562091505
0 0.5802696078431372 0.32026143790849676 0.023284313725490197 0.04575163398692811
0 0.6348039215686274 0.3137254901960784 0.041666666666666664 0.04575163398692811
0 0.6819852941176471 0.34885620915032683 0.03799019607843137 0.05065359477124183
0 0.7205882352941176 0.2908496732026144 0.022058823529411763 0.05228758169934641
0 0.7383578431372549 0.26552287581699346 0.025735294117647058 0.05392156862745098
0 0.6973039215686274 0.309640522875817 0.029411764705882353 0.04411764705882353
0 0.6924019607843137 0.2696078431372549 0.03431372549019608 0.06209150326797386
0 0.6642156862745098 0.28104575163398693 0.024509803921568627 0.058823529411764705
0 0.6770833333333334 0.23692810457516342 0.01838235294117647 0.0392156862745098
0 0.6084558823529411 0.23529411764705882 0.025735294117647058 0.06535947712418301
0 0.6341911764705882 0.21895424836601307 0.020833333333333332 0.05228758169934641
0 0.5888480392156863 0.2712418300653595 0.03308823529411765 0.049019607843137254
0 0.5625 0.24673202614379086 0.01715686274509804 0.042483660130718956
0 0.571078431372549 0.20179738562091504 0.029411764705882353 0.05065359477124183
0 0.5919117647058824 0.18382352941176472 0.0196078431372549 0.04411764705882353
0 0.602328431372549 0.1568627450980392 0.023284313725490197 0.0392156862745098
0 0.6213235294117647 0.19771241830065361 0.024509803921568627 0.05555555555555556
0 0.6446078431372549 0.17647058823529413 0.031862745098039214 0.029411764705882353
0 0.6678921568627451 0.19362745098039216 0.024509803921568627 0.04738562091503268
0 0.7003676470588235 0.19035947712418302 0.023284313725490197 0.06372549019607843
0 0.7175245098039216 0.21568627450980393 0.020833333333333332 0.042483660130718956
0 0.7561274509803921 0.15359477124183007 0.022058823529411763 0.042483660130718956
0 0.7818627450980392 0.14052287581699346 0.024509803921568627 0.029411764705882353
0 0.7769607843137255 0.09803921568627451 0.0392156862745098 0.06209150326797386
0 0.7922794117647058 0.05065359477124183 0.015931372549019607 0.03594771241830066
0 0.6832107843137255 0.15604575163398693 0.020833333333333332 0.04738562091503268
0 0.6991421568627451 0.13071895424836602 0.025735294117647058 0.0392156862745098
0 0.7022058823529411 0.10620915032679738 0.0196078431372549 0.042483660130718956
0 0.735906862745098 0.10294117647058824 0.015931372549019607 0.042483660130718956
0 0.7212009803921569 0.1527777777777778 0.023284313725490197 0.05065359477124183
0 0.7457107843137255 0.1323529411764706 0.023284313725490197 0.042483660130718956
0 0.6158088235294118 0.11519607843137256 0.025735294117647058 0.04411764705882353
0 0.6348039215686274 0.14869281045751634 0.0196078431372549 0.0392156862745098
0 0.65625 0.14460784313725492 0.025735294117647058 0.03431372549019608
0 0.6685049019607843 0.1119281045751634 0.020833333333333332 0.03431372549019608
0 0.6470588235294118 0.10375816993464053 0.024509803921568627 0.04738562091503268
0 0.6482843137254902 0.059640522875817 0.024509803921568627 0.04411764705882353
0 0.6678921568627451 0.06699346405228758 0.0196078431372549 0.04575163398692811
0 0.7071078431372549 0.0727124183006536 0.031862745098039214 0.02777777777777778
0 0.6666666666666666 0.024509803921568627 0.044117647058823525 0.042483660130718956
0 0.7052696078431372 0.03022875816993464 0.03308823529411765 0.057189542483660136
0 0.6875 0.05310457516339869 0.02696078431372549 0.03104575163398693
0 0.7242647058823529 0.05065359477124183 0.01715686274509804 0.0392156862745098
0 0.7365196078431372 0.03594771241830066 0.01715686274509804 0.042483660130718956
0 0.7457107843137255 0.0727124183006536 0.020833333333333332 0.03758169934640523
0 0.7818627450980392 0.02042483660130719 0.029411764705882353 0.03758169934640523
0 0.7549019607843137 0.03594771241830066 0.022058823529411763 0.049019607843137254
0 0.7702205882352942 0.056372549019607844 0.025735294117647058 0.03431372549019608
0 0.3676470588235294 0.4950980392156863 0.0392156862745098 0.04575163398692811
0 0.37806372549019607 0.5433006535947713 0.028186274509803922 0.04084967320261438
0 0.3474264705882353 0.4338235294117647 0.01838235294117647 0.03758169934640523
0 0.13480392156862744 0.011437908496732027 0.02696078431372549 0.0196078431372549
0 0.06740196078431372 0.9861111111111112 0.024509803921568627 0.02777777777777778
0 0.00980392156862745 0.934640522875817 0.01715686274509804 0.06862745098039216
