0 0.08455882352941177 0.8472222222222222 0.031862745098039214 0.03104575163398693
0 0.0974264705882353 0.8766339869281046 0.030637254901960783 0.02777777777777778
0 0.027573529411764705 0.9052287581699346 0.028186274509803922 0.026143790849673203
0 0.07230392156862744 0.917483660130719 0.06372549019607843 0.057189542483660136
0 0.0196078431372549 0.940359477124183 0.03431372549019608 0.03104575163398693
0 0.037377450980392156 0.9648692810457516 0.0428921568627451 0.03758169934640523
0 0.08517156862745098 0.9763071895424837 0.05514705882352941 0.04738562091503268
0 0.00980392156862745 0.9738562091503268 0.01715686274509804 0.029411764705882353
0 0.037377450980392156 0.9893790849673203 0.05759803921568627 0.021241830065359478
0 0.1758578431372549 0.9820261437908497 0.06004901960784314 0.03594771241830066
0 0.2383578431372549 0.9861111111111112 0.04044117647058824 0.02777777777777778
0 0.28125 0.982843137254902 0.04534313725490196 0.03431372549019608
0 0.31862745098039214 0.9869281045751634 0.03676470588235294 0.026143790849673203
0 0.3854166666666667 0.9787581699346406 0.030637254901960783 0.03594771241830066
0 0.42401960784313725 0.9656862745098039 0.0392156862745098 0.032679738562091505
0 0.4319852941176471 0.9893790849673203 0.05024509803921569 0.021241830065359478
0 0.616421568627451 0.7998366013071896 0.029411764705882353 0.03104575163398693
0 0.8743872549019608 0.8848039215686275 0.05514705882352941 0.04738562091503268
0 0.9332107843137255 0.8790849673202614 0.028186274509803922 0.032679738562091505
0 0.852328431372549 0.9223856209150327 0.04044117647058824 0.03758169934640523
0 0.8192401960784313 0.9313725490196079 0.028186274509803922 0.026143790849673203
0 0.8143382352941176 0.9705882352941176 0.03799019607843137 0.05228758169934641
0 0.8596813725490196 0.9754901960784313 0.05269607843137255 0.049019607843137254
0 0.8774509803921569 0.9362745098039216 0.024509803921568627 0.029411764705882353
0 0.9044117647058824 0.9754901960784313 0.024509803921568627 0.032679738562091505
0 0.9473039215686274 0.9836601307189543 0.04656862745098039 0.032679738562091505
0 0.9816176470588235 0.9738562091503268 0.03676470588235294 0.05228758169934641
0 0.7794117647058824 0.9575163398692811 0.029411764705882353 0.022875816993464054
0 0.7205882352941176 0.9558823529411765 0.029411764705882353 0.029411764705882353
0 0.7469362745098039 0.9787581699346406 0.05514705882352941 0.042483660130718956
0 0.8014705882352942 0.9419934640522876 0.022058823529411763 0.02777777777777778
