0 0.8905228758169935 0.04840686274509804 0.06862745098039216 0.03799019607843137
0 0.22222222222222224 0.14583333333333334 0.05555555555555556 0.029411764705882353
0 0.32516339869281047 0.1409313725490196 0.049019607843137254 0.024509803921568627
0 0.12009803921568628 0.1525735294117647 0.04411764705882353 0.023284313725490197
0 0.059640522875817 0.14276960784313725 0.06372549019607843 0.028186274509803922
0 0.018790849673202614 0.13051470588235295 0.03431372549019608 0.028186274509803922
0 0.2916666666666667 0.14154411764705882 0.02777777777777778 0.013480392156862746
0 0.2581699346405229 0.14276960784313725 0.022875816993464054 0.013480392156862746
0 0.2728758169934641 0.1482843137254902 0.029411764705882353 0.012254901960784314
0 0.015522875816993464 0.15134803921568626 0.02777777777777778 0.020833333333333332
0 0.13643790849673204 0.12990196078431374 0.03104575163398693 0.014705882352941176
