0 0.04044117647058824 0.6895424836601307 0.049019607843137254 0.0392156862745098
0 0.020833333333333332 0.7140522875816994 0.0392156862745098 0.049019607843137254
0 0.013480392156862746 0.7491830065359477 0.024509803921568627 0.021241830065359478
0 0.07659313725490197 0.6290849673202614 0.0428921568627451 0.0392156862745098
0 0.13664215686274508 0.5972222222222222 0.05269607843137255 0.04738562091503268
0 0.11580882352941177 0.6331699346405228 0.028186274509803922 0.02777777777777778
0 0.14950980392156862 0.6527777777777778 0.044117647058823525 0.03758169934640523
0 0.11090686274509803 0.6748366013071896 0.030637254901960783 0.026143790849673203
0 0.1409313725490196 0.6952614379084967 0.049019607843137254 0.05392156862745098
0 0.08394607843137254 0.6936274509803921 0.028186274509803922 0.03104575163398693
0 0.06678921568627451 0.7287581699346406 0.05024509803921569 0.042483660130718956
0 0.10723039215686274 0.7034313725490197 0.01838235294117647 0.03758169934640523
0 0.12254901960784313 0.7369281045751634 0.056372549019607844 0.04575163398692811
0 0.16544117647058823 0.7393790849673203 0.02696078431372549 0.02777777777777778
0 0.16605392156862744 0.7720588235294118 0.023284313725490197 0.02777777777777778
0 0.1764705882352941 0.6266339869281046 0.022058823529411763 0.04411764705882353
0 0.19791666666666666 0.607843137254902 0.028186274509803922 0.029411764705882353
0 0.22549019607843138 0.6421568627450981 0.06372549019607843 0.05555555555555556
0 0.26838235294117646 0.6781045751633987 0.058823529411764705 0.04575163398692811
0 0.20404411764705882 0.678921568627451 0.028186274509803922 0.024509803921568627
0 0.1801470588235294 0.6944444444444444 0.02696078431372549 0.022875816993464054
0 0.20465686274509803 0.7173202614379085 0.06862745098039216 0.05555555555555556
0 0.2542892156862745 0.7393790849673203 0.06004901960784314 0.04411764705882353
0 0.25183823529411764 0.7753267973856209 0.03799019607843137 0.03431372549019608
0 0.21017156862745098 0.7606209150326798 0.04779411764705882 0.03758169934640523
0 0.3125 0.7214052287581699 0.056372549019607844 0.04084967320261438
0 0.31004901960784315 0.7573529411764706 0.041666666666666664 0.03104575163398693
0 0.3002450980392157 0.7802287581699346 0.022058823529411763 0.02777777777777778
0 0.352328431372549 0.7516339869281046 0.05269607843137255 0.04575163398692811
0 0.38786764705882354 0.7401960784313726 0.04044117647058824 0.032679738562091505
0 0.2420343137254902 0.5416666666666666 0.03799019607843137 0.06699346405228758
0 0.2769607843137255 0.5032679738562091 0.02696078431372549 0.0392156862745098
0 0.29534313725490197 0.5334967320261438 0.041666666666666664 0.03758169934640523
0 0.31924019607843135 0.5604575163398693 0.030637254901960783 0.03594771241830066
0 0.27512254901960786 0.5718954248366013 0.03308823529411765 0.026143790849673203
0 0.3002450980392157 0.5898692810457516 0.05392156862745098 0.0392156862745098
0 0.28431372549019607 0.6364379084967321 0.044117647058823525 0.04738562091503268
0 0.3272058823529412 0.6241830065359477 0.04656862745098039 0.05228758169934641
0 0.33026960784313725 0.6666666666666667 0.04534313725490196 0.03594771241830066
0 0.3694852941176471 0.4950980392156863 0.05269607843137255 0.04575163398692811
0 0.4332107843137255 0.48366013071895425 0.03799019607843137 0.032679738562091505
0 0.47855392156862747 0.47058823529411764 0.03553921568627451 0.032679738562091505
0 0.4767156862745098 0.5106209150326797 0.029411764705882353 0.02777777777777778
0 0.44730392156862747 0.5277777777777778 0.029411764705882353 0.026143790849673203
0 0.42463235294117646 0.5498366013071896 0.023284313725490197 0.04084967320261438
0 0.38786764705882354 0.5400326797385621 0.03799019607843137 0.03431372549019608
0 0.3694852941176471 0.5800653594771242 0.05759803921568627 0.04575163398692811
0 0.38112745098039214 0.6143790849673203 0.0196078431372549 0.026143790849673203
0 0.3553921568627451 0.6331699346405228 0.029411764705882353 0.05392156862745098
0 0.3756127450980392 0.6535947712418301 0.03308823529411765 0.049019607843137254
0 0.40012254901960786 0.6568627450980392 0.01838235294117647 0.049019607843137254
0 0.3860294117647059 0.6952614379084967 0.05392156862745098 0.04738562091503268
0 0.25306372549019607 0.7099673202614379 0.030637254901960783 0.021241830065359478
0 0.4491421568627451 0.5669934640522876 0.04044117647058824 0.049019607843137254
0 0.42034313725490197 0.6029411764705882 0.022058823529411763 0.04575163398692811
0 0.4454656862745098 0.613562091503268 0.030637254901960783 0.02777777777777778
0 0.42034313725490197 0.6380718954248367 0.029411764705882353 0.024509803921568627
0 0.4215686274509804 0.6813725490196079 0.024509803921568627 0.042483660130718956
0 0.42034313725490197 0.744281045751634 0.03676470588235294 0.03431372549019608
0 0.446078431372549 0.763888888888889 0.024509803921568627 0.03431372549019608
0 0.43443627450980393 0.6519607843137255 0.03553921568627451 0.032679738562091505
0 0.4699754901960784 0.6397058823529412 0.0428921568627451 0.06045751633986928
0 0.46078431372549017 0.7058823529411765 0.061274509803921566 0.058823529411764705
0 0.4613970588235294 0.7581699346405228 0.020833333333333332 0.022875816993464054
0 0.4877450980392157 0.7598039215686275 0.02696078431372549 0.05228758169934641
0 0.5238970588235294 0.7532679738562091 0.05024509803921569 0.05228758169934641
0 0.5122549019607843 0.4959150326797386 0.03431372549019608 0.06372549019607843
0 0.48161764705882354 0.5383986928104575 0.031862745098039214 0.024509803921568627
0 0.4730392156862745 0.5718954248366013 0.024509803921568627 0.03594771241830066
0 0.5030637254901961 0.5637254901960784 0.03308823529411765 0.0392156862745098
0 0.5294117647058824 0.5890522875816994 0.049019607843137254 0.04738562091503268
0 0.5018382352941176 0.6111111111111112 0.020833333333333332 0.0392156862745098
0 0.5251225490196079 0.625 0.025735294117647058 0.024509803921568627
0 0.5667892156862745 0.607843137254902 0.023284313725490197 0.05555555555555556
0 0.5490196078431373 0.6535947712418301 0.022058823529411763 0.04575163398692811
0 0.5079656862745098 0.6552287581699346 0.05269607843137255 0.05228758169934641
0 0.5318627450980392 0.6993464052287582 0.056372549019607844 0.049019607843137254
0 0.5827205882352942 0.698529411764706 0.04779411764705882 0.04411764705882353
0 0.5575980392156863 0.7508169934640523 0.024509803921568627 0.024509803921568627
0 0.5833333333333334 0.7598039215686275 0.03676470588235294 0.03594771241830066
0 0.6311274509803921 0.7679738562091504 0.058823529411764705 0.05228758169934641
0 0.6611519607843137 0.7916666666666667 0.028186274509803922 0.02777777777777778
0 0.6832107843137255 0.7671568627450981 0.03799019607843137 0.05392156862745098
0 0.9791666666666666 0.7777777777777778 0.041666666666666664 0.06535947712418301
0 0.9497549019607843 0.7810457516339869 0.0196078431372549 0.0392156862745098
0 0.9552696078431372 0.7320261437908497 0.05514705882352941 0.05228758169934641
0 0.9779411764705882 0.6919934640522876 0.044117647058823525 0.05065359477124183
0 0.9338235294117647 0.6535947712418301 0.058823529411764705 0.049019607843137254
0 0.9742647058823529 0.6233660130718954 0.03676470588235294 0.02777777777777778
0 0.8682598039215687 0.6805555555555556 0.028186274509803922 0.04084967320261438
0 0.8903186274509803 0.7745098039215687 0.05759803921568627 0.058823529411764705
0 0.9552696078431372 0.9640522875816994 0.03799019607843137 0.05228758169934641
0 0.9583333333333334 0.9191176470588236 0.024509803921568627 0.021241830065359478
0 0.9558823529411764 0.8929738562091504 0.029411764705882353 0.024509803921568627
0 0.8995098039215687 0.8709150326797386 0.022058823529411763 0.0196078431372549
0 0.914828431372549 0.8839869281045752 0.030637254901960783 0.022875816993464054
0 0.9123774509803921 0.9330065359477124 0.04044117647058824 0.03594771241830066
0 0.8376225490196079 0.857843137254902 0.023284313725490197 0.042483660130718956
0 0.8511029411764706 0.8709150326797386 0.028186274509803922 0.022875816993464054
0 0.8002450980392157 0.8374183006535948 0.03431372549019608 0.03104575163398693
0 0.7879901960784313 0.8668300653594772 0.044117647058823525 0.03758169934640523
0 0.7561274509803921 0.8586601307189543 0.024509803921568627 0.02777777777777778
0 0.8284313725490196 0.8970588235294118 0.024509803921568627 0.022875816993464054
0 0.8063725490196079 0.9150326797385622 0.02696078431372549 0.026143790849673203
0 0.7751225490196079 0.9101307189542484 0.04779411764705882 0.05228758169934641
0 0.7352941176470588 0.9354575163398693 0.041666666666666664 0.03758169934640523
0 0.6997549019607843 0.9738562091503268 0.061274509803921566 0.05228758169934641
0 0.6617647058823529 0.9452614379084968 0.051470588235294115 0.04411764705882353
0 0.7034313725490196 0.928921568627451 0.029411764705882353 0.03758169934640523
0 0.7150735294117647 0.8839869281045752 0.05269607843137255 0.049019607843137254
0 0.6813725490196079 0.8643790849673203 0.031862745098039214 0.026143790849673203
0 0.6470588235294118 0.875 0.02696078431372549 0.024509803921568627
0 0.6660539215686274 0.9035947712418301 0.05269607843137255 0.0392156862745098
0 0.610906862745098 0.8856209150326798 0.023284313725490197 0.0196078431372549
0 0.585171568627451 0.9207516339869282 0.06004901960784314 0.057189542483660136
0 0.6231617647058824 0.9379084967320261 0.023284313725490197 0.032679738562091505
0 0.6268382352941176 0.9754901960784313 0.028186274509803922 0.032679738562091505
0 0.6127450980392157 0.9616013071895425 0.012254901960784314 0.03758169934640523
0 0.5906862745098039 0.9681372549019608 0.02696078431372549 0.024509803921568627
0 0.5367647058823529 0.9027777777777778 0.024509803921568627 0.024509803921568627
0 0.5416666666666666 0.9501633986928105 0.05392156862745098 0.04738562091503268
0 0.5471813725490196 0.9852941176470589 0.030637254901960783 0.029411764705882353
0 0.8308823529411764 0.7524509803921569 0.05392156862745098 0.05065359477124183
0 0.8517156862745098 0.7867647058823529 0.024509803921568627 0.03104575163398693
0 0.7775735294117647 0.8014705882352942 0.028186274509803922 0.03431372549019608
0 0.7542892156862745 0.7622549019607844 0.05759803921568627 0.057189542483660136
0 0.7156862745098039 0.763888888888889 0.031862745098039214 0.04411764705882353
0 0.7536764705882353 0.7124183006535948 0.049019607843137254 0.04575163398692811
0 0.7800245098039216 0.6805555555555556 0.04044117647058824 0.03758169934640523
0 0.8137254901960784 0.698529411764706 0.02696078431372549 0.05392156862745098
0 0.8474264705882353 0.6527777777777778 0.03553921568627451 0.02777777777777778
0 0.6341911764705882 0.6584967320261438 0.05024509803921569 0.049019607843137254
0 0.6176470588235294 0.7246732026143791 0.0392156862745098 0.03104575163398693
0 0.642156862745098 0.7189542483660131 0.0196078431372549 0.042483660130718956
0 0.6991421568627451 0.7426470588235294 0.028186274509803922 0.024509803921568627
0 0.6850490196078431 0.7009803921568628 0.03676470588235294 0.0392156862745098
0 0.6654411764705882 0.6919934640522876 0.02696078431372549 0.03758169934640523
0 0.6207107843137255 0.6977124183006537 0.023284313725490197 0.026143790849673203
0 0.5631127450980392 0.6601307189542484 0.01838235294117647 0.03594771241830066
0 0.5968137254901961 0.6544117647058824 0.02696078431372549 0.02777777777777778
0 0.6066176470588235 0.6274509803921569 0.03431372549019608 0.026143790849673203
0 0.5863970588235294 0.5833333333333334 0.04044117647058824 0.0392156862745098
0 0.5435049019607843 0.5392156862745098 0.04534313725490196 0.049019607843137254
0 0.5802696078431372 0.5392156862745098 0.028186274509803922 0.032679738562091505
0 0.6237745098039216 0.5669934640522876 0.0392156862745098 0.07189542483660132
0 0.6531862745098039 0.5392156862745098 0.031862745098039214 0.032679738562091505
0 0.6715686274509803 0.5563725490196079 0.03431372549019608 0.024509803921568627
0 0.6544117647058824 0.5800653594771242 0.022058823529411763 0.042483660130718956
0 0.6764705882352942 0.5833333333333334 0.029411764705882353 0.029411764705882353
0 0.6691176470588235 0.6127450980392157 0.031862745098039214 0.032679738562091505
0 0.6642156862745098 0.6462418300653595 0.024509803921568627 0.03104575163398693
0 0.7071078431372549 0.6503267973856209 0.051470588235294115 0.058823529411764705
0 0.7408088235294118 0.6151960784313726 0.05759803921568627 0.05065359477124183
0 0.7052696078431372 0.5751633986928105 0.0428921568627451 0.05555555555555556
0 0.6262254901960784 0.5016339869281046 0.031862745098039214 0.0392156862745098
0 0.5361519607843137 0.45179738562091504 0.03308823529411765 0.02777777777777778
0 0.5545343137254902 0.4763071895424837 0.05024509803921569 0.03758169934640523
0 0.579656862745098 0.5008169934640523 0.0392156862745098 0.03431372549019608
0 0.875 0.7222222222222222 0.031862745098039214 0.049019607843137254
0 0.8406862745098039 0.6870915032679739 0.0392156862745098 0.05065359477124183
0 0.8841911764705882 0.6405228758169935 0.030637254901960783 0.026143790849673203
0 0.9252450980392156 0.6094771241830066 0.051470588235294115 0.04575163398692811
0 0.9736519607843137 0.5996732026143791 0.028186274509803922 0.022875816993464054
0 0.8933823529411764 0.690359477124183 0.022058823529411763 0.024509803921568627
0 0.7953431372549019 0.6560457516339869 0.03431372549019608 0.02777777777777778
0 0.8088235294117647 0.579248366013072 0.03676470588235294 0.03104575163398693
0 0.7824754901960784 0.5890522875816994 0.023284313725490197 0.03431372549019608
0 0.9264705882352942 0.5147058823529412 0.041666666666666664 0.0392156862745098
0 0.9626225490196079 0.5588235294117647 0.04534313725490196 0.0392156862745098
0 0.9301470588235294 0.5531045751633987 0.02696078431372549 0.04084967320261438
0 0.9834558823529411 0.5163398692810458 0.023284313725490197 0.03594771241830066
0 0.897671568627451 0.7214052287581699 0.025735294117647058 0.03758169934640523
0 0.8841911764705882 0.542483660130719 0.028186274509803922 0.032679738562091505
0 0.8756127450980392 0.579248366013072 0.023284313725490197 0.03758169934640523
0 0.8897058823529411 0.6053921568627452 0.022058823529411763 0.03758169934640523
0 0.8449754901960784 0.6021241830065359 0.05514705882352941 0.05065359477124183
0 0.8051470588235294 0.6339869281045751 0.022058823529411763 0.022875816993464054
0 0.8504901960784313 0.548202614379085 0.0196078431372549 0.03431372549019608
0 0.8651960784313726 0.5228758169934641 0.03431372549019608 0.026143790849673203
0 0.8884803921568627 0.4901960784313726 0.022058823529411763 0.04575163398692811
0 0.9123774509803921 0.4681372549019608 0.04044117647058824 0.03431372549019608
0 0.9497549019607843 0.4665032679738562 0.029411764705882353 0.024509803921568627
0 0.9754901960784313 0.46977124183006536 0.0196078431372549 0.03431372549019608
0 0.9632352941176471 0.5008169934640523 0.031862745098039214 0.02777777777777778
0 0.9613970588235294 0.5302287581699346 0.028186274509803922 0.024509803921568627
0 0.923406862745098 0.4395424836601307 0.030637254901960783 0.026143790849673203
0 0.892156862745098 0.4084967320261438 0.031862745098039214 0.05228758169934641
0 0.8719362745098039 0.3611111111111111 0.03553921568627451 0.029411764705882353
0 0.8498774509803921 0.4076797385620915 0.023284313725490197 0.03758169934640523
0 0.8553921568627451 0.4575163398692811 0.0196078431372549 0.042483660130718956
0 0.8762254901960784 0.44689542483660133 0.022058823529411763 0.04738562091503268
0 0.8143382352941176 0.46895424836601307 0.05759803921568627 0.049019607843137254
0 0.8419117647058824 0.488562091503268 0.0196078431372549 0.03594771241830066
0 0.7904411764705882 0.5171568627450981 0.03431372549019608 0.024509803921568627
0 0.7971813725490196 0.5433006535947713 0.05024509803921569 0.04738562091503268
0 0.835171568627451 0.5318627450980392 0.028186274509803922 0.02777777777777778
0 0.6623774509803921 0.4550653594771242 0.020833333333333332 0.04084967320261438
0 0.6936274509803921 0.41258169934640526 0.051470588235294115 0.03758169934640523
0 0.6930147058823529 0.4934640522875817 0.030637254901960783 0.032679738562091505
0 0.7181372549019608 0.47794117647058826 0.029411764705882353 0.03104575163398693
0 0.7457107843137255 0.47058823529411764 0.028186274509803922 0.029411764705882353
0 0.7487745098039216 0.44607843137254904 0.02696078431372549 0.03594771241830066
0 0.7818627450980392 0.44526143790849676 0.031862745098039214 0.03104575163398693
0 0.8180147058823529 0.4158496732026144 0.03799019607843137 0.04084967320261438
0 0.7892156862745098 0.41013071895424835 0.024509803921568627 0.026143790849673203
0 0.8161764705882353 0.38480392156862747 0.031862745098039214 0.02777777777777778
0 0.9846813725490196 0.6470588235294118 0.030637254901960783 0.032679738562091505
0 0.727328431372549 0.7295751633986929 0.03308823529411765 0.03431372549019608
0 0.7916666666666666 0.763888888888889 0.02696078431372549 0.04411764705882353
0 0.789828431372549 0.7165032679738562 0.023284313725490197 0.03431372549019608
0 0.4185049019607843 0.7165032679738562 0.03308823529411765 0.024509803921568627
0 0.6531862745098039 0.9787581699346406 0.029411764705882353 0.026143790849673203
0 0.24448529411764705 0.8978758169934641 0.03308823529411765 0.03104575163398693
0 0.2107843137254902 0.8856209150326798 0.029411764705882353 0.032679738562091505
0 0.9908088235294118 0.4493464052287582 0.015931372549019607 0.03594771241830066
