0 0.13725490196078433 0.7175245098039216 0.029411764705882353 0.023284313725490197
0 0.9852941176470589 0.5747549019607843 0.029411764705882353 0.024509803921568627
0 0.9607843137254902 0.585171568627451 0.032679738562091505 0.025735294117647058
0 0.9313725490196079 0.5765931372549019 0.032679738562091505 0.025735294117647058
0 0.9027777777777778 0.5955882352941176 0.05392156862745098 0.02696078431372549
0 0.917483660130719 0.6158088235294118 0.03758169934640523 0.028186274509803922
0 0.9526143790849674 0.6151960784313726 0.04575163398692811 0.024509803921568627
0 0.9697712418300654 0.6317401960784313 0.057189542483660136 0.028186274509803922
0 0.9861111111111112 0.6525735294117647 0.024509803921568627 0.025735294117647058
0 0.9281045751633987 0.6341911764705882 0.029411764705882353 0.01838235294117647
0 0.06127450980392157 0.852328431372549 0.04084967320261438 0.03308823529411765
0 0.17320261437908496 0.8946078431372549 0.032679738562091505 0.029411764705882353
0 0.9901960784313726 0.6084558823529411 0.0196078431372549 0.025735294117647058
