0 0.07169117647058823 0.2238562091503268 0.0428921568627451 0.04575163398692811
0 0.11151960784313725 0.22058823529411764 0.04656862745098039 0.042483660130718956
0 0.12990196078431374 0.25326797385620914 0.049019607843137254 0.032679738562091505
0 0.10355392156862744 0.2712418300653595 0.04534313725490196 0.0392156862745098
0 0.16115196078431374 0.2687908496732026 0.06495098039215687 0.06045751633986928
0 0.15012254901960784 0.21650326797385622 0.03799019607843137 0.04084967320261438
0 0.17279411764705882 0.22794117647058823 0.0392156862745098 0.03758169934640523
0 0.2028186274509804 0.21405228758169936 0.04534313725490196 0.03594771241830066
0 0.2536764705882353 0.21650326797385622 0.049019607843137254 0.03104575163398693
0 0.2383578431372549 0.25326797385620914 0.03553921568627451 0.03594771241830066
0 0.26776960784313725 0.238562091503268 0.03553921568627451 0.032679738562091505
0 0.3008578431372549 0.21405228758169936 0.03799019607843137 0.03594771241830066
0 0.3517156862745098 0.22712418300653595 0.03676470588235294 0.03594771241830066
0 0.30637254901960786 0.2589869281045752 0.044117647058823525 0.04411764705882353
0 0.28125 0.2834967320261438 0.04779411764705882 0.06045751633986928
0 0.3645833333333333 0.2622549019607843 0.04779411764705882 0.04084967320261438
