0 0.01838235294117647 0.5147058823529412 0.0196078431372549 0.029411764705882353
0 0.04595588235294117 0.5245098039215687 0.04534313725490196 0.03594771241830066
0 0.06985294117647059 0.5318627450980392 0.029411764705882353 0.03431372549019608
0 0.09252450980392157 0.5236928104575164 0.020833333333333332 0.024509803921568627
0 0.08823529411764705 0.5433006535947713 0.0196078431372549 0.021241830065359478
0 0.015318627450980392 0.5988562091503268 0.028186274509803922 0.04738562091503268
0 0.029411764705882353 0.6380718954248367 0.02696078431372549 0.02777777777777778
0 0.020833333333333332 0.6609477124183006 0.0196078431372549 0.021241830065359478
0 0.12254901960784313 0.5253267973856209 0.022058823529411763 0.01797385620915033
0 0.15073529411764705 0.5375816993464052 0.031862745098039214 0.026143790849673203
0 0.12193627450980392 0.5441176470588236 0.03308823529411765 0.022875816993464054
0 0.11029411764705882 0.565359477124183 0.031862745098039214 0.029411764705882353
0 0.13725490196078433 0.5727124183006536 0.022058823529411763 0.024509803921568627
0 0.11274509803921569 0.6053921568627452 0.044117647058823525 0.04411764705882353
0 0.09620098039215687 0.5841503267973857 0.020833333333333332 0.01797385620915033
0 0.08088235294117647 0.5767973856209151 0.022058823529411763 0.022875816993464054
0 0.07230392156862744 0.5547385620915033 0.02696078431372549 0.021241830065359478
0 0.06495098039215687 0.5849673202614379 0.01715686274509804 0.0392156862745098
0 0.04840686274509804 0.6258169934640523 0.0428921568627451 0.042483660130718956
0 0.03125 0.5857843137254902 0.023284313725490197 0.04738562091503268
0 0.14705882352941177 0.5571895424836601 0.0196078431372549 0.0196078431372549
0 0.007352941176470588 0.6323529411764706 0.012254901960784314 0.0196078431372549
0 0.4987745098039216 0.5833333333333334 0.0196078431372549 0.026143790849673203
0 0.5214460784313726 0.5743464052287582 0.025735294117647058 0.024509803921568627
0 0.5196078431372549 0.5939542483660131 0.029411764705882353 0.02777777777777778
0 0.5281862745098039 0.6102941176470589 0.022058823529411763 0.021241830065359478
0 0.5698529411764706 0.553921568627451 0.031862745098039214 0.026143790849673203
0 0.5551470588235294 0.5915032679738562 0.044117647058823525 0.03594771241830066
0 0.5618872549019608 0.6217320261437909 0.03553921568627451 0.03431372549019608
0 0.5931372549019608 0.6266339869281046 0.024509803921568627 0.021241830065359478
0 0.6127450980392157 0.6258169934640523 0.024509803921568627 0.032679738562091505
0 0.5814950980392157 0.5980392156862745 0.023284313725490197 0.0196078431372549
0 0.6311274509803921 0.6233660130718954 0.01715686274509804 0.02777777777777778
0 0.6145833333333334 0.6045751633986929 0.023284313725490197 0.0196078431372549
0 0.6274509803921569 0.5906862745098039 0.024509803921568627 0.01797385620915033
0 0.6372549019607843 0.6094771241830066 0.022058823529411763 0.022875816993464054
0 0.6501225490196079 0.6241830065359477 0.020833333333333332 0.0196078431372549
0 0.6262254901960784 0.5457516339869282 0.02696078431372549 0.029411764705882353
0 0.6501225490196079 0.5473856209150327 0.020833333333333332 0.0196078431372549
0 0.6513480392156863 0.571078431372549 0.04534313725490196 0.03758169934640523
0 0.6942401960784313 0.5490196078431373 0.04534313725490196 0.0392156862745098
0 0.6727941176470588 0.6127450980392157 0.03431372549019608 0.032679738562091505
0 0.6801470588235294 0.6331699346405228 0.031862745098039214 0.03104575163398693
0 0.71875 0.579248366013072 0.030637254901960783 0.02777777777777778
0 0.7052696078431372 0.5964052287581699 0.020833333333333332 0.026143790849673203
0 0.6764705882352942 0.5874183006535948 0.03431372549019608 0.024509803921568627
0 0.727328431372549 0.6013071895424836 0.025735294117647058 0.026143790849673203
0 0.7267156862745098 0.6299019607843137 0.022058823529411763 0.02777777777777778
0 0.7653186274509803 0.5457516339869282 0.030637254901960783 0.026143790849673203
0 0.7683823529411764 0.5661764705882353 0.022058823529411763 0.02777777777777778
0 0.7469362745098039 0.5841503267973857 0.03553921568627451 0.02777777777777778
0 0.7493872549019608 0.6102941176470589 0.01838235294117647 0.024509803921568627
0 0.7781862745098039 0.5972222222222222 0.029411764705882353 0.021241830065359478
0 0.7714460784313726 0.6143790849673203 0.01838235294117647 0.0196078431372549
0 0.8063725490196079 0.6176470588235294 0.041666666666666664 0.04575163398692811
0 0.8118872549019608 0.5531045751633987 0.020833333333333332 0.01797385620915033
0 0.7916666666666666 0.5751633986928105 0.02696078431372549 0.022875816993464054
0 0.8290441176470588 0.5955882352941176 0.03799019607843137 0.04738562091503268
0 0.8455882352941176 0.6282679738562091 0.014705882352941176 0.01797385620915033
0 0.8302696078431372 0.6372549019607844 0.01838235294117647 0.016339869281045753
0 0.8682598039215687 0.6184640522875817 0.0428921568627451 0.04411764705882353
0 0.835171568627451 0.5669934640522876 0.020833333333333332 0.016339869281045753
0 0.8492647058823529 0.5767973856209151 0.02696078431372549 0.022875816993464054
0 0.8780637254901961 0.579248366013072 0.020833333333333332 0.03431372549019608
0 0.9276960784313726 0.5808823529411765 0.03431372549019608 0.03431372549019608
0 0.9620098039215687 0.5808823529411765 0.024509803921568627 0.024509803921568627
0 0.9748774509803921 0.5988562091503268 0.03308823529411765 0.02777777777777778
0 0.9938725490196079 0.6495098039215687 0.012254901960784314 0.03758169934640523
