0 0.09068627450980392 0.035130718954248366 0.061274509803921566 0.057189542483660136
0 0.031862745098039214 0.015522875816993464 0.024509803921568627 0.02777777777777778
0 0.010416666666666666 0.031862745098039214 0.01838235294117647 0.06045751633986928
0 0.16176470588235295 0.022875816993464054 0.02696078431372549 0.022875816993464054
0 0.13480392156862744 0.07107843137254902 0.03431372549019608 0.07352941176470588
0 0.1715686274509804 0.07434640522875817 0.031862745098039214 0.06372549019607843
0 0.10784313725490197 0.08986928104575163 0.03676470588235294 0.0392156862745098
0 0.04350490196078431 0.06045751633986928 0.05024509803921569 0.042483660130718956
0 0.014093137254901961 0.08169934640522876 0.025735294117647058 0.042483660130718956
0 0.06924019607843138 0.09885620915032681 0.05514705882352941 0.04084967320261438
0 0.03431372549019608 0.12663398692810457 0.03676470588235294 0.07352941176470588
0 0.07536764705882353 0.13316993464052287 0.03553921568627451 0.03758169934640523
0 0.09803921568627451 0.119281045751634 0.022058823529411763 0.029411764705882353
0 0.16727941176470587 0.1315359477124183 0.06004901960784314 0.05065359477124183
0 0.20220588235294118 0.10947712418300654 0.051470588235294115 0.042483660130718956
0 0.00980392156862745 0.13480392156862744 0.01715686274509804 0.03431372549019608
0 0.025122549019607844 0.19526143790849673 0.03553921568627451 0.07352941176470588
0 0.05821078431372549 0.17483660130718956 0.03308823529411765 0.06209150326797386
0 0.05943627450980392 0.2361111111111111 0.04044117647058824 0.06699346405228758
0 0.0900735294117647 0.20915032679738563 0.05269607843137255 0.049019607843137254
0 0.1133578431372549 0.1642156862745098 0.03799019607843137 0.07679738562091504
0 0.013480392156862746 0.23529411764705882 0.01715686274509804 0.026143790849673203
0 0.011029411764705881 0.25980392156862747 0.0196078431372549 0.029411764705882353
0 0.03676470588235294 0.2581699346405229 0.029411764705882353 0.049019607843137254
0 0.06066176470588235 0.27450980392156865 0.023284313725490197 0.03594771241830066
0 0.030637254901960783 0.29248366013071897 0.02696078431372549 0.032679738562091505
0 0.00980392156862745 0.29901960784313725 0.01715686274509804 0.026143790849673203
0 0.012867647058823529 0.32189542483660133 0.023284313725490197 0.022875816993464054
0 0.05698529411764706 0.30228758169934644 0.03308823529411765 0.022875816993464054
0 0.0545343137254902 0.3243464052287582 0.03308823529411765 0.02777777777777778
0 0.03002450980392157 0.3562091503267974 0.025735294117647058 0.03594771241830066
0 0.058823529411764705 0.35375816993464054 0.02696078431372549 0.024509803921568627
0 0.058823529411764705 0.3839869281045752 0.03676470588235294 0.03594771241830066
0 0.034926470588235295 0.37990196078431376 0.023284313725490197 0.02777777777777778
0 0.011029411764705881 0.38153594771241833 0.014705882352941176 0.03758169934640523
0 0.029411764705882353 0.40604575163398693 0.029411764705882353 0.02777777777777778
0 0.06433823529411764 0.4199346405228758 0.03308823529411765 0.029411764705882353
0 0.08026960784313725 0.3357843137254902 0.025735294117647058 0.024509803921568627
0 0.08272058823529412 0.31209150326797386 0.025735294117647058 0.0196078431372549
0 0.08517156862745098 0.28839869281045755 0.023284313725490197 0.024509803921568627
0 0.11519607843137254 0.2834967320261438 0.041666666666666664 0.03431372549019608
0 0.10477941176470588 0.32679738562091504 0.01838235294117647 0.04575163398692811
0 0.09620098039215687 0.25653594771241833 0.030637254901960783 0.0392156862745098
0 0.1323529411764706 0.20016339869281047 0.02696078431372549 0.021241830065359478
0 0.13541666666666666 0.22630718954248366 0.03553921568627451 0.03104575163398693
0 0.1488970588235294 0.24754901960784315 0.04044117647058824 0.03431372549019608
0 0.1685049019607843 0.26143790849673204 0.0428921568627451 0.032679738562091505
0 0.18566176470588236 0.24836601307189543 0.030637254901960783 0.022875816993464054
0 0.16482843137254902 0.3006535947712418 0.05759803921568627 0.049019607843137254
0 0.1446078431372549 0.3292483660130719 0.03431372549019608 0.021241830065359478
0 0.14338235294117646 0.35294117647058826 0.049019607843137254 0.04575163398692811
0 0.14399509803921567 0.3962418300653595 0.025735294117647058 0.03104575163398693
0 0.17401960784313725 0.40032679738562094 0.031862745098039214 0.042483660130718956
0 0.2028186274509804 0.4027777777777778 0.03308823529411765 0.04738562091503268
0 0.12316176470588235 0.45915032679738566 0.0428921568627451 0.032679738562091505
0 0.11642156862745098 0.4950980392156863 0.03431372549019608 0.032679738562091505
0 0.08823529411764705 0.4746732026143791 0.041666666666666664 0.03104575163398693
0 0.061887254901960786 0.5024509803921569 0.0428921568627451 0.03431372549019608
0 0.23713235294117646 0.056372549019607844 0.01838235294117647 0.04084967320261438
0 0.25612745098039214 0.049019607843137254 0.02696078431372549 0.029411764705882353
0 0.27328431372549017 0.07352941176470588 0.02696078431372549 0.029411764705882353
0 0.3008578431372549 0.06127450980392157 0.028186274509803922 0.01797385620915033
0 0.37193627450980393 0.05392156862745098 0.028186274509803922 0.029411764705882353
0 0.3075980392156863 0.10212418300653595 0.061274509803921566 0.05065359477124183
0 0.3590686274509804 0.08496732026143791 0.03431372549019608 0.03594771241830066
0 0.24754901960784315 0.10294117647058824 0.03431372549019608 0.058823529411764705
0 0.20955882352941177 0.1519607843137255 0.022058823529411763 0.029411764705882353
0 0.18504901960784315 0.1707516339869281 0.022058823529411763 0.024509803921568627
0 0.15318627450980393 0.17401960784313725 0.044117647058823525 0.05065359477124183
0 0.18443627450980393 0.21323529411764708 0.05759803921568627 0.04738562091503268
0 0.23529411764705882 0.1968954248366013 0.05392156862745098 0.05392156862745098
0 0.2512254901960784 0.1519607843137255 0.049019607843137254 0.042483660130718956
0 0.2977941176470588 0.14297385620915032 0.051470588235294115 0.04738562091503268
0 0.33517156862745096 0.14379084967320263 0.05269607843137255 0.042483660130718956
0 0.2763480392156863 0.18627450980392157 0.05514705882352941 0.049019607843137254
0 0.33455882352941174 0.18709150326797386 0.061274509803921566 0.04738562091503268
0 0.3474264705882353 0.21241830065359477 0.05269607843137255 0.0392156862745098
0 0.2806372549019608 0.22303921568627452 0.029411764705882353 0.021241830065359478
0 0.22732843137254902 0.24101307189542484 0.05514705882352941 0.04084967320261438
0 0.2512254901960784 0.2696078431372549 0.022058823529411763 0.0392156862745098
0 0.22855392156862744 0.2720588235294118 0.023284313725490197 0.02777777777777778
0 0.24142156862745098 0.28758169934640526 0.022058823529411763 0.022875816993464054
0 0.20159313725490197 0.28758169934640526 0.023284313725490197 0.04575163398692811
0 0.22181372549019607 0.30228758169934644 0.0196078431372549 0.03594771241830066
0 0.19791666666666666 0.3243464052287582 0.030637254901960783 0.024509803921568627
0 0.1881127450980392 0.3472222222222222 0.028186274509803922 0.021241830065359478
0 0.25674019607843135 0.32107843137254904 0.04779411764705882 0.05065359477124183
0 0.27328431372549017 0.2834967320261438 0.01715686274509804 0.03758169934640523
0 0.25919117647058826 0.25245098039215685 0.020833333333333332 0.024509803921568627
0 0.2775735294117647 0.24918300653594772 0.028186274509803922 0.03758169934640523
0 0.29534313725490197 0.23937908496732027 0.022058823529411763 0.01797385620915033
0 0.3020833333333333 0.2687908496732026 0.025735294117647058 0.021241830065359478
0 0.33394607843137253 0.25163398692810457 0.05514705882352941 0.049019607843137254
0 0.29534313725490197 0.28921568627450983 0.0196078431372549 0.0196078431372549
0 0.33088235294117646 0.303921568627451 0.06372549019607843 0.05228758169934641
0 0.29105392156862747 0.3161764705882353 0.03308823529411765 0.03758169934640523
0 0.3057598039215686 0.34558823529411764 0.025735294117647058 0.01797385620915033
0 0.28860294117647056 0.3553921568627451 0.030637254901960783 0.03104575163398693
0 0.2230392156862745 0.33333333333333337 0.022058823529411763 0.032679738562091505
0 0.21017156862745098 0.36356209150326796 0.03799019607843137 0.03104575163398693
0 0.23161764705882354 0.3946078431372549 0.029411764705882353 0.024509803921568627
0 0.24571078431372548 0.41911764705882354 0.03308823529411765 0.03104575163398693
0 0.26286764705882354 0.37173202614379086 0.04779411764705882 0.04084967320261438
0 0.30943627450980393 0.3790849673202614 0.028186274509803922 0.032679738562091505
0 0.3370098039215686 0.37990196078431376 0.029411764705882353 0.03104575163398693
0 0.34191176470588236 0.41013071895424835 0.0392156862745098 0.032679738562091505
0 0.3737745098039216 0.3929738562091503 0.03431372549019608 0.04411764705882353
0 0.3639705882352941 0.352124183006536 0.031862745098039214 0.04084967320261438
0 0.33394607843137253 0.3504901960784314 0.028186274509803922 0.03104575163398693
0 0.4068627450980392 0.09150326797385622 0.044117647058823525 0.0392156862745098
0 0.36642156862745096 0.11764705882352941 0.0196078431372549 0.029411764705882353
0 0.3952205882352941 0.12663398692810457 0.03308823529411765 0.024509803921568627
0 0.4252450980392157 0.11846405228758171 0.0196078431372549 0.04084967320261438
0 0.4485294117647059 0.14052287581699346 0.051470588235294115 0.05228758169934641
0 0.37683823529411764 0.14705882352941177 0.023284313725490197 0.029411764705882353
0 0.40318627450980393 0.15604575163398693 0.031862745098039214 0.02777777777777778
0 0.3756127450980392 0.184640522875817 0.023284313725490197 0.026143790849673203
0 0.3909313725490196 0.18055555555555555 0.0196078431372549 0.03431372549019608
0 0.42401960784313725 0.17565359477124184 0.02696078431372549 0.021241830065359478
0 0.45588235294117646 0.18137254901960784 0.029411764705882353 0.032679738562091505
0 0.5049019607843137 0.10457516339869281 0.041666666666666664 0.06209150326797386
0 0.4895833333333333 0.14133986928104575 0.04044117647058824 0.04084967320261438
0 0.5490196078431373 0.14379084967320263 0.03431372549019608 0.05555555555555556
0 0.6078431372549019 0.14705882352941177 0.061274509803921566 0.042483660130718956
0 0.6758578431372549 0.16013071895424838 0.04534313725490196 0.042483660130718956
0 0.7193627450980392 0.16748366013071897 0.031862745098039214 0.03431372549019608
0 0.7775735294117647 0.14052287581699346 0.025735294117647058 0.0196078431372549
0 0.758578431372549 0.18709150326797386 0.03676470588235294 0.04084967320261438
0 0.798406862745098 0.19526143790849673 0.0428921568627451 0.03104575163398693
0 0.7720588235294118 0.24183006535947713 0.06372549019607843 0.049019607843137254
0 0.7022058823529411 0.1772875816993464 0.024509803921568627 0.024509803921568627
0 0.7279411764705882 0.2058823529411765 0.049019607843137254 0.0392156862745098
0 0.678921568627451 0.1911764705882353 0.03431372549019608 0.022875816993464054
0 0.6299019607843137 0.18055555555555555 0.061274509803921566 0.04738562091503268
0 0.5765931372549019 0.18382352941176472 0.0428921568627451 0.03431372549019608
0 0.6004901960784313 0.21568627450980393 0.04656862745098039 0.0392156862745098
0 0.6544117647058824 0.22140522875816995 0.061274509803921566 0.04738562091503268
0 0.7162990196078431 0.24101307189542484 0.05024509803921569 0.04411764705882353
0 0.508578431372549 0.17401960784313725 0.05392156862745098 0.03758169934640523
0 0.38174019607843135 0.2181372549019608 0.025735294117647058 0.04084967320261438
0 0.36580882352941174 0.24019607843137256 0.023284313725490197 0.026143790849673203
0 0.414828431372549 0.2034313725490196 0.04779411764705882 0.03758169934640523
0 0.45894607843137253 0.22222222222222224 0.05269607843137255 0.0392156862745098
0 0.4742647058823529 0.1968954248366013 0.02696078431372549 0.021241830065359478
0 0.4950980392156863 0.2107843137254902 0.022058823529411763 0.026143790849673203
0 0.539828431372549 0.20098039215686275 0.05024509803921569 0.032679738562091505
0 0.39276960784313725 0.2696078431372549 0.030637254901960783 0.06209150326797386
0 0.42340686274509803 0.2426470588235294 0.05514705882352941 0.04084967320261438
0 0.4650735294117647 0.2549019607843137 0.030637254901960783 0.026143790849673203
0 0.36642156862745096 0.286764705882353 0.022058823529411763 0.04411764705882353
0 0.4368872549019608 0.2826797385620915 0.05024509803921569 0.0392156862745098
0 0.41605392156862747 0.3178104575163399 0.04044117647058824 0.03431372549019608
0 0.42892156862745096 0.34558823529411764 0.031862745098039214 0.02777777777777778
0 0.4013480392156863 0.3423202614379085 0.028186274509803922 0.03431372549019608
0 0.39644607843137253 0.3651960784313726 0.03308823529411765 0.024509803921568627
0 0.4105392156862745 0.3888888888888889 0.029411764705882353 0.022875816993464054
0 0.4332107843137255 0.37826797385620914 0.020833333333333332 0.021241830065359478
0 0.4387254901960784 0.411764705882353 0.041666666666666664 0.032679738562091505
0 0.40931372549019607 0.41748366013071897 0.02696078431372549 0.02777777777777778
0 0.4626225490196078 0.3937908496732026 0.025735294117647058 0.026143790849673203
0 0.47855392156862747 0.4281045751633987 0.03799019607843137 0.0392156862745098
0 0.5128676470588235 0.45669934640522875 0.025735294117647058 0.05392156862745098
0 0.5110294117647058 0.4068627450980392 0.03676470588235294 0.03594771241830066
0 0.5379901960784313 0.46895424836601307 0.022058823529411763 0.0392156862745098
0 0.5012254901960784 0.3758169934640523 0.03676470588235294 0.029411764705882353
0 0.46875 0.3700980392156863 0.030637254901960783 0.03104575163398693
0 0.553921568627451 0.36764705882352944 0.05392156862745098 0.0392156862745098
0 0.5631127450980392 0.39869281045751637 0.03308823529411765 0.029411764705882353
0 0.5968137254901961 0.36601307189542487 0.031862745098039214 0.026143790849673203
0 0.625 0.39133986928104575 0.044117647058823525 0.03104575163398693
0 0.5165441176470588 0.352124183006536 0.03799019607843137 0.02777777777777778
0 0.4932598039215686 0.33415032679738566 0.04044117647058824 0.04738562091503268
0 0.4736519607843137 0.3104575163398693 0.030637254901960783 0.022875816993464054
0 0.4638480392156863 0.3374183006535948 0.025735294117647058 0.03104575163398693
0 0.4944852941176471 0.26062091503267976 0.030637254901960783 0.02777777777777778
0 0.5055147058823529 0.23202614379084968 0.03308823529411765 0.026143790849673203
0 0.5318627450980392 0.24019607843137256 0.05392156862745098 0.03594771241830066
0 0.5140931372549019 0.28022875816993464 0.05024509803921569 0.03758169934640523
0 0.5625 0.2761437908496732 0.044117647058823525 0.049019607843137254
0 0.5379901960784313 0.33088235294117646 0.044117647058823525 0.03431372549019608
0 0.5912990196078431 0.2761437908496732 0.03553921568627451 0.058823529411764705
0 0.6274509803921569 0.26143790849673204 0.056372549019607844 0.049019607843137254
0 0.6819852941176471 0.2638888888888889 0.05759803921568627 0.04411764705882353
0 0.7193627450980392 0.2704248366013072 0.024509803921568627 0.03104575163398693
0 0.7107843137254902 0.3047385620915033 0.049019607843137254 0.04084967320261438
0 0.6740196078431372 0.29901960784313725 0.029411764705882353 0.026143790849673203
0 0.6323529411764706 0.3047385620915033 0.05392156862745098 0.04084967320261438
0 0.5943627450980392 0.3292483660130719 0.051470588235294115 0.03758169934640523
0 0.6452205882352942 0.33986928104575165 0.028186274509803922 0.022875816993464054
0 0.6537990196078431 0.3602941176470588 0.028186274509803922 0.024509803921568627
0 0.6783088235294118 0.34395424836601307 0.028186274509803922 0.03104575163398693
0 0.7015931372549019 0.3382352941176471 0.028186274509803922 0.022875816993464054
0 0.7071078431372549 0.35784313725490197 0.031862745098039214 0.026143790849673203
0 0.7371323529411764 0.3431372549019608 0.030637254901960783 0.032679738562091505
0 0.7708333333333334 0.35947712418300654 0.04656862745098039 0.042483660130718956
0 0.7567401960784313 0.3112745098039216 0.03553921568627451 0.03104575163398693
0 0.7524509803921569 0.33251633986928103 0.029411764705882353 0.024509803921568627
0 0.8388480392156863 0.21323529411764708 0.023284313725490197 0.02777777777777778
0 0.8939950980392156 0.20016339869281047 0.03308823529411765 0.02777777777777778
0 0.9319852941176471 0.21650326797385622 0.04044117647058824 0.03104575163398693
0 0.977328431372549 0.23202614379084968 0.04534313725490196 0.049019607843137254
0 0.9877450980392156 0.2679738562091503 0.024509803921568627 0.022875816993464054
0 0.9895833333333334 0.2957516339869281 0.020833333333333332 0.029411764705882353
0 0.9503676470588235 0.2589869281045752 0.05514705882352941 0.05065359477124183
0 0.9080882352941176 0.23692810457516342 0.024509803921568627 0.03594771241830066
0 0.9129901960784313 0.2973856209150327 0.06862745098039216 0.049019607843137254
0 0.9693627450980392 0.3031045751633987 0.031862745098039214 0.03431372549019608
0 0.9632352941176471 0.33333333333333337 0.0661764705882353 0.05555555555555556
0 0.9332107843137255 0.3553921568627451 0.028186274509803922 0.04084967320261438
0 0.8884803921568627 0.32516339869281047 0.03431372549019608 0.029411764705882353
0 0.8878676470588235 0.3619281045751634 0.04044117647058824 0.03758169934640523
0 0.8590686274509803 0.37254901960784315 0.031862745098039214 0.026143790849673203
0 0.8443627450980392 0.34395424836601307 0.041666666666666664 0.03431372549019608
0 0.8045343137254902 0.3137254901960784 0.028186274509803922 0.026143790849673203
0 0.7879901960784313 0.2834967320261438 0.041666666666666664 0.03104575163398693
0 0.8241421568627451 0.2361111111111111 0.03308823529411765 0.021241830065359478
0 0.8180147058823529 0.21568627450980393 0.025735294117647058 0.0196078431372549
0 0.8462009803921569 0.26062091503267976 0.06004901960784314 0.06372549019607843
0 0.8670343137254902 0.21568627450980393 0.028186274509803922 0.029411764705882353
0 0.8829656862745098 0.22712418300653595 0.020833333333333332 0.022875816993464054
0 0.8278186274509803 0.3031045751633987 0.030637254901960783 0.024509803921568627
0 0.8566176470588235 0.3047385620915033 0.029411764705882353 0.02777777777777778
