0 0.17279411764705882 0.30228758169934644 0.022058823529411763 0.03594771241830066
0 0.1482843137254902 0.3137254901960784 0.01715686274509804 0.032679738562091505
0 0.13786764705882354 0.34885620915032683 0.028186274509803922 0.04411764705882353
0 0.16115196078431374 0.35866013071895425 0.028186274509803922 0.05065359477124183
0 0.19791666666666666 0.35375816993464054 0.04779411764705882 0.04411764705882353
0 0.16911764705882354 0.4281045751633987 0.03676470588235294 0.05555555555555556
0 0.13357843137254902 0.4019607843137255 0.022058823529411763 0.0196078431372549
0 0.14522058823529413 0.4150326797385621 0.023284313725490197 0.029411764705882353
0 0.2763480392156863 0.4109477124183007 0.020833333333333332 0.03104575163398693
0 0.25612745098039214 0.43300653594771243 0.014705882352941176 0.03594771241830066
0 0.2420343137254902 0.4534313725490196 0.03308823529411765 0.07352941176470588
0 0.25735294117647056 0.48447712418300654 0.014705882352941176 0.03431372549019608
0 0.2738970588235294 0.4893790849673203 0.025735294117647058 0.05065359477124183
0 0.24325980392156862 0.5024509803921569 0.015931372549019607 0.024509803921568627
0 0.23345588235294118 0.5220588235294118 0.023284313725490197 0.04084967320261438
0 0.2150735294117647 0.4901960784313726 0.01838235294117647 0.032679738562091505
0 0.10600490196078431 0.4305555555555556 0.015931372549019607 0.03431372549019608
0 0.125 0.4354575163398693 0.0196078431372549 0.04738562091503268
0 0.13419117647058823 0.4624183006535948 0.028186274509803922 0.05228758169934641
0 0.10416666666666667 0.4607843137254902 0.024509803921568627 0.03594771241830066
0 0.16789215686274508 0.4632352941176471 0.01715686274509804 0.03104575163398693
0 0.15012254901960784 0.4746732026143791 0.01838235294117647 0.02777777777777778
0 0.1764705882352941 0.49183006535947715 0.014705882352941176 0.032679738562091505
0 0.1642156862745098 0.49673202614379086 0.01715686274509804 0.029411764705882353
0 0.14583333333333334 0.5040849673202614 0.0196078431372549 0.03104575163398693
0 0.12622549019607843 0.5065359477124183 0.014705882352941176 0.029411764705882353
0 0.10294117647058823 0.505718954248366 0.03676470588235294 0.05392156862745098
0 0.07720588235294118 0.5359477124183006 0.01715686274509804 0.03594771241830066
0 0.2107843137254902 0.5220588235294118 0.01715686274509804 0.03104575163398693
0 0.18627450980392157 0.5212418300653595 0.0392156862745098 0.06535947712418301
0 0.15318627450980393 0.5334967320261438 0.024509803921568627 0.04411764705882353
0 0.11887254901960784 0.5359477124183006 0.029411764705882353 0.0392156862745098
0 0.13541666666666666 0.5718954248366013 0.030637254901960783 0.06209150326797386
0 0.16911764705882354 0.5808823529411765 0.03676470588235294 0.057189542483660136
0 0.2028186274509804 0.5645424836601307 0.028186274509803922 0.057189542483660136
0 0.24019607843137256 0.5620915032679739 0.022058823529411763 0.04575163398692811
0 0.25735294117647056 0.5661764705882353 0.01715686274509804 0.03758169934640523
0 0.2757352941176471 0.5825163398692811 0.022058823529411763 0.03104575163398693
0 0.2267156862745098 0.5580065359477124 0.014705882352941176 0.03104575163398693
0 0.21997549019607843 0.5980392156862745 0.025735294117647058 0.049019607843137254
0 0.08700980392156862 0.5604575163398693 0.031862745098039214 0.05228758169934641
0 0.06433823529411764 0.5694444444444444 0.015931372549019607 0.03758169934640523
0 0.09068627450980392 0.5972222222222222 0.0392156862745098 0.057189542483660136
0 0.05269607843137255 0.6151960784313726 0.044117647058823525 0.06045751633986928
0 0.10784313725490197 0.6397058823529412 0.031862745098039214 0.06699346405228758
0 0.14338235294117646 0.6217320261437909 0.03431372549019608 0.06372549019607843
0 0.17279411764705882 0.6233660130718954 0.0392156862745098 0.04084967320261438
0 0.20098039215686275 0.6323529411764706 0.024509803921568627 0.0392156862745098
0 0.21629901960784315 0.638888888888889 0.01838235294117647 0.026143790849673203
0 0.19669117647058823 0.6740196078431373 0.04534313725490196 0.04738562091503268
0 0.22855392156862744 0.7083333333333334 0.023284313725490197 0.04411764705882353
0 0.19240196078431374 0.7271241830065359 0.029411764705882353 0.049019607843137254
0 0.20833333333333334 0.7336601307189543 0.01715686274509804 0.026143790849673203
0 0.21384803921568626 0.7058823529411765 0.015931372549019607 0.026143790849673203
0 0.16666666666666666 0.6993464052287582 0.014705882352941176 0.032679738562091505
0 0.17401960784313725 0.7181372549019608 0.022058823529411763 0.04084967320261438
0 0.15808823529411764 0.6723856209150327 0.03431372549019608 0.057189542483660136
0 0.1329656862745098 0.698529411764706 0.015931372549019607 0.024509803921568627
0 0.11151960784313725 0.6977124183006537 0.03676470588235294 0.05555555555555556
0 0.08639705882352941 0.7017973856209151 0.020833333333333332 0.02777777777777778
0 0.07169117647058823 0.6527777777777778 0.03799019607843137 0.057189542483660136
0 0.03860294117647059 0.6740196078431373 0.015931372549019607 0.02777777777777778
0 0.02267156862745098 0.6993464052287582 0.028186274509803922 0.07189542483660132
0 0.05392156862745098 0.7091503267973857 0.03431372549019608 0.058823529411764705
0 0.0900735294117647 0.7320261437908497 0.01838235294117647 0.026143790849673203
0 0.13602941176470587 0.7336601307189543 0.014705882352941176 0.032679738562091505
0 0.15012254901960784 0.7173202614379085 0.015931372549019607 0.026143790849673203
0 0.030637254901960783 0.7516339869281046 0.029411764705882353 0.04575163398692811
0 0.11397058823529412 0.7459150326797386 0.029411764705882353 0.05065359477124183
0 0.1556372549019608 0.7459150326797386 0.024509803921568627 0.05065359477124183
0 0.18995098039215685 0.7622549019607844 0.0196078431372549 0.024509803921568627
0 0.19852941176470587 0.7728758169934641 0.0196078431372549 0.029411764705882353
0 0.22916666666666666 0.8145424836601307 0.014705882352941176 0.03431372549019608
0 0.21323529411764705 0.8218954248366014 0.022058823529411763 0.032679738562091505
0 0.21691176470588236 0.8464052287581699 0.02696078431372549 0.03594771241830066
0 0.15134803921568626 0.7834967320261438 0.020833333333333332 0.03104575163398693
0 0.12806372549019607 0.7818627450980392 0.030637254901960783 0.06699346405228758
0 0.14276960784313725 0.8161764705882353 0.020833333333333332 0.02777777777777778
0 0.08517156862745098 0.7565359477124183 0.015931372549019607 0.022875816993464054
0 0.09497549019607843 0.798202614379085 0.01838235294117647 0.03431372549019608
0 0.1053921568627451 0.8259803921568628 0.049019607843137254 0.04411764705882353
0 0.08088235294117647 0.8161764705882353 0.014705882352941176 0.03104575163398693
0 0.07352941176470588 0.7851307189542484 0.022058823529411763 0.04738562091503268
0 0.04963235294117647 0.7769607843137255 0.025735294117647058 0.05065359477124183
0 0.007965686274509803 0.7883986928104575 0.013480392156862746 0.04738562091503268
0 0.02389705882352941 0.792483660130719 0.025735294117647058 0.05228758169934641
0 0.03982843137254902 0.815359477124183 0.01838235294117647 0.032679738562091505
0 0.00980392156862745 0.8316993464052288 0.01715686274509804 0.04575163398692811
0 0.029411764705882353 0.8415032679738562 0.0196078431372549 0.026143790849673203
0 0.006740196078431373 0.8643790849673203 0.011029411764705881 0.032679738562091505
0 0.030637254901960783 0.8684640522875817 0.03431372549019608 0.03758169934640523
0 0.04534313725490196 0.8782679738562091 0.0196078431372549 0.024509803921568627
0 0.0545343137254902 0.8962418300653595 0.015931372549019607 0.03758169934640523
0 0.014093137254901961 0.9068627450980392 0.025735294117647058 0.049019607843137254
0 0.028799019607843136 0.9011437908496732 0.01838235294117647 0.03104575163398693
0 0.0392156862745098 0.9215686274509804 0.024509803921568627 0.022875816993464054
0 0.03553921568627451 0.9428104575163399 0.0196078431372549 0.026143790849673203
0 0.01838235294117647 0.9460784313725491 0.0196078431372549 0.029411764705882353
0 0.011029411764705881 0.9705882352941176 0.0196078431372549 0.058823529411764705
0 0.030637254901960783 0.9738562091503268 0.0196078431372549 0.026143790849673203
0 0.049019607843137254 0.9869281045751634 0.022058823529411763 0.026143790849673203
0 0.05821078431372549 0.9419934640522876 0.020833333333333332 0.03758169934640523
0 0.0661764705882353 0.9656862745098039 0.024509803921568627 0.0196078431372549
0 0.06556372549019608 0.982843137254902 0.015931372549019607 0.02777777777777778
0 0.06801470588235294 0.8504901960784313 0.03308823529411765 0.06372549019607843
0 0.08272058823529412 0.9011437908496732 0.028186274509803922 0.057189542483660136
0 0.08088235294117647 0.9387254901960784 0.02696078431372549 0.024509803921568627
0 0.09926470588235294 0.8700980392156863 0.02696078431372549 0.02777777777777778
0 0.11213235294117647 0.8905228758169935 0.023284313725490197 0.022875816993464054
0 0.10355392156862744 0.9084967320261438 0.023284313725490197 0.032679738562091505
0 0.11764705882352941 0.863562091503268 0.024509803921568627 0.02777777777777778
0 0.12806372549019607 0.9191176470588236 0.03553921568627451 0.02777777777777778
0 0.10294117647058823 0.934640522875817 0.01715686274509804 0.026143790849673203
0 0.10661764705882353 0.9591503267973857 0.022058823529411763 0.029411764705882353
0 0.11029411764705882 0.9812091503267975 0.022058823529411763 0.03431372549019608
0 0.09129901960784313 0.9901960784313726 0.020833333333333332 0.0196078431372549
0 0.12867647058823528 0.9419934640522876 0.029411764705882353 0.021241830065359478
0 0.13112745098039216 0.9591503267973857 0.02696078431372549 0.026143790849673203
0 0.17340686274509803 0.9419934640522876 0.03308823529411765 0.05392156862745098
0 0.1482843137254902 0.9681372549019608 0.022058823529411763 0.03431372549019608
0 0.1636029411764706 0.9787581699346406 0.030637254901960783 0.042483660130718956
0 0.1488970588235294 0.9379084967320261 0.015931372549019607 0.032679738562091505
0 0.6678921568627451 0.4084967320261438 0.0196078431372549 0.03594771241830066
0 0.6758578431372549 0.4411764705882353 0.023284313725490197 0.0392156862745098
0 0.7242647058823529 0.5915032679738562 0.024509803921568627 0.042483660130718956
0 0.7493872549019608 0.6176470588235294 0.03308823529411765 0.05555555555555556
0 0.7512254901960784 0.6658496732026143 0.03431372549019608 0.05065359477124183
0 0.7696078431372549 0.6576797385620915 0.0196078431372549 0.03104575163398693
0 0.7561274509803921 0.7099673202614379 0.02696078431372549 0.05065359477124183
0 0.7886029411764706 0.7933006535947713 0.030637254901960783 0.06372549019607843
0 0.6930147058823529 0.7475490196078431 0.023284313725490197 0.02777777777777778
0 0.8106617647058824 0.8447712418300654 0.013480392156862746 0.029411764705882353
0 0.8137254901960784 0.9093137254901961 0.014705882352941176 0.02777777777777778
0 0.8333333333333334 0.9264705882352942 0.0196078431372549 0.05228758169934641
0 0.7879901960784313 0.7467320261437909 0.01715686274509804 0.0392156862745098
0 0.7794117647058824 0.7287581699346406 0.01715686274509804 0.0392156862745098
0 0.7990196078431372 0.8496732026143791 0.0196078431372549 0.022875816993464054
0 0.8057598039215687 0.8684640522875817 0.023284313725490197 0.03104575163398693
0 0.7683823529411764 0.7728758169934641 0.01715686274509804 0.029411764705882353
0 0.7401960784313726 0.5776143790849674 0.012254901960784314 0.024509803921568627
