0 0.6011029411764706 0.9011437908496732 0.023284313725490197 0.02777777777777778
0 0.6102941176470588 0.9264705882352942 0.022058823529411763 0.0196078431372549
0 0.625 0.9526143790849674 0.01715686274509804 0.013071895424836602
0 0.6060049019607843 0.9477124183006537 0.01838235294117647 0.026143790849673203
0 0.5765931372549019 0.9419934640522876 0.0428921568627451 0.03758169934640523
0 0.6170343137254902 0.9681372549019608 0.030637254901960783 0.021241830065359478
0 0.6537990196078431 0.9599673202614379 0.023284313725490197 0.021241830065359478
0 0.6427696078431372 0.9281045751633987 0.05024509803921569 0.042483660130718956
0 0.6825980392156863 0.9468954248366014 0.03676470588235294 0.04084967320261438
0 0.7058823529411764 0.9199346405228759 0.022058823529411763 0.029411764705882353
0 0.7107843137254902 0.9517973856209151 0.024509803921568627 0.024509803921568627
0 0.7297794117647058 0.9354575163398693 0.030637254901960783 0.02777777777777778
0 0.7334558823529411 0.9624183006535948 0.020833333333333332 0.026143790849673203
0 0.7475490196078431 0.9616013071895425 0.01715686274509804 0.024509803921568627
0 0.7487745098039216 0.9207516339869282 0.022058823529411763 0.02777777777777778
0 0.7598039215686274 0.948529411764706 0.024509803921568627 0.01797385620915033
0 0.7732843137254902 0.9354575163398693 0.0196078431372549 0.014705882352941176
0 0.7708333333333334 0.9665032679738562 0.022058823529411763 0.01797385620915033
0 0.7886029411764706 0.9705882352941176 0.023284313725490197 0.026143790849673203
0 0.8020833333333334 0.940359477124183 0.0428921568627451 0.03758169934640523
0 0.8033088235294118 0.9052287581699346 0.0428921568627451 0.03594771241830066
0 0.8180147058823529 0.9705882352941176 0.030637254901960783 0.022875816993464054
0 0.8259803921568627 0.9869281045751634 0.024509803921568627 0.0196078431372549
0 0.8504901960784313 0.9844771241830066 0.024509803921568627 0.021241830065359478
0 0.8639705882352942 0.9836601307189543 0.012254901960784314 0.016339869281045753
0 0.875 0.977124183006536 0.024509803921568627 0.022875816993464054
0 0.892156862745098 0.9746732026143791 0.024509803921568627 0.024509803921568627
0 0.9068627450980392 0.9681372549019608 0.0196078431372549 0.01797385620915033
0 0.9117647058823529 0.9534313725490197 0.01715686274509804 0.024509803921568627
0 0.9307598039215687 0.9673202614379085 0.025735294117647058 0.029411764705882353
0 0.9736519607843137 0.9705882352941176 0.020833333333333332 0.026143790849673203
0 0.9944852941176471 0.9722222222222222 0.011029411764705881 0.022875816993464054
0 0.9307598039215687 0.9387254901960784 0.03553921568627451 0.03431372549019608
0 0.9154411764705882 0.917483660130719 0.01715686274509804 0.021241830065359478
0 0.8903186274509803 0.9101307189542484 0.01838235294117647 0.022875816993464054
0 0.84375 0.9591503267973857 0.03799019607843137 0.029411764705882353
0 0.8823529411764706 0.9428104575163399 0.0392156862745098 0.03594771241830066
0 0.8517156862745098 0.9215686274509804 0.03676470588235294 0.029411764705882353
0 0.8621323529411764 0.8970588235294118 0.025735294117647058 0.022875816993464054
