0 0.3394607843137255 0.014705882352941176 0.01715686274509804 0.016339869281045753
0 0.2916666666666667 0.013071895424836602 0.022058823529411763 0.0196078431372549
0 0.3167892156862745 0.012254901960784314 0.015931372549019607 0.021241830065359478
0 0.3590686274509804 0.02777777777777778 0.01715686274509804 0.022875816993464054
0 0.36090686274509803 0.05228758169934641 0.01838235294117647 0.016339869281045753
0 0.34558823529411764 0.04330065359477124 0.01715686274509804 0.03104575163398693
0 0.32169117647058826 0.035130718954248366 0.015931372549019607 0.03104575163398693
0 0.33088235294117646 0.04820261437908497 0.014705882352941176 0.02777777777777778
0 0.25674019607843135 0.014705882352941176 0.020833333333333332 0.026143790849673203
0 0.2665441176470588 0.0392156862745098 0.020833333333333332 0.029411764705882353
0 0.2818627450980392 0.025326797385620915 0.022058823529411763 0.021241830065359478
0 0.36151960784313725 0.0727124183006536 0.014705882352941176 0.024509803921568627
0 0.3737745098039216 0.05800653594771242 0.012254901960784314 0.021241830065359478
0 0.4142156862745098 0.07352941176470588 0.024509803921568627 0.03594771241830066
0 0.4381127450980392 0.07189542483660132 0.013480392156862746 0.022875816993464054
0 0.45036764705882354 0.10130718954248366 0.01838235294117647 0.026143790849673203
0 0.4724264705882353 0.10375816993464053 0.013480392156862746 0.024509803921568627
0 0.31985294117647056 0.06862745098039216 0.0196078431372549 0.032679738562091505
0 0.30330882352941174 0.07189542483660132 0.01838235294117647 0.032679738562091505
0 0.28431372549019607 0.07026143790849673 0.024509803921568627 0.04575163398692811
0 0.31066176470588236 0.11437908496732027 0.030637254901960783 0.05228758169934641
0 0.34129901960784315 0.07679738562091504 0.020833333333333332 0.026143790849673203
0 0.352328431372549 0.10702614379084968 0.028186274509803922 0.05065359477124183
0 0.36213235294117646 0.1388888888888889 0.025735294117647058 0.049019607843137254
0 0.3829656862745098 0.07026143790849673 0.020833333333333332 0.016339869281045753
0 0.39767156862745096 0.08088235294117647 0.01838235294117647 0.021241830065359478
0 0.40441176470588236 0.10702614379084968 0.014705882352941176 0.03431372549019608
0 0.42769607843137253 0.11356209150326797 0.02696078431372549 0.05065359477124183
0 0.44730392156862747 0.14950980392156862 0.024509803921568627 0.03758169934640523
0 0.37683823529411764 0.0857843137254902 0.020833333333333332 0.01797385620915033
0 0.3897058823529412 0.12908496732026145 0.01715686274509804 0.032679738562091505
0 0.3792892156862745 0.11029411764705882 0.013480392156862746 0.021241830065359478
0 0.4117647058823529 0.1503267973856209 0.01715686274509804 0.0392156862745098
0 0.40625 0.18055555555555555 0.01838235294117647 0.021241830065359478
0 0.42340686274509803 0.2034313725490196 0.015931372549019607 0.03758169934640523
0 0.44056372549019607 0.2181372549019608 0.023284313725490197 0.04738562091503268
0 0.38848039215686275 0.15849673202614378 0.00980392156862745 0.022875816993464054
0 0.3805147058823529 0.16911764705882354 0.015931372549019607 0.03104575163398693
0 0.3443627450980392 0.16339869281045752 0.029411764705882353 0.058823529411764705
0 0.3174019607843137 0.1576797385620915 0.02696078431372549 0.03431372549019608
0 0.33088235294117646 0.18627450980392157 0.00980392156862745 0.022875816993464054
0 0.3363970588235294 0.21241830065359477 0.015931372549019607 0.0196078431372549
0 0.34191176470588236 0.19771241830065361 0.012254901960784314 0.0196078431372549
0 0.3645833333333333 0.17892156862745098 0.013480392156862746 0.01797385620915033
0 0.37193627450980393 0.20751633986928106 0.01838235294117647 0.0196078431372549
0 0.3560049019607843 0.2173202614379085 0.015931372549019607 0.026143790849673203
0 0.34681372549019607 0.22875816993464054 0.014705882352941176 0.026143790849673203
0 0.3547794117647059 0.2508169934640523 0.011029411764705881 0.021241830065359478
0 0.3792892156862745 0.25326797385620914 0.030637254901960783 0.049019607843137254
0 0.4105392156862745 0.2246732026143791 0.02696078431372549 0.02777777777777778
0 0.45465686274509803 0.2426470588235294 0.01715686274509804 0.021241830065359478
0 0.5361519607843137 0.19526143790849673 0.01838235294117647 0.021241830065359478
0 0.539828431372549 0.21486928104575165 0.01838235294117647 0.03104575163398693
0 0.5428921568627451 0.238562091503268 0.014705882352941176 0.026143790849673203
0 0.5269607843137255 0.2377450980392157 0.014705882352941176 0.024509803921568627
0 0.4056372549019608 0.1985294117647059 0.01715686274509804 0.021241830065359478
0 0.43443627450980393 0.25 0.025735294117647058 0.0392156862745098
0 0.4564950980392157 0.2647058823529412 0.011029411764705881 0.026143790849673203
0 0.46568627450980393 0.2508169934640523 0.012254901960784314 0.021241830065359478
0 0.42401960784313725 0.27941176470588236 0.0196078431372549 0.022875816993464054
0 0.4074754901960784 0.26143790849673204 0.025735294117647058 0.029411764705882353
0 0.41237745098039214 0.23937908496732027 0.013480392156862746 0.024509803921568627
0 0.3897058823529412 0.2246732026143791 0.0196078431372549 0.03431372549019608
0 0.37254901960784315 0.27941176470588236 0.014705882352941176 0.022875816993464054
0 0.3590686274509804 0.28431372549019607 0.014705882352941176 0.026143790849673203
0 0.37745098039215685 0.3031045751633987 0.01715686274509804 0.024509803921568627
0 0.3866421568627451 0.3014705882352941 0.013480392156862746 0.02777777777777778
0 0.39828431372549017 0.2777777777777778 0.012254901960784314 0.029411764705882353
0 0.4068627450980392 0.309640522875817 0.029411764705882353 0.04411764705882353
0 0.4111519607843137 0.33415032679738566 0.025735294117647058 0.03431372549019608
0 0.3872549019607843 0.33088235294117646 0.012254901960784314 0.02777777777777778
0 0.44362745098039214 0.28594771241830064 0.014705882352941176 0.0196078431372549
0 0.4362745098039216 0.29820261437908496 0.014705882352941176 0.021241830065359478
0 0.42769607843137253 0.30718954248366015 0.012254901960784314 0.026143790849673203
0 0.4540441176470588 0.31290849673202614 0.015931372549019607 0.024509803921568627
0 0.45955882352941174 0.33905228758169936 0.01715686274509804 0.03758169934640523
0 0.4626225490196078 0.3700980392156863 0.01838235294117647 0.021241830065359478
0 0.4791666666666667 0.38643790849673204 0.012254901960784314 0.021241830065359478
0 0.5091911764705882 0.39133986928104575 0.013480392156862746 0.02777777777777778
0 0.4926470588235294 0.411764705882353 0.012254901960784314 0.026143790849673203
0 0.4889705882352941 0.4444444444444445 0.01715686274509804 0.026143790849673203
0 0.5042892156862745 0.4632352941176471 0.011029411764705881 0.021241830065359478
0 0.4638480392156863 0.39869281045751637 0.01838235294117647 0.022875816993464054
0 0.44485294117647056 0.3709150326797386 0.014705882352941176 0.022875816993464054
0 0.4172794117647059 0.38643790849673204 0.030637254901960783 0.04738562091503268
0 0.4381127450980392 0.4215686274509804 0.01838235294117647 0.042483660130718956
0 0.45465686274509803 0.41421568627450983 0.012254901960784314 0.024509803921568627
0 0.4724264705882353 0.4354575163398693 0.013480392156862746 0.03431372549019608
0 0.4485294117647059 0.45996732026143794 0.014705882352941176 0.024509803921568627
0 0.42401960784313725 0.4436274509803922 0.0196078431372549 0.021241830065359478
0 0.40931372549019607 0.4215686274509804 0.0196078431372549 0.0196078431372549
0 0.46568627450980393 0.47303921568627455 0.022058823529411763 0.02777777777777778
0 0.48713235294117646 0.4861111111111111 0.030637254901960783 0.05065359477124183
0 0.5140931372549019 0.5098039215686274 0.030637254901960783 0.05555555555555556
0 0.46078431372549017 0.4893790849673203 0.0196078431372549 0.021241830065359478
0 0.49203431372549017 0.5400326797385621 0.03553921568627451 0.057189542483660136
0 0.5189950980392157 0.5473856209150327 0.023284313725490197 0.0196078431372549
0 0.5257352941176471 0.5816993464052288 0.0392156862745098 0.05555555555555556
0 0.4963235294117647 0.573529411764706 0.022058823529411763 0.026143790849673203
0 0.5055147058823529 0.5947712418300654 0.01838235294117647 0.022875816993464054
0 0.5214460784313726 0.613562091503268 0.015931372549019607 0.01797385620915033
0 0.5533088235294118 0.5767973856209151 0.01838235294117647 0.026143790849673203
0 0.5839460784313726 0.6258169934640523 0.01838235294117647 0.029411764705882353
0 0.5643382352941176 0.630718954248366 0.023284313725490197 0.04575163398692811
0 0.5821078431372549 0.6495098039215687 0.024509803921568627 0.024509803921568627
0 0.6366421568627451 0.6813725490196079 0.023284313725490197 0.0392156862745098
0 0.6292892156862745 0.7050653594771242 0.025735294117647058 0.03104575163398693
0 0.6004901960784313 0.6764705882352942 0.03431372549019608 0.03594771241830066
0 0.6047794117647058 0.7124183006535948 0.03553921568627451 0.042483660130718956
0 0.579656862745098 0.7107843137254902 0.022058823529411763 0.022875816993464054
0 0.571078431372549 0.6699346405228759 0.01715686274509804 0.026143790849673203
0 0.5502450980392157 0.673202614379085 0.022058823529411763 0.029411764705882353
0 0.6433823529411765 0.7508169934640523 0.024509803921568627 0.02777777777777778
0 0.5496323529411765 0.9844771241830066 0.015931372549019607 0.03104575163398693
0 0.48651960784313725 0.982843137254902 0.0196078431372549 0.024509803921568627
0 0.5165441176470588 0.9305555555555556 0.025735294117647058 0.05065359477124183
0 0.4736519607843137 0.9534313725490197 0.015931372549019607 0.03104575163398693
0 0.45955882352941174 0.9444444444444444 0.014705882352941176 0.029411764705882353
0 0.45465686274509803 0.977124183006536 0.02696078431372549 0.04575163398692811
0 0.4252450980392157 0.9330065359477124 0.031862745098039214 0.06862745098039216
0 0.4571078431372549 0.9093137254901961 0.022058823529411763 0.03104575163398693
0 0.46568627450980393 0.8856209150326798 0.022058823529411763 0.0392156862745098
0 0.4613970588235294 0.852124183006536 0.020833333333333332 0.024509803921568627
0 0.4577205882352941 0.8227124183006537 0.020833333333333332 0.03104575163398693
0 0.4411764705882353 0.8570261437908497 0.029411764705882353 0.03431372549019608
0 0.4221813725490196 0.8651960784313726 0.013480392156862746 0.03104575163398693
0 0.4375 0.8864379084967321 0.022058823529411763 0.021241830065359478
0 0.4056372549019608 0.8455882352941176 0.0196078431372549 0.024509803921568627
0 0.41360294117647056 0.8333333333333334 0.020833333333333332 0.022875816993464054
0 0.41973039215686275 0.8129084967320261 0.015931372549019607 0.03104575163398693
0 0.4375 0.8178104575163399 0.022058823529411763 0.04084967320261438
0 0.4644607843137255 0.7467320261437909 0.01715686274509804 0.0392156862745098
0 0.44485294117647056 0.7712418300653595 0.014705882352941176 0.026143790849673203
0 0.45098039215686275 0.792483660130719 0.014705882352941176 0.022875816993464054
0 0.4411764705882353 0.7540849673202614 0.024509803921568627 0.02777777777777778
0 0.4172794117647059 0.7826797385620915 0.025735294117647058 0.022875816993464054
0 0.40441176470588236 0.7491830065359477 0.022058823529411763 0.02777777777777778
0 0.3946078431372549 0.7712418300653595 0.022058823529411763 0.026143790849673203
0 0.3829656862745098 0.7867647058823529 0.025735294117647058 0.021241830065359478
0 0.40318627450980393 0.8006535947712419 0.014705882352941176 0.032679738562091505
0 0.39276960784313725 0.8145424836601307 0.013480392156862746 0.024509803921568627
0 0.37254901960784315 0.8243464052287582 0.024509803921568627 0.03104575163398693
0 0.3492647058823529 0.8333333333333334 0.022058823529411763 0.029411764705882353
0 0.3743872549019608 0.7630718954248367 0.023284313725490197 0.029411764705882353
0 0.35355392156862747 0.7761437908496732 0.015931372549019607 0.032679738562091505
0 0.3388480392156863 0.7630718954248367 0.01838235294117647 0.03594771241830066
0 0.31433823529411764 0.7785947712418301 0.023284313725490197 0.04084967320261438
0 0.30269607843137253 0.7532679738562091 0.01715686274509804 0.026143790849673203
0 0.3247549019607843 0.7344771241830066 0.01715686274509804 0.03104575163398693
0 0.3370098039215686 0.7197712418300654 0.0196078431372549 0.03104575163398693
0 0.3069852941176471 0.7254901960784313 0.01838235294117647 0.032679738562091505
0 0.34068627450980393 0.6944444444444444 0.022058823529411763 0.026143790849673203
0 0.35355392156862747 0.6821895424836601 0.015931372549019607 0.02777777777777778
0 0.34068627450980393 0.6495098039215687 0.02696078431372549 0.04411764705882353
0 0.321078431372549 0.6715686274509804 0.02696078431372549 0.026143790849673203
0 0.29840686274509803 0.6633986928104575 0.01838235294117647 0.032679738562091505
0 0.2806372549019608 0.6372549019607844 0.0196078431372549 0.022875816993464054
0 0.3069852941176471 0.630718954248366 0.03553921568627451 0.058823529411764705
0 0.3400735294117647 0.6160130718954249 0.01838235294117647 0.026143790849673203
0 0.35723039215686275 0.5318627450980392 0.013480392156862746 0.02777777777777778
0 0.3707107843137255 0.5457516339869282 0.013480392156862746 0.026143790849673203
0 0.3449754901960784 0.5040849673202614 0.020833333333333332 0.02777777777777778
0 0.3486519607843137 0.4754901960784314 0.020833333333333332 0.03594771241830066
0 0.27818627450980393 0.5980392156862745 0.022058823529411763 0.04575163398692811
0 0.25674019607843135 0.5857843137254902 0.01838235294117647 0.04084967320261438
0 0.29901960784313725 0.5727124183006536 0.029411764705882353 0.04411764705882353
0 0.3229166666666667 0.5514705882352942 0.028186274509803922 0.03431372549019608
0 0.25245098039215685 0.5555555555555556 0.022058823529411763 0.0196078431372549
0 0.25980392156862747 0.5375816993464052 0.02696078431372549 0.042483660130718956
0 0.2806372549019608 0.5359477124183006 0.01715686274509804 0.03594771241830066
0 0.31004901960784315 0.5253267973856209 0.022058823529411763 0.02777777777777778
0 0.3284313725490196 0.5163398692810458 0.022058823529411763 0.032679738562091505
0 0.27879901960784315 0.5032679738562091 0.020833333333333332 0.03594771241830066
0 0.29840686274509803 0.5032679738562091 0.015931372549019607 0.032679738562091505
0 0.3125 0.4959150326797386 0.012254901960784314 0.021241830065359478
0 0.2604166666666667 0.5040849673202614 0.01838235294117647 0.02777777777777778
0 0.2604166666666667 0.47385620915032683 0.020833333333333332 0.026143790849673203
0 0.2806372549019608 0.4436274509803922 0.03431372549019608 0.06045751633986928
0 0.32230392156862747 0.4281045751633987 0.022058823529411763 0.029411764705882353
0 0.3363970588235294 0.4223856209150327 0.028186274509803922 0.057189542483660136
0 0.32230392156862747 0.45996732026143794 0.014705882352941176 0.024509803921568627
0 0.3241421568627451 0.4812091503267974 0.015931372549019607 0.021241830065359478
0 0.3082107843137255 0.4616013071895425 0.011029411764705881 0.021241830065359478
0 0.3075980392156863 0.43790849673202614 0.014705882352941176 0.026143790849673203
0 0.28431372549019607 0.48447712418300654 0.022058823529411763 0.021241830065359478
0 0.24387254901960784 0.4150326797385621 0.04656862745098039 0.049019607843137254
0 0.2763480392156863 0.4035947712418301 0.013480392156862746 0.022875816993464054
0 0.3020833333333333 0.39215686274509803 0.03799019607843137 0.05228758169934641
0 0.3075980392156863 0.3504901960784314 0.03431372549019608 0.05392156862745098
0 0.5606617647058824 0.303921568627451 0.015931372549019607 0.032679738562091505
0 0.5649509803921569 0.21323529411764708 0.029411764705882353 0.04738562091503268
0 0.5686274509803921 0.2549019607843137 0.02696078431372549 0.0392156862745098
0 0.5618872549019608 0.27369281045751637 0.013480392156862746 0.021241830065359478
0 0.5471813725490196 0.2581699346405229 0.015931372549019607 0.029411764705882353
0 0.23713235294117646 0.37745098039215685 0.025735294117647058 0.026143790849673203
0 0.2616421568627451 0.3643790849673203 0.030637254901960783 0.05228758169934641
0 0.28737745098039214 0.3292483660130719 0.01838235294117647 0.04084967320261438
0 0.29840686274509803 0.30637254901960786 0.011029411764705881 0.02777777777777778
0 0.2689950980392157 0.31290849673202614 0.023284313725490197 0.024509803921568627
0 0.2420343137254902 0.33333333333333337 0.01838235294117647 0.026143790849673203
0 0.2383578431372549 0.3553921568627451 0.01838235294117647 0.024509803921568627
0 0.21323529411764705 0.32516339869281047 0.0196078431372549 0.0196078431372549
0 0.20098039215686275 0.06209150326797386 0.03431372549019608 0.05228758169934641
0 0.1715686274509804 0.018790849673202614 0.022058823529411763 0.03431372549019608
0 0.11580882352941177 0.024509803921568627 0.030637254901960783 0.04575163398692811
0 0.09987745098039215 0.05065359477124183 0.030637254901960783 0.04575163398692811
0 0.14950980392156862 0.04656862745098039 0.029411764705882353 0.04084967320261438
0 0.16911764705882354 0.05065359477124183 0.014705882352941176 0.03594771241830066
0 0.1795343137254902 0.08333333333333334 0.020833333333333332 0.04575163398692811
0 0.19914215686274508 0.11519607843137256 0.030637254901960783 0.05392156862745098
0 0.15931372549019607 0.10375816993464053 0.024509803921568627 0.03758169934640523
0 0.14522058823529413 0.08496732026143791 0.03308823529411765 0.049019607843137254
0 0.12438725490196079 0.057189542483660136 0.020833333333333332 0.029411764705882353
0 0.061887254901960786 0.04493464052287582 0.020833333333333332 0.02777777777777778
0 0.0704656862745098 0.06209150326797386 0.015931372549019607 0.026143790849673203
0 0.08762254901960784 0.08496732026143791 0.030637254901960783 0.05555555555555556
0 0.11458333333333333 0.09722222222222222 0.028186274509803922 0.05392156862745098
0 0.06740196078431372 0.11111111111111112 0.041666666666666664 0.05228758169934641
0 0.044730392156862746 0.12663398692810457 0.013480392156862746 0.024509803921568627
0 0.0545343137254902 0.14624183006535948 0.013480392156862746 0.024509803921568627
0 0.1409313725490196 0.119281045751634 0.0196078431372549 0.026143790849673203
0 0.13970588235294118 0.14133986928104575 0.014705882352941176 0.021241830065359478
0 0.15870098039215685 0.14297385620915032 0.023284313725490197 0.014705882352941176
0 0.18075980392156862 0.14297385620915032 0.015931372549019607 0.03104575163398693
0 0.19669117647058823 0.1576797385620915 0.020833333333333332 0.021241830065359478
0 0.22058823529411764 0.16094771241830066 0.012254901960784314 0.024509803921568627
0 0.18137254901960784 0.16911764705882354 0.01715686274509804 0.03104575163398693
0 0.16727941176470587 0.17892156862745098 0.013480392156862746 0.024509803921568627
0 0.16176470588235295 0.20506535947712418 0.022058823529411763 0.04084967320261438
0 0.18443627450980393 0.1968954248366013 0.015931372549019607 0.024509803921568627
0 0.19730392156862744 0.19362745098039216 0.014705882352941176 0.024509803921568627
0 0.20588235294117646 0.17892156862745098 0.014705882352941176 0.02777777777777778
0 0.23223039215686275 0.1985294117647059 0.03553921568627451 0.04084967320261438
0 0.21262254901960784 0.22630718954248366 0.015931372549019607 0.03104575163398693
0 0.19301470588235295 0.2246732026143791 0.015931372549019607 0.03431372549019608
0 0.2493872549019608 0.2540849673202614 0.04044117647058824 0.06045751633986928
0 0.2150735294117647 0.2687908496732026 0.01838235294117647 0.02777777777777778
0 0.20220588235294118 0.24836601307189543 0.012254901960784314 0.026143790849673203
0 0.2034313725490196 0.27941176470588236 0.0196078431372549 0.032679738562091505
0 0.25183823529411764 0.3031045751633987 0.028186274509803922 0.03758169934640523
0 0.22487745098039216 0.3047385620915033 0.03308823529411765 0.03758169934640523
0 0.26838235294117646 0.3382352941176471 0.014705882352941176 0.022875816993464054
0 0.011642156862745098 0.28758169934640526 0.015931372549019607 0.032679738562091505
0 0.006127450980392157 0.3031045751633987 0.00980392156862745 0.03104575163398693
0 0.018995098039215685 0.3611111111111111 0.023284313725490197 0.049019607843137254
0 0.07230392156862744 0.2916666666666667 0.044117647058823525 0.04738562091503268
0 0.10049019607843138 0.3112745098039216 0.01715686274509804 0.024509803921568627
0 0.09987745098039215 0.33333333333333337 0.020833333333333332 0.032679738562091505
0 0.12867647058823528 0.3472222222222222 0.029411764705882353 0.024509803921568627
0 0.13664215686274508 0.3839869281045752 0.030637254901960783 0.05555555555555556
0 0.07475490196078431 0.3382352941176471 0.03431372549019608 0.06209150326797386
0 0.09068627450980392 0.38562091503267976 0.0196078431372549 0.032679738562091505
0 0.10110294117647059 0.35866013071895425 0.013480392156862746 0.021241830065359478
0 0.11642156862745098 0.4150326797385621 0.031862745098039214 0.05555555555555556
0 0.13970588235294118 0.4256535947712418 0.012254901960784314 0.02777777777777778
0 0.15441176470588236 0.43218954248366015 0.01715686274509804 0.03431372549019608
0 0.1715686274509804 0.44689542483660133 0.01715686274509804 0.03104575163398693
0 0.1881127450980392 0.5073529411764706 0.04044117647058824 0.06372549019607843
0 0.15196078431372548 0.46405228758169936 0.01715686274509804 0.029411764705882353
0 0.1525735294117647 0.4934640522875817 0.013480392156862746 0.029411764705882353
0 0.14644607843137256 0.5171568627450981 0.023284313725490197 0.03431372549019608
0 0.13419117647058823 0.48366013071895425 0.020833333333333332 0.022875816993464054
0 0.12438725490196079 0.45996732026143794 0.015931372549019607 0.03104575163398693
0 0.1403186274509804 0.45669934640522875 0.011029411764705881 0.021241830065359478
0 0.00980392156862745 0.6895424836601307 0.01715686274509804 0.032679738562091505
0 0.07107843137254902 0.7107843137254902 0.029411764705882353 0.049019607843137254
0 0.09620098039215687 0.7263071895424836 0.020833333333333332 0.04084967320261438
0 0.07720588235294118 0.7671568627450981 0.03676470588235294 0.06372549019607843
0 0.05943627450980392 0.8022875816993464 0.013480392156862746 0.026143790849673203
0 0.06311274509803921 0.8202614379084967 0.023284313725490197 0.029411764705882353
0 0.19669117647058823 0.7598039215686275 0.028186274509803922 0.029411764705882353
0 0.21997549019607843 0.8047385620915033 0.03799019607843137 0.06045751633986928
0 0.2512254901960784 0.821078431372549 0.01715686274509804 0.03758169934640523
0 0.2579656862745098 0.857843137254902 0.020833333333333332 0.029411764705882353
0 0.23958333333333334 0.8472222222222222 0.020833333333333332 0.021241830065359478
0 0.2463235294117647 0.8700980392156863 0.024509803921568627 0.02777777777777778
0 0.19240196078431374 0.8145424836601307 0.014705882352941176 0.03104575163398693
0 0.1948529411764706 0.7965686274509804 0.012254901960784314 0.024509803921568627
0 0.20404411764705882 0.8333333333333334 0.013480392156862746 0.029411764705882353
0 0.21997549019607843 0.8496732026143791 0.01838235294117647 0.022875816993464054
0 0.21446078431372548 0.8741830065359477 0.0196078431372549 0.026143790849673203
0 0.6825980392156863 0.8758169934640523 0.0196078431372549 0.026143790849673203
0 0.7224264705882353 0.9003267973856209 0.03799019607843137 0.06209150326797386
0 0.6924019607843137 0.8986928104575164 0.014705882352941176 0.029411764705882353
0 0.24816176470588236 0.8978758169934641 0.01838235294117647 0.02777777777777778
0 0.8333333333333334 0.954248366013072 0.0392156862745098 0.05555555555555556
0 0.8602941176470588 0.9893790849673203 0.0196078431372549 0.021241830065359478
0 0.8406862745098039 0.9918300653594772 0.02696078431372549 0.016339869281045753
0 0.8137254901960784 0.9787581699346406 0.014705882352941176 0.022875816993464054
0 0.8026960784313726 0.9297385620915033 0.0196078431372549 0.022875816993464054
0 0.7555147058823529 0.8970588235294118 0.01838235294117647 0.022875816993464054
0 0.7769607843137255 0.9338235294117647 0.031862745098039214 0.06699346405228758
0 0.7843137254901961 0.9779411764705883 0.0196078431372549 0.024509803921568627
0 0.7959558823529411 0.9534313725490197 0.011029411764705881 0.024509803921568627
0 0.7769607843137255 0.9910130718954249 0.024509803921568627 0.01797385620915033
0 0.7591911764705882 0.9836601307189543 0.01838235294117647 0.026143790849673203
0 0.7113970588235294 0.9281045751633987 0.013480392156862746 0.026143790849673203
0 0.6991421568627451 0.9419934640522876 0.015931372549019607 0.024509803921568627
0 0.7107843137254902 0.9746732026143791 0.029411764705882353 0.05065359477124183
0 0.7242647058823529 0.948529411764706 0.022058823529411763 0.03104575163398693
0 0.7371323529411764 0.940359477124183 0.015931372549019607 0.024509803921568627
0 0.7542892156862745 0.9321895424836601 0.025735294117647058 0.04084967320261438
0 0.7426470588235294 0.977124183006536 0.02696078431372549 0.04575163398692811
0 0.7732843137254902 0.06699346405228758 0.01715686274509804 0.029411764705882353
0 0.8284313725490196 0.18300653594771243 0.0196078431372549 0.032679738562091505
0 0.08639705882352941 0.014705882352941176 0.028186274509803922 0.026143790849673203
