0 0.3741830065359477 0.02267156862745098 0.029411764705882353 0.0428921568627451
0 0.3602941176470588 0.04840686274509804 0.021241830065359478 0.028186274509803922
0 0.37745098039215685 0.0545343137254902 0.016339869281045753 0.013480392156862746
0 0.3684640522875817 0.0741421568627451 0.024509803921568627 0.028186274509803922
0 0.3496732026143791 0.0778186274509804 0.026143790849673203 0.023284313725490197
0 0.33333333333333337 0.07169117647058823 0.022875816993464054 0.025735294117647058
0 0.36683006535947715 0.09926470588235294 0.01797385620915033 0.0196078431372549
0 0.3962418300653595 0.09926470588235294 0.01797385620915033 0.01715686274509804
0 0.34558823529411764 0.10477941176470588 0.03431372549019608 0.03553921568627451
0 0.31699346405228757 0.11948529411764705 0.032679738562091505 0.01838235294117647
0 0.30228758169934644 0.14338235294117646 0.026143790849673203 0.0392156862745098
0 0.32679738562091504 0.14276960784313725 0.029411764705882353 0.030637254901960783
0 0.33169934640522875 0.17034313725490197 0.03594771241830066 0.044117647058823525
0 0.44689542483660133 0.1875 0.024509803921568627 0.024509803921568627
0 0.4632352941176471 0.18321078431372548 0.01797385620915033 0.01838235294117647
0 0.477124183006536 0.19117647058823528 0.016339869281045753 0.0196078431372549
0 0.4624183006535948 0.20036764705882354 0.016339869281045753 0.011029411764705881
0 0.44526143790849676 0.2310049019607843 0.03104575163398693 0.023284313725490197
0 0.3006535947712418 0.18504901960784315 0.0196078431372549 0.01715686274509804
0 0.2908496732026144 0.17095588235294118 0.016339869281045753 0.015931372549019607
0 0.27941176470588236 0.19669117647058823 0.0196078431372549 0.01838235294117647
0 0.2973856209150327 0.2071078431372549 0.026143790849673203 0.0196078431372549
0 0.3145424836601307 0.20955882352941177 0.021241830065359478 0.024509803921568627
0 0.2777777777777778 0.22426470588235295 0.016339869281045753 0.0196078431372549
0 0.29330065359477125 0.22977941176470587 0.021241830065359478 0.023284313725490197
0 0.4158496732026144 0.22487745098039216 0.01797385620915033 0.020833333333333332
0 0.39542483660130723 0.2469362745098039 0.022875816993464054 0.01838235294117647
0 0.39542483660130723 0.26715686274509803 0.0392156862745098 0.01715686274509804
0 0.40032679738562094 0.2892156862745098 0.032679738562091505 0.02696078431372549
0 0.3423202614379085 0.22181372549019607 0.014705882352941176 0.014705882352941176
0 0.33905228758169936 0.2420343137254902 0.024509803921568627 0.020833333333333332
0 0.3227124183006536 0.2579656862745098 0.01797385620915033 0.01838235294117647
0 0.3374183006535948 0.2659313725490196 0.01797385620915033 0.01715686274509804
0 0.3243464052287582 0.2806372549019608 0.021241830065359478 0.024509803921568627
0 0.3423202614379085 0.28737745098039214 0.03431372549019608 0.01838235294117647
0 0.24673202614379086 0.2463235294117647 0.029411764705882353 0.022058823529411763
0 0.2687908496732026 0.24448529411764705 0.021241830065359478 0.01838235294117647
0 0.28104575163398693 0.2542892156862745 0.022875816993464054 0.015931372549019607
0 0.26715686274509803 0.26286764705882354 0.021241830065359478 0.020833333333333332
0 0.25163398692810457 0.28860294117647056 0.03594771241830066 0.03553921568627451
0 0.28104575163398693 0.2849264705882353 0.03594771241830066 0.03553921568627451
0 0.2900326797385621 0.3137254901960784 0.03758169934640523 0.0392156862745098
0 0.33169934640522875 0.33088235294117646 0.0196078431372549 0.0196078431372549
0 0.22875816993464054 0.289828431372549 0.026143790849673203 0.03308823529411765
0 0.20833333333333334 0.2959558823529412 0.024509803921568627 0.025735294117647058
0 0.22549019607843138 0.31862745098039214 0.03594771241830066 0.02696078431372549
0 0.2581699346405229 0.3180147058823529 0.03594771241830066 0.028186274509803922
0 0.25245098039215685 0.3449754901960784 0.04084967320261438 0.03799019607843137
0 0.3276143790849673 0.3756127450980392 0.03431372549019608 0.015931372549019607
0 0.32598039215686275 0.3897058823529412 0.021241830065359478 0.01715686274509804
0 0.303921568627451 0.3841911764705882 0.0196078431372549 0.011029411764705881
0 0.2826797385620915 0.34620098039215685 0.0196078431372549 0.013480392156862746
0 0.1985294117647059 0.32169117647058826 0.014705882352941176 0.015931372549019607
0 0.2058823529411765 0.34375 0.026143790849673203 0.020833333333333332
0 0.21405228758169936 0.3737745098039216 0.022875816993464054 0.0196078431372549
0 0.24836601307189543 0.37745098039215685 0.016339869281045753 0.0196078431372549
0 0.17238562091503268 0.3700980392156863 0.03758169934640523 0.03676470588235294
0 0.04493464052287582 0.34681372549019607 0.02777777777777778 0.031862745098039214
0 0.040032679738562095 0.37193627450980393 0.01797385620915033 0.015931372549019607
0 0.01388888888888889 0.38112745098039214 0.024509803921568627 0.03676470588235294
0 0.00980392156862745 0.41237745098039214 0.016339869281045753 0.03799019607843137
0 0.013071895424836602 0.4325980392156863 0.022875816993464054 0.031862745098039214
0 0.22957516339869283 0.3952205882352941 0.021241830065359478 0.020833333333333332
0 0.22875816993464054 0.41360294117647056 0.016339869281045753 0.015931372549019607
0 0.24183006535947713 0.4332107843137255 0.016339869281045753 0.023284313725490197
0 0.20179738562091504 0.40870098039215685 0.02777777777777778 0.025735294117647058
0 0.22303921568627452 0.4301470588235294 0.021241830065359478 0.01715686274509804
0 0.2034313725490196 0.4264705882352941 0.024509803921568627 0.01715686274509804
0 0.1642156862745098 0.40379901960784315 0.04411764705882353 0.028186274509803922
0 0.13643790849673204 0.42034313725490197 0.01797385620915033 0.0196078431372549
0 0.18137254901960784 0.4270833333333333 0.016339869281045753 0.01838235294117647
0 0.1854575163398693 0.4417892156862745 0.01797385620915033 0.01838235294117647
0 0.20833333333333334 0.45036764705882354 0.02777777777777778 0.015931372549019607
0 0.19526143790849673 0.4632352941176471 0.01797385620915033 0.01715686274509804
0 0.1315359477124183 0.4632352941176471 0.03758169934640523 0.03676470588235294
0 0.1593137254901961 0.46691176470588236 0.03758169934640523 0.02696078431372549
0 0.14624183006535948 0.5024509803921569 0.03431372549019608 0.041666666666666664
0 0.0923202614379085 0.5128676470588235 0.01797385620915033 0.020833333333333332
0 0.11683006535947713 0.5238970588235294 0.03758169934640523 0.04779411764705882
0 0.12745098039215685 0.5594362745098039 0.03594771241830066 0.0428921568627451
0 0.15522875816993464 0.5600490196078431 0.016339869281045753 0.01715686274509804
0 0.15359477124183007 0.5882352941176471 0.026143790849673203 0.02696078431372549
0 0.22549019607843138 0.5882352941176471 0.022875816993464054 0.0196078431372549
0 0.08496732026143791 0.548406862745098 0.03594771241830066 0.04534313725490196
0 0.09558823529411765 0.5808823529411765 0.03758169934640523 0.044117647058823525
0 0.09722222222222222 0.6102941176470588 0.05065359477124183 0.031862745098039214
0 0.15604575163398693 0.610906862745098 0.024509803921568627 0.01838235294117647
0 0.05555555555555556 0.5974264705882353 0.04575163398692811 0.04044117647058824
0 0.08496732026143791 0.6415441176470588 0.026143790849673203 0.03553921568627451
0 0.12336601307189543 0.6243872549019608 0.01797385620915033 0.020833333333333332
0 0.12990196078431374 0.6458333333333334 0.024509803921568627 0.022058823529411763
0 0.1781045751633987 0.6715686274509803 0.032679738562091505 0.029411764705882353
0 0.06535947712418301 0.6464460784313726 0.022875816993464054 0.025735294117647058
0 0.05310457516339869 0.6323529411764706 0.04084967320261438 0.02696078431372549
0 0.024509803921568627 0.6433823529411765 0.026143790849673203 0.031862745098039214
0 0.02777777777777778 0.6691176470588235 0.0196078431372549 0.0196078431372549
0 0.049836601307189546 0.673406862745098 0.021241830065359478 0.023284313725490197
0 0.11437908496732027 0.6758578431372549 0.029411764705882353 0.020833333333333332
0 0.08741830065359478 0.6856617647058824 0.021241830065359478 0.020833333333333332
0 0.11846405228758171 0.7034313725490196 0.02777777777777778 0.024509803921568627
0 0.11111111111111112 0.7365196078431372 0.026143790849673203 0.022058823529411763
0 0.08251633986928104 0.7138480392156863 0.03431372549019608 0.028186274509803922
0 0.025326797385620915 0.6997549019607843 0.03758169934640523 0.041666666666666664
0 0.05555555555555556 0.6893382352941176 0.029411764705882353 0.013480392156862746
0 0.04820261437908497 0.7144607843137255 0.03104575163398693 0.031862745098039214
0 0.06862745098039216 0.741421568627451 0.026143790849673203 0.029411764705882353
0 0.016339869281045753 0.7365196078431372 0.029411764705882353 0.03431372549019608
0 0.04166666666666667 0.7469362745098039 0.02777777777777778 0.03308823529411765
0 0.024509803921568627 0.7787990196078431 0.026143790849673203 0.025735294117647058
0 0.05473856209150327 0.7769607843137255 0.024509803921568627 0.0196078431372549
0 0.10784313725490197 0.7683823529411764 0.026143790849673203 0.022058823529411763
0 0.025326797385620915 0.8308823529411764 0.03104575163398693 0.031862745098039214
0 0.06372549019607843 0.8235294117647058 0.0196078431372549 0.0196078431372549
0 0.05800653594771242 0.84375 0.02777777777777778 0.020833333333333332
0 0.03349673202614379 0.8762254901960784 0.021241830065359478 0.022058823529411763
0 0.021241830065359478 0.8670343137254902 0.0196078431372549 0.020833333333333332
0 0.010620915032679739 0.9191176470588235 0.01797385620915033 0.01715686274509804
0 0.010620915032679739 0.9436274509803921 0.01797385620915033 0.0196078431372549
