0 0.13643790849673204 0.6053921568627451 0.04084967320261438 0.04656862745098039
0 0.021241830065359478 0.5931372549019608 0.022875816993464054 0.02696078431372549
0 0.008169934640522876 0.5232843137254902 0.013071895424836602 0.031862745098039214
0 0.03104575163398693 0.5814950980392157 0.029411764705882353 0.015931372549019607
0 0.04493464052287582 0.6090686274509803 0.03104575163398693 0.03676470588235294
0 0.02369281045751634 0.6151960784313726 0.024509803921568627 0.031862745098039214
0 0.00980392156862745 0.6127450980392157 0.016339869281045753 0.03676470588235294
0 0.03758169934640523 0.6372549019607843 0.026143790849673203 0.031862745098039214
0 0.06699346405228758 0.6415441176470588 0.042483660130718956 0.04044117647058824
0 0.11274509803921569 0.616421568627451 0.029411764705882353 0.02696078431372549
0 0.11274509803921569 0.6427696078431372 0.042483660130718956 0.04779411764705882
0 0.09558823529411765 0.6580882352941176 0.02777777777777778 0.031862745098039214
0 0.11274509803921569 0.673406862745098 0.022875816993464054 0.020833333333333332
0 0.07026143790849673 0.6746323529411765 0.032679738562091505 0.04044117647058824
0 0.04166666666666667 0.6654411764705882 0.02777777777777778 0.031862745098039214
0 0.016339869281045753 0.6587009803921569 0.029411764705882353 0.04779411764705882
0 0.04166666666666667 0.6819852941176471 0.024509803921568627 0.025735294117647058
0 0.08741830065359478 0.7034313725490196 0.05065359477124183 0.031862745098039214
0 0.042483660130718956 0.7064950980392157 0.029411764705882353 0.030637254901960783
0 0.018790849673202614 0.7034313725490196 0.03104575163398693 0.029411764705882353
0 0.022875816993464054 0.7383578431372549 0.042483660130718956 0.04534313725490196
0 0.08823529411764706 0.7365196078431372 0.0392156862745098 0.031862745098039214
0 0.06454248366013073 0.7316176470588235 0.02777777777777778 0.014705882352941176
0 0.026143790849673203 0.7665441176470588 0.026143790849673203 0.020833333333333332
0 0.03349673202614379 0.7824754901960784 0.04084967320261438 0.023284313725490197
0 0.3643790849673203 0.7138480392156863 0.032679738562091505 0.030637254901960783
0 0.4158496732026144 0.7781862745098039 0.03758169934640523 0.041666666666666664
