0 0.0857843137254902 0.01797385620915033 0.03676470588235294 0.032679738562091505
0 0.12745098039215685 0.01715686274509804 0.051470588235294115 0.03104575163398693
0 0.15870098039215685 0.049019607843137254 0.04534313725490196 0.06535947712418301
0 0.09865196078431372 0.05147058823529412 0.030637254901960783 0.02777777777777778
0 0.06801470588235294 0.05555555555555556 0.028186274509803922 0.022875816993464054
0 0.018995098039215685 0.08088235294117647 0.028186274509803922 0.02777777777777778
0 0.06801470588235294 0.09558823529411765 0.06740196078431372 0.057189542483660136
0 0.02144607843137255 0.11601307189542484 0.023284313725490197 0.0392156862745098
0 0.03860294117647059 0.13970588235294118 0.03308823529411765 0.02777777777777778
0 0.06433823529411764 0.13643790849673204 0.030637254901960783 0.024509803921568627
0 0.10416666666666667 0.13480392156862744 0.044117647058823525 0.04084967320261438
0 0.12867647058823528 0.10947712418300654 0.024509803921568627 0.0196078431372549
0 0.16176470588235295 0.12091503267973856 0.02696078431372549 0.032679738562091505
0 0.19117647058823528 0.12091503267973856 0.022058823529411763 0.032679738562091505
0 0.22181372549019607 0.12254901960784315 0.041666666666666664 0.0392156862745098
0 0.04963235294117647 0.17892156862745098 0.0428921568627451 0.03431372549019608
0 0.015931372549019607 0.19281045751633988 0.029411764705882353 0.026143790849673203
0 0.00980392156862745 0.244281045751634 0.01715686274509804 0.05392156862745098
0 0.07230392156862744 0.2246732026143791 0.04656862745098039 0.04411764705882353
0 0.06311274509803921 0.26715686274509803 0.05024509803921569 0.04084967320261438
0 0.09375 0.3055555555555556 0.04534313725490196 0.03594771241830066
0 0.11090686274509803 0.2508169934640523 0.0428921568627451 0.04411764705882353
0 0.13602941176470587 0.2720588235294118 0.0392156862745098 0.057189542483660136
0 0.11764705882352941 0.3415032679738562 0.031862745098039214 0.042483660130718956
0 0.15134803921568626 0.20261437908496732 0.03553921568627451 0.032679738562091505
0 0.18259803921568626 0.21241830065359477 0.031862745098039214 0.05555555555555556
0 0.20955882352941177 0.2573529411764706 0.044117647058823525 0.03758169934640523
0 0.22426470588235295 0.2181372549019608 0.041666666666666664 0.03431372549019608
0 0.24877450980392157 0.25653594771241833 0.031862745098039214 0.026143790849673203
0 0.27328431372549017 0.2704248366013072 0.031862745098039214 0.03431372549019608
0 0.3082107843137255 0.25245098039215685 0.04534313725490196 0.03758169934640523
0 0.31495098039215685 0.2916666666666667 0.03676470588235294 0.03758169934640523
0 0.2616421568627451 0.38071895424836605 0.030637254901960783 0.029411764705882353
0 0.2077205882352941 0.029411764705882353 0.06004901960784314 0.05228758169934641
0 0.2506127450980392 0.013071895424836602 0.028186274509803922 0.0196078431372549
0 0.26715686274509803 0.03594771241830066 0.04656862745098039 0.042483660130718956
0 0.3088235294117647 0.012254901960784314 0.029411764705882353 0.021241830065359478
0 0.30330882352941174 0.06454248366013073 0.0428921568627451 0.03431372549019608
0 0.2702205882352941 0.07598039215686275 0.03799019607843137 0.03758169934640523
0 0.3075980392156863 0.09640522875816994 0.031862745098039214 0.029411764705882353
0 0.34068627450980393 0.12908496732026145 0.02696078431372549 0.0392156862745098
0 0.33088235294117646 0.05147058823529412 0.024509803921568627 0.024509803921568627
0 0.35049019607843135 0.07679738562091504 0.044117647058823525 0.03594771241830066
0 0.3553921568627451 0.10866013071895425 0.02696078431372549 0.024509803921568627
0 0.3786764705882353 0.09885620915032681 0.02696078431372549 0.024509803921568627
0 0.37193627450980393 0.03349673202614379 0.04779411764705882 0.05392156862745098
0 0.3995098039215686 0.06781045751633988 0.029411764705882353 0.04411764705882353
0 0.4185049019607843 0.03839869281045752 0.0428921568627451 0.04411764705882353
0 0.44730392156862747 0.011437908496732027 0.041666666666666664 0.0196078431372549
0 0.4620098039215686 0.04738562091503268 0.0392156862745098 0.04575163398692811
0 0.49754901960784315 0.04166666666666667 0.031862745098039214 0.03431372549019608
0 0.22426470588235295 0.37173202614379086 0.0196078431372549 0.04411764705882353
0 0.21997549019607843 0.4207516339869281 0.030637254901960783 0.02777777777777778
0 0.18137254901960784 0.4207516339869281 0.044117647058823525 0.04084967320261438
0 0.12377450980392157 0.43300653594771243 0.044117647058823525 0.0392156862745098
0 0.07352941176470588 0.4199346405228758 0.049019607843137254 0.049019607843137254
0 0.015931372549019607 0.5302287581699346 0.02696078431372549 0.024509803921568627
0 0.044117647058823525 0.4893790849673203 0.0392156862745098 0.04084967320261438
0 0.09865196078431372 0.4632352941176471 0.04044117647058824 0.03758169934640523
0 0.12806372549019607 0.4754901960784314 0.025735294117647058 0.032679738562091505
0 0.14583333333333334 0.5032679738562091 0.0392156862745098 0.04575163398692811
0 0.13541666666666666 0.5392156862745098 0.03799019607843137 0.026143790849673203
0 0.08455882352941177 0.5212418300653595 0.044117647058823525 0.03594771241830066
0 0.18321078431372548 0.4665032679738562 0.03799019607843137 0.03758169934640523
0 0.19240196078431374 0.4877450980392157 0.02696078431372549 0.02777777777777778
0 0.22732843137254902 0.4673202614379085 0.04044117647058824 0.042483660130718956
0 0.26286764705882354 0.41830065359477125 0.05514705882352941 0.05555555555555556
0 0.2965686274509804 0.44526143790849676 0.044117647058823525 0.03431372549019608
0 0.31433823529411764 0.41421568627450983 0.03553921568627451 0.03431372549019608
0 0.23039215686274508 0.5204248366013072 0.0392156862745098 0.03758169934640523
0 0.2659313725490196 0.5155228758169935 0.0196078431372549 0.04411764705882353
0 0.2959558823529412 0.5032679738562091 0.028186274509803922 0.029411764705882353
0 0.3161764705882353 0.5130718954248367 0.03676470588235294 0.0392156862745098
0 0.3400735294117647 0.477124183006536 0.03799019607843137 0.049019607843137254
0 0.4834558823529412 0.010620915032679739 0.03308823529411765 0.01797385620915033
0 0.4362745098039216 0.08496732026143791 0.041666666666666664 0.05228758169934641
0 0.47487745098039214 0.08905228758169935 0.0428921568627451 0.04411764705882353
0 0.4675245098039216 0.12745098039215685 0.03799019607843137 0.032679738562091505
0 0.5153186274509803 0.08251633986928104 0.030637254901960783 0.05392156862745098
0 0.5318627450980392 0.035130718954248366 0.041666666666666664 0.04738562091503268
0 0.5784313725490196 0.028594771241830068 0.058823529411764705 0.04738562091503268
0 0.5404411764705882 0.07352941176470588 0.022058823529411763 0.032679738562091505
0 0.5759803921568627 0.07598039215686275 0.041666666666666664 0.03758169934640523
0 0.7689950980392157 0.02777777777777778 0.04779411764705882 0.042483660130718956
0 0.7401960784313726 0.00980392156862745 0.0392156862745098 0.016339869281045753
0 0.7138480392156863 0.015522875816993464 0.028186274509803922 0.024509803921568627
0 0.6458333333333334 0.008986928104575164 0.041666666666666664 0.014705882352941176
0 0.6746323529411765 0.018790849673202614 0.03553921568627451 0.03431372549019608
0 0.6243872549019608 0.02369281045751634 0.025735294117647058 0.02777777777777778
0 0.6464460784313726 0.03431372549019608 0.023284313725490197 0.026143790849673203
0 0.6323529411764706 0.05310457516339869 0.044117647058823525 0.04411764705882353
0 0.6666666666666666 0.05473856209150327 0.02696078431372549 0.024509803921568627
0 0.6758578431372549 0.03758169934640523 0.023284313725490197 0.022875816993464054
0 0.6954656862745098 0.026143790849673203 0.020833333333333332 0.0196078431372549
0 0.7015931372549019 0.05228758169934641 0.030637254901960783 0.026143790849673203
0 0.7285539215686274 0.035130718954248366 0.030637254901960783 0.02777777777777778
0 0.7438725490196079 0.06127450980392157 0.049019607843137254 0.04084967320261438
0 0.9852941176470588 0.03676470588235294 0.029411764705882353 0.04738562091503268
0 0.9509803921568627 0.032679738562091505 0.03676470588235294 0.06209150326797386
0 0.914828431372549 0.011437908496732027 0.030637254901960783 0.0196078431372549
0 0.8792892156862745 0.022875816993464054 0.04044117647058824 0.03594771241830066
0 0.9080882352941176 0.04656862745098039 0.049019607843137254 0.04084967320261438
0 0.9362745098039216 0.07107843137254902 0.044117647058823525 0.03758169934640523
0 0.9644607843137255 0.08251633986928104 0.029411764705882353 0.04084967320261438
0 0.8590686274509803 0.058823529411764705 0.04656862745098039 0.042483660130718956
0 0.8860294117647058 0.07352941176470588 0.029411764705882353 0.022875816993464054
0 0.84375 0.02777777777777778 0.03553921568627451 0.032679738562091505
0 0.8125 0.016339869281045753 0.041666666666666664 0.029411764705882353
0 0.8057598039215687 0.04575163398692811 0.05269607843137255 0.03594771241830066
0 0.8284313725490196 0.07107843137254902 0.0196078431372549 0.03104575163398693
0 0.7794117647058824 0.07107843137254902 0.02696078431372549 0.024509803921568627
0 0.8026960784313726 0.07189542483660132 0.024509803921568627 0.0196078431372549
0 0.789828431372549 0.09885620915032681 0.0428921568627451 0.03758169934640523
0 0.7610294117647058 0.09558823529411765 0.0196078431372549 0.03431372549019608
0 0.9669117647058824 0.12908496732026145 0.024509803921568627 0.022875816993464054
0 0.9724264705882353 0.16339869281045752 0.05024509803921569 0.0392156862745098
0 0.9810049019607843 0.2034313725490196 0.03799019607843137 0.04084967320261438
0 0.8848039215686274 0.09803921568627451 0.024509803921568627 0.022875816993464054
0 0.9007352941176471 0.13071895424836602 0.02696078431372549 0.04575163398692811
0 0.9154411764705882 0.1576797385620915 0.03431372549019608 0.04411764705882353
0 0.9424019607843137 0.21323529411764708 0.024509803921568627 0.024509803921568627
0 0.9246323529411764 0.20506535947712418 0.020833333333333332 0.02777777777777778
0 0.8915441176470588 0.17565359477124184 0.020833333333333332 0.03758169934640523
0 0.9001225490196079 0.2034313725490196 0.03553921568627451 0.03758169934640523
0 0.8688725490196079 0.16176470588235295 0.022058823529411763 0.0196078431372549
0 0.8621323529411764 0.12581699346405228 0.05269607843137255 0.049019607843137254
0 0.8302696078431372 0.10702614379084968 0.023284313725490197 0.021241830065359478
0 0.821078431372549 0.16748366013071897 0.0392156862745098 0.08006535947712419
0 0.8480392156862745 0.16176470588235295 0.0196078431372549 0.03594771241830066
0 0.8480392156862745 0.2107843137254902 0.058823529411764705 0.05555555555555556
0 0.8584558823529411 0.25245098039215685 0.0428921568627451 0.04411764705882353
0 0.835171568627451 0.29983660130718953 0.028186274509803922 0.03104575163398693
0 0.8278186274509803 0.26062091503267976 0.020833333333333332 0.04084967320261438
0 0.8051470588235294 0.24754901960784315 0.022058823529411763 0.024509803921568627
0 0.7837009803921569 0.2303921568627451 0.030637254901960783 0.022875816993464054
0 0.7916666666666666 0.19526143790849673 0.01715686274509804 0.03104575163398693
0 0.7806372549019608 0.1576797385620915 0.029411764705882353 0.02777777777777778
0 0.7567401960784313 0.14052287581699346 0.01838235294117647 0.0392156862745098
0 0.7279411764705882 0.14460784313725492 0.0392156862745098 0.03758169934640523
0 0.6875 0.0923202614379085 0.031862745098039214 0.02777777777777778
0 0.647671568627451 0.08905228758169935 0.04044117647058824 0.03758169934640523
0 0.6936274509803921 0.12173202614379085 0.022058823529411763 0.03104575163398693
0 0.6924019607843137 0.16176470588235295 0.024509803921568627 0.029411764705882353
0 0.6035539215686274 0.08823529411764706 0.01838235294117647 0.03594771241830066
0 0.5827205882352942 0.12908496732026145 0.04779411764705882 0.05555555555555556
0 0.6029411764705882 0.17238562091503268 0.044117647058823525 0.04411764705882353
0 0.6415441176470588 0.1715686274509804 0.025735294117647058 0.03594771241830066
0 0.5245098039215687 0.13725490196078433 0.031862745098039214 0.042483660130718956
0 0.5073529411764706 0.16830065359477125 0.0196078431372549 0.032679738562091505
0 0.553921568627451 0.16584967320261437 0.044117647058823525 0.03758169934640523
0 0.5410539215686274 0.1895424836601307 0.03308823529411765 0.026143790849673203
0 0.5435049019607843 0.21323529411764708 0.03308823529411765 0.03104575163398693
0 0.5759803921568627 0.21405228758169936 0.0196078431372549 0.026143790849673203
0 0.6011029411764706 0.22549019607843138 0.030637254901960783 0.026143790849673203
0 0.5122549019607843 0.2246732026143791 0.03431372549019608 0.02777777777777778
0 0.5061274509803921 0.25245098039215685 0.02696078431372549 0.03104575163398693
0 0.5147058823529411 0.28022875816993464 0.03431372549019608 0.03758169934640523
0 0.39705882352941174 0.3888888888888889 0.049019607843137254 0.05228758169934641
0 0.44362745098039214 0.35294117647058826 0.031862745098039214 0.026143790849673203
0 0.4791666666666667 0.35375816993464054 0.0392156862745098 0.05065359477124183
0 0.4675245098039216 0.4027777777777778 0.04044117647058824 0.03758169934640523
0 0.4387254901960784 0.3897058823529412 0.029411764705882353 0.04738562091503268
0 0.3939950980392157 0.4354575163398693 0.030637254901960783 0.02777777777777778
0 0.42463235294117646 0.4338235294117647 0.03308823529411765 0.03104575163398693
0 0.45036764705882354 0.4411764705882353 0.020833333333333332 0.029411764705882353
0 0.42892156862745096 0.4632352941176471 0.0392156862745098 0.03104575163398693
0 0.3915441176470588 0.4861111111111111 0.03308823529411765 0.057189542483660136
0 0.4564950980392157 0.4869281045751634 0.028186274509803922 0.032679738562091505
0 0.4699754901960784 0.5040849673202614 0.015931372549019607 0.04084967320261438
0 0.4454656862745098 0.5547385620915033 0.05024509803921569 0.05065359477124183
0 0.40808823529411764 0.5751633986928105 0.031862745098039214 0.029411764705882353
0 0.4803921568627451 0.5351307189542484 0.0196078431372549 0.021241830065359478
0 0.4895833333333333 0.5612745098039216 0.028186274509803922 0.03104575163398693
0 0.4528186274509804 0.6299019607843137 0.028186274509803922 0.03431372549019608
0 0.4877450980392157 0.625 0.029411764705882353 0.02777777777777778
0 0.2916666666666667 0.8129084967320261 0.049019607843137254 0.03758169934640523
0 0.3204656862745098 0.8799019607843137 0.05269607843137255 0.04084967320261438
0 0.3057598039215686 0.8553921568627452 0.025735294117647058 0.03758169934640523
0 0.2806372549019608 0.8913398692810458 0.029411764705882353 0.02777777777777778
0 0.352328431372549 0.8218954248366014 0.0428921568627451 0.06209150326797386
0 0.3425245098039216 0.7802287581699346 0.023284313725490197 0.04084967320261438
0 0.42401960784313725 0.7916666666666667 0.0392156862745098 0.03431372549019608
0 0.4883578431372549 0.8169934640522876 0.020833333333333332 0.032679738562091505
0 0.5049019607843137 0.8202614379084967 0.01715686274509804 0.03594771241830066
0 0.4185049019607843 0.7475490196078431 0.04534313725490196 0.04084967320261438
0 0.4491421568627451 0.7598039215686275 0.03553921568627451 0.029411764705882353
0 0.42953431372549017 0.7132352941176471 0.023284313725490197 0.03104575163398693
0 0.46629901960784315 0.7246732026143791 0.04534313725490196 0.03758169934640523
0 0.4074754901960784 0.6952614379084967 0.025735294117647058 0.024509803921568627
0 0.4301470588235294 0.6870915032679739 0.02696078431372549 0.024509803921568627
0 0.45465686274509803 0.6691176470588236 0.029411764705882353 0.03104575163398693
0 0.4883578431372549 0.6683006535947713 0.03308823529411765 0.029411764705882353
0 0.46875 0.6919934640522876 0.028186274509803922 0.02777777777777778
0 0.5747549019607843 0.7434640522875817 0.022058823529411763 0.032679738562091505
0 0.5177696078431373 0.5490196078431373 0.028186274509803922 0.029411764705882353
0 0.5404411764705882 0.5563725490196079 0.02696078431372549 0.021241830065359478
0 0.5925245098039216 0.6029411764705882 0.03308823529411765 0.029411764705882353
0 0.5821078431372549 0.5776143790849674 0.024509803921568627 0.021241830065359478
0 0.6170343137254902 0.5645424836601307 0.04779411764705882 0.06372549019607843
0 0.5545343137254902 0.5253267973856209 0.04534313725490196 0.03758169934640523
0 0.5863970588235294 0.5261437908496732 0.030637254901960783 0.026143790849673203
0 0.6133578431372549 0.5016339869281046 0.05269607843137255 0.049019607843137254
0 0.5441176470588235 0.4754901960784314 0.049019607843137254 0.06209150326797386
0 0.5753676470588235 0.4869281045751634 0.028186274509803922 0.026143790849673203
0 0.5686274509803921 0.43709150326797386 0.024509803921568627 0.024509803921568627
0 0.5337009803921569 0.40931372549019607 0.04779411764705882 0.03758169934640523
0 0.5827205882352942 0.40522875816993464 0.03308823529411765 0.03594771241830066
0 0.5925245098039216 0.3382352941176471 0.025735294117647058 0.032679738562091505
0 0.5649509803921569 0.35375816993464054 0.024509803921568627 0.024509803921568627
0 0.5416666666666666 0.35375816993464054 0.02696078431372549 0.02777777777777778
0 0.5582107843137255 0.24019607843137256 0.020833333333333332 0.03594771241830066
0 0.5753676470588235 0.25571895424836605 0.025735294117647058 0.021241830065359478
0 0.6188725490196079 0.2818627450980392 0.0392156862745098 0.03431372549019608
0 0.6519607843137255 0.2638888888888889 0.029411764705882353 0.04084967320261438
0 0.6721813725490196 0.24836601307189543 0.025735294117647058 0.026143790849673203
0 0.6458333333333334 0.21323529411764708 0.05392156862745098 0.04738562091503268
0 0.6801470588235294 0.20179738562091504 0.01715686274509804 0.03758169934640523
0 0.7573529411764706 0.17973856209150327 0.02696078431372549 0.022875816993464054
0 0.7683823529411764 0.20669934640522877 0.024509803921568627 0.024509803921568627
0 0.7279411764705882 0.2034313725490196 0.03676470588235294 0.02777777777777778
0 0.7457107843137255 0.22794117647058823 0.025735294117647058 0.04411764705882353
0 0.7193627450980392 0.2508169934640523 0.024509803921568627 0.02777777777777778
0 0.7083333333333334 0.21895424836601307 0.029411764705882353 0.029411764705882353
0 0.7352941176470588 0.27532679738562094 0.022058823529411763 0.021241830065359478
0 0.7677696078431372 0.2761437908496732 0.030637254901960783 0.029411764705882353
0 0.7769607843137255 0.3047385620915033 0.024509803921568627 0.024509803921568627
0 0.7886029411764706 0.32516339869281047 0.025735294117647058 0.029411764705882353
0 0.7450980392156863 0.3031045751633987 0.029411764705882353 0.03104575163398693
0 0.6752450980392157 0.31699346405228757 0.044117647058823525 0.05228758169934641
0 0.7150735294117647 0.3545751633986928 0.04534313725490196 0.042483660130718956
0 0.7481617647058824 0.3464052287581699 0.025735294117647058 0.029411764705882353
0 0.7886029411764706 0.3545751633986928 0.028186274509803922 0.026143790849673203
0 0.7567401960784313 0.3831699346405229 0.025735294117647058 0.02777777777777778
0 0.6672794117647058 0.369281045751634 0.028186274509803922 0.05228758169934641
0 0.6887254901960784 0.3880718954248366 0.049019607843137254 0.03758169934640523
0 0.6274509803921569 0.37254901960784315 0.044117647058823525 0.0392156862745098
0 0.6415441176470588 0.3937908496732026 0.025735294117647058 0.026143790849673203
0 0.7916666666666666 0.5179738562091504 0.03431372549019608 0.026143790849673203
0 0.7806372549019608 0.46895424836601307 0.029411764705882353 0.032679738562091505
0 0.7659313725490196 0.4542483660130719 0.022058823529411763 0.029411764705882353
0 0.7236519607843137 0.4411764705882353 0.04779411764705882 0.03594771241830066
0 0.6636029411764706 0.45915032679738566 0.03553921568627451 0.029411764705882353
0 0.6838235294117647 0.477124183006536 0.01715686274509804 0.03594771241830066
0 0.6439950980392157 0.4763071895424837 0.023284313725490197 0.02777777777777778
0 0.6464460784313726 0.5245098039215687 0.020833333333333332 0.0392156862745098
0 0.6654411764705882 0.5326797385620915 0.029411764705882353 0.032679738562091505
0 0.6887254901960784 0.5196078431372549 0.02696078431372549 0.029411764705882353
0 0.7340686274509803 0.49264705882352944 0.049019607843137254 0.06699346405228758
0 0.7677696078431372 0.548202614379085 0.05514705882352941 0.04738562091503268
0 0.7224264705882353 0.5547385620915033 0.01838235294117647 0.03431372549019608
0 0.7316176470588235 0.5767973856209151 0.03431372549019608 0.029411764705882353
0 0.7071078431372549 0.5759803921568628 0.01715686274509804 0.03104575163398693
0 0.7034313725490196 0.5531045751633987 0.02696078431372549 0.021241830065359478
0 0.6856617647058824 0.5825163398692811 0.030637254901960783 0.02777777777777778
0 0.007352941176470588 0.5016339869281046 0.012254901960784314 0.029411764705882353
0 0.9871323529411764 0.0857843137254902 0.023284313725490197 0.04084967320261438
