0 0.32598039215686275 0.7189542483660131 0.03431372549019608 0.026143790849673203
0 0.24387254901960784 0.8366013071895425 0.022058823529411763 0.022875816993464054
0 0.27450980392156865 0.8537581699346406 0.044117647058823525 0.03758169934640523
0 0.30392156862745096 0.8741830065359477 0.02696078431372549 0.026143790849673203
0 0.2800245098039216 0.8954248366013072 0.03799019607843137 0.03594771241830066
0 0.22916666666666666 0.8717320261437909 0.049019607843137254 0.04411764705882353
0 0.16789215686274508 0.8455882352941176 0.024509803921568627 0.03104575163398693
0 0.15073529411764705 0.8676470588235294 0.029411764705882353 0.029411764705882353
0 0.10416666666666667 0.8684640522875817 0.03431372549019608 0.02777777777777778
0 0.07598039215686274 0.8570261437908497 0.022058823529411763 0.021241830065359478
0 0.08026960784313725 0.8799019607843137 0.023284313725490197 0.024509803921568627
0 0.1090686274509804 0.8905228758169935 0.029411764705882353 0.022875816993464054
0 0.02144607843137255 0.883169934640523 0.04044117647058824 0.06372549019607843
0 0.06004901960784314 0.9003267973856209 0.049019607843137254 0.06209150326797386
0 0.012254901960784314 0.9133986928104575 0.022058823529411763 0.03594771241830066
0 0.00857843137254902 0.9509803921568628 0.014705882352941176 0.03594771241830066
0 0.0392156862745098 0.9722222222222222 0.051470588235294115 0.05555555555555556
0 0.08639705882352941 0.9665032679738562 0.04534313725490196 0.06699346405228758
0 0.1096813725490196 0.9362745098039216 0.05024509803921569 0.05555555555555556
0 0.13725490196078433 0.9133986928104575 0.041666666666666664 0.032679738562091505
0 0.16727941176470587 0.9060457516339869 0.023284313725490197 0.04084967320261438
0 0.20220588235294118 0.9027777777777778 0.022058823529411763 0.04084967320261438
0 0.22794117647058823 0.9133986928104575 0.03676470588235294 0.04575163398692811
0 0.15379901960784315 0.9411764705882353 0.030637254901960783 0.026143790849673203
0 0.14767156862745098 0.9607843137254902 0.023284313725490197 0.0196078431372549
0 0.11642156862745098 0.9754901960784313 0.0196078431372549 0.0196078431372549
0 0.2028186274509804 0.9861111111111112 0.05024509803921569 0.02777777777777778
0 0.23223039215686275 0.9763071895424837 0.04534313725490196 0.03758169934640523
0 0.19424019607843138 0.9477124183006537 0.06004901960784314 0.04575163398692811
0 0.2928921568627451 0.934640522875817 0.058823529411764705 0.049019607843137254
0 0.3118872549019608 0.8937908496732027 0.025735294117647058 0.022875816993464054
0 0.32598039215686275 0.9093137254901961 0.0196078431372549 0.021241830065359478
0 0.2855392156862745 0.9836601307189543 0.05392156862745098 0.032679738562091505
0 0.3400735294117647 0.9362745098039216 0.028186274509803922 0.026143790849673203
0 0.3958333333333333 0.9019607843137255 0.022058823529411763 0.022875816993464054
0 0.4019607843137255 0.9297385620915033 0.02696078431372549 0.0196078431372549
0 0.43137254901960786 0.9852941176470589 0.058823529411764705 0.029411764705882353
0 0.4178921568627451 0.9509803921568628 0.02696078431372549 0.03594771241830066
0 0.4387254901960784 0.9550653594771242 0.024509803921568627 0.03104575163398693
0 0.4650735294117647 0.9583333333333334 0.028186274509803922 0.03431372549019608
0 0.4944852941176471 0.934640522875817 0.05759803921568627 0.042483660130718956
0 0.4681372549019608 0.8962418300653595 0.051470588235294115 0.04084967320261438
0 0.5575980392156863 0.9199346405228759 0.058823529411764705 0.05228758169934641
0 0.5404411764705882 0.9616013071895425 0.058823529411764705 0.04411764705882353
0 0.5 0.9673202614379085 0.0196078431372549 0.029411764705882353
0 0.6133578431372549 0.9330065359477124 0.03308823529411765 0.032679738562091505
0 0.6066176470588235 0.9705882352941176 0.04656862745098039 0.042483660130718956
0 0.65625 0.9166666666666667 0.04779411764705882 0.05555555555555556
0 0.678921568627451 0.9534313725490197 0.022058823529411763 0.04411764705882353
0 0.7015931372549019 0.9395424836601307 0.030637254901960783 0.022875816993464054
0 0.7113970588235294 0.9722222222222222 0.03553921568627451 0.05555555555555556
0 0.7401960784313726 0.9436274509803921 0.02696078431372549 0.024509803921568627
0 0.7696078431372549 0.9517973856209151 0.02696078431372549 0.024509803921568627
0 0.798406862745098 0.9468954248366014 0.03308823529411765 0.03104575163398693
0 0.7873774509803921 0.9787581699346406 0.020833333333333332 0.042483660130718956
0 0.75 0.9812091503267975 0.041666666666666664 0.03758169934640523
0 0.8192401960784313 0.9714052287581699 0.023284313725490197 0.03758169934640523
0 0.8700980392156863 0.9795751633986929 0.049019607843137254 0.04084967320261438
0 0.8762254901960784 0.8104575163398693 0.02696078431372549 0.029411764705882353
0 0.9227941176470588 0.815359477124183 0.03431372549019608 0.032679738562091505
0 0.8474264705882353 0.823529411764706 0.04044117647058824 0.022875816993464054
0 0.7732843137254902 0.8006535947712419 0.03431372549019608 0.029411764705882353
0 0.8388480392156863 0.9812091503267975 0.015931372549019607 0.03104575163398693
0 0.9411764705882353 0.9877450980392157 0.04656862745098039 0.024509803921568627
0 0.5686274509803921 0.9730392156862745 0.022058823529411763 0.024509803921568627
