0 0.18382352941176472 0.014093137254901961 0.024509803921568627 0.025735294117647058
0 0.09313725490196079 0.02144607843137255 0.042483660130718956 0.04044117647058824
0 0.049019607843137254 0.03370098039215686 0.04575163398692811 0.05024509803921569
0 0.01715686274509804 0.0392156862745098 0.03104575163398693 0.044117647058823525
0 0.1315359477124183 0.05330882352941176 0.04411764705882353 0.05269607843137255
0 0.1707516339869281 0.056372549019607844 0.024509803921568627 0.024509803921568627
0 0.09558823529411765 0.06924019607843138 0.04411764705882353 0.030637254901960783
0 0.11683006535947713 0.09497549019607843 0.04411764705882353 0.04779411764705882
0 0.11274509803921569 0.12745098039215685 0.05228758169934641 0.024509803921568627
0 0.12908496732026145 0.1488970588235294 0.0392156862745098 0.03308823529411765
0 0.05392156862745098 0.08884803921568628 0.04575163398692811 0.05269607843137255
0 0.014705882352941176 0.09681372549019608 0.026143790849673203 0.041666666666666664
0 0.04411764705882353 0.12745098039215685 0.058823529411764705 0.029411764705882353
0 0.07761437908496732 0.11397058823529412 0.021241830065359478 0.0196078431372549
0 0.08741830065359478 0.1525735294117647 0.04084967320261438 0.04044117647058824
0 0.058823529411764705 0.15441176470588236 0.016339869281045753 0.0196078431372549
0 0.1388888888888889 0.1764705882352941 0.026143790849673203 0.022058823529411763
0 0.07679738562091504 0.1715686274509804 0.029411764705882353 0.014705882352941176
0 0.125 0.20036764705882354 0.03758169934640523 0.0428921568627451
0 0.1454248366013072 0.19362745098039216 0.0196078431372549 0.022058823529411763
0 0.10620915032679738 0.22426470588235295 0.026143790849673203 0.031862745098039214
0 0.0727124183006536 0.2181372549019608 0.024509803921568627 0.02696078431372549
0 0.06290849673202614 0.24019607843137256 0.024509803921568627 0.029411764705882353
0 0.0923202614379085 0.24816176470588236 0.04084967320261438 0.04779411764705882
0 0.0661764705882353 0.26776960784313725 0.02777777777777778 0.015931372549019607
0 0.022058823529411766 0.2861519607843137 0.03104575163398693 0.03308823529411765
0 0.04820261437908497 0.2861519607843137 0.04084967320261438 0.025735294117647058
0 0.07516339869281045 0.3020833333333333 0.0196078431372549 0.023284313725490197
0 0.057189542483660136 0.3075980392156863 0.026143790849673203 0.022058823529411763
0 0.13725490196078433 0.3014705882352941 0.04575163398692811 0.04656862745098039
0 0.1527777777777778 0.34987745098039214 0.03758169934640523 0.0428921568627451
0 0.11519607843137256 0.36151960784313725 0.04411764705882353 0.056372549019607844
0 0.1380718954248366 0.39338235294117646 0.021241830065359478 0.022058823529411763
0 0.14869281045751634 0.41237745098039214 0.029411764705882353 0.025735294117647058
0 0.10702614379084968 0.4307598039215686 0.024509803921568627 0.025735294117647058
0 0.13562091503267976 0.45159313725490197 0.04575163398692811 0.05269607843137255
0 0.09885620915032681 0.446078431372549 0.03431372549019608 0.024509803921568627
0 0.06372549019607843 0.44730392156862747 0.0392156862745098 0.024509803921568627
0 0.08741830065359478 0.4791666666666667 0.04084967320261438 0.041666666666666664
0 0.11683006535947713 0.4736519607843137 0.024509803921568627 0.023284313725490197
0 0.11601307189542484 0.49080882352941174 0.029411764705882353 0.025735294117647058
0 0.14052287581699346 0.5012254901960784 0.026143790849673203 0.029411764705882353
0 0.16830065359477125 0.5343137254901961 0.022875816993464054 0.024509803921568627
0 0.45179738562091504 0.4693627450980392 0.03104575163398693 0.0196078431372549
0 0.03839869281045752 0.4852941176470588 0.03758169934640523 0.049019607843137254
0 0.015522875816993464 0.5061274509803921 0.02777777777777778 0.049019607843137254
0 0.015522875816993464 0.5453431372549019 0.02777777777777778 0.01715686274509804
0 0.035130718954248366 0.6170343137254902 0.05065359477124183 0.05759803921568627
0 0.059640522875817 0.7322303921568627 0.021241830065359478 0.025735294117647058
0 0.07107843137254902 0.7530637254901961 0.024509803921568627 0.023284313725490197
0 0.09068627450980392 0.7677696078431372 0.024509803921568627 0.028186274509803922
0 0.23529411764705882 0.8676470588235294 0.026143790849673203 0.031862745098039214
0 0.22712418300653595 0.946078431372549 0.029411764705882353 0.0196078431372549
0 0.2312091503267974 0.9742647058823529 0.04084967320261438 0.04656862745098039
0 0.20669934640522877 0.9877450980392156 0.024509803921568627 0.024509803921568627
0 0.3357843137254902 0.9105392156862745 0.024509803921568627 0.022058823529411763
0 0.3619281045751634 0.9166666666666666 0.03431372549019608 0.044117647058823525
0 0.4362745098039216 0.6893382352941176 0.0196078431372549 0.023284313725490197
0 0.4869281045751634 0.7015931372549019 0.032679738562091505 0.03308823529411765
0 0.4991830065359477 0.727328431372549 0.04084967320261438 0.04044117647058824
0 0.4616013071895425 0.7028186274509803 0.02777777777777778 0.023284313725490197
0 0.4632352941176471 0.7303921568627451 0.03758169934640523 0.041666666666666664
0 0.505718954248366 0.7665441176470588 0.04411764705882353 0.05024509803921569
0 0.42728758169934644 0.7064950980392157 0.024509803921568627 0.020833333333333332
0 0.41748366013071897 0.7230392156862745 0.021241830065359478 0.0196078431372549
0 0.4297385620915033 0.7395833333333334 0.0392156862745098 0.03553921568627451
0 0.45098039215686275 0.758578431372549 0.049019607843137254 0.029411764705882353
0 0.3741830065359477 0.7512254901960784 0.0196078431372549 0.022058823529411763
0 0.3929738562091503 0.7591911764705882 0.021241830065359478 0.023284313725490197
0 0.37826797385620914 0.7702205882352942 0.01797385620915033 0.020833333333333332
0 0.411764705882353 0.7830882352941176 0.042483660130718956 0.0196078431372549
0 0.4607843137254902 0.78125 0.029411764705882353 0.023284313725490197
0 0.43300653594771243 0.7714460784313726 0.029411764705882353 0.023284313725490197
0 0.38071895424836605 0.7886029411764706 0.032679738562091505 0.01838235294117647
0 0.35866013071895425 0.7904411764705882 0.03104575163398693 0.022058823529411763
0 0.43137254901960786 0.7965686274509803 0.032679738562091505 0.014705882352941176
0 0.4542483660130719 0.8033088235294118 0.032679738562091505 0.023284313725490197
0 0.40604575163398693 0.8082107843137255 0.024509803921568627 0.025735294117647058
0 0.428921568627451 0.8149509803921569 0.024509803921568627 0.024509803921568627
0 0.369281045751634 0.8112745098039216 0.026143790849673203 0.02696078431372549
0 0.36601307189542487 0.8278186274509803 0.022875816993464054 0.01838235294117647
0 0.4166666666666667 0.8419117647058824 0.032679738562091505 0.029411764705882353
0 0.44689542483660133 0.8388480392156863 0.03104575163398693 0.020833333333333332
0 0.4362745098039216 0.8535539215686274 0.029411764705882353 0.020833333333333332
0 0.4150326797385621 0.8743872549019608 0.032679738562091505 0.04044117647058824
0 0.3839869281045752 0.8602941176470588 0.03594771241830066 0.0392156862745098
0 0.36764705882352944 0.8443627450980392 0.022875816993464054 0.022058823529411763
0 0.37254901960784315 0.8866421568627451 0.029411764705882353 0.01838235294117647
0 0.39542483660130723 0.8890931372549019 0.026143790849673203 0.028186274509803922
0 0.8063725490196079 0.7604166666666666 0.03104575163398693 0.03799019607843137
0 0.8366013071895425 0.7610294117647058 0.026143790849673203 0.031862745098039214
0 0.9575163398692811 0.6531862745098039 0.03594771241830066 0.022058823529411763
0 0.9150326797385622 0.6721813725490196 0.029411764705882353 0.028186274509803922
0 0.9248366013071896 0.6917892156862745 0.03594771241830066 0.03553921568627451
0 0.8970588235294118 0.7052696078431372 0.04575163398692811 0.04779411764705882
0 0.869281045751634 0.7408088235294118 0.04575163398692811 0.03799019607843137
0 0.8954248366013072 0.6409313725490196 0.042483660130718956 0.04656862745098039
0 0.6870915032679739 0.38235294117647056 0.04084967320261438 0.051470588235294115
0 0.7361111111111112 0.41605392156862747 0.03104575163398693 0.03308823529411765
0 0.7687908496732027 0.41360294117647056 0.03431372549019608 0.030637254901960783
0 0.7549019607843137 0.4534313725490196 0.042483660130718956 0.04656862745098039
0 0.803921568627451 0.4319852941176471 0.022875816993464054 0.020833333333333332
0 0.7205882352941176 0.43933823529411764 0.026143790849673203 0.020833333333333332
0 0.6968954248366013 0.42892156862745096 0.01797385620915033 0.022058823529411763
0 0.6911764705882353 0.45955882352941174 0.022875816993464054 0.024509803921568627
0 0.7107843137254902 0.46078431372549017 0.022875816993464054 0.031862745098039214
0 0.7271241830065359 0.4620098039215686 0.0196078431372549 0.024509803921568627
0 0.7892156862745098 0.4730392156862745 0.022875816993464054 0.031862745098039214
0 0.8022875816993464 0.49142156862745096 0.022875816993464054 0.029411764705882353
0 0.7491830065359477 0.49080882352941174 0.01797385620915033 0.020833333333333332
0 0.7745098039215687 0.5079656862745098 0.0392156862745098 0.04534313725490196
0 0.7287581699346406 0.5189950980392157 0.05228758169934641 0.03553921568627451
0 0.8063725490196079 0.5263480392156863 0.04411764705882353 0.023284313725490197
0 0.809640522875817 0.5502450980392157 0.06045751633986928 0.031862745098039214
0 0.7589869281045751 0.5428921568627451 0.04411764705882353 0.03431372549019608
0 0.7140522875816994 0.548406862745098 0.029411764705882353 0.03308823529411765
0 0.75 0.5729166666666666 0.0196078431372549 0.01838235294117647
0 0.7777777777777778 0.585171568627451 0.042483660130718956 0.04044117647058824
0 0.8218954248366014 0.5833333333333334 0.032679738562091505 0.02696078431372549
0 0.8954248366013072 0.5631127450980392 0.026143790849673203 0.023284313725490197
0 0.8088235294117647 0.602328431372549 0.026143790849673203 0.023284313725490197
0 0.7483660130718954 0.6078431372549019 0.05555555555555556 0.029411764705882353
0 0.8455882352941176 0.625 0.04738562091503268 0.04656862745098039
0 0.8243464052287582 0.6531862745098039 0.03104575163398693 0.024509803921568627
0 0.8504901960784313 0.6678921568627451 0.03758169934640523 0.03431372549019608
0 0.8676470588235294 0.6488970588235294 0.022875816993464054 0.020833333333333332
0 0.8660130718954249 0.6868872549019608 0.022875816993464054 0.025735294117647058
0 0.8766339869281046 0.6691176470588235 0.021241830065359478 0.0196078431372549
0 0.8227124183006537 0.678921568627451 0.01797385620915033 0.022058823529411763
0 0.8406862745098039 0.7058823529411764 0.03758169934640523 0.041666666666666664
0 0.8243464052287582 0.7297794117647058 0.02777777777777778 0.023284313725490197
0 0.7949346405228759 0.7254901960784313 0.02777777777777778 0.024509803921568627
0 0.7900326797385621 0.6917892156862745 0.05065359477124183 0.0428921568627451
0 0.8169934640522876 0.7089460784313726 0.016339869281045753 0.01838235294117647
0 0.8480392156862745 0.5735294117647058 0.0196078431372549 0.022058823529411763
