0 0.041666666666666664 0.5340909090909091 0.021604938271604937 0.022727272727272728
0 0.05632716049382716 0.5454545454545454 0.026234567901234566 0.02066115702479339
0 0.07021604938271604 0.5609504132231405 0.023148148148148147 0.026859504132231406
0 0.08950617283950617 0.5836776859504132 0.033950617283950615 0.03512396694214876
0 0.11574074074074073 0.578512396694215 0.015432098765432098 0.024793388429752067
0 0.026234567901234566 0.5444214876033058 0.021604938271604937 0.01859504132231405
0 0.009259259259259259 0.5495867768595042 0.015432098765432098 0.02066115702479339
0 0.010030864197530864 0.5723140495867769 0.016975308641975308 0.02066115702479339
0 0.026234567901234566 0.5723140495867769 0.021604938271604937 0.028925619834710745
0 0.047839506172839504 0.5774793388429752 0.027777777777777776 0.022727272727272728
0 0.06327160493827161 0.5909090909090909 0.024691358024691357 0.024793388429752067
0 0.10030864197530864 0.6084710743801653 0.024691358024691357 0.01859504132231405
0 0.06712962962962962 0.6198347107438017 0.038580246913580245 0.04132231404958678
0 0.015432098765432098 0.5991735537190083 0.018518518518518517 0.024793388429752067
0 0.034722222222222224 0.6229338842975207 0.038580246913580245 0.04338842975206612
0 0.06095679012345678 0.6415289256198348 0.023148148148148147 0.022727272727272728
0 0.07870370370370369 0.6570247933884298 0.015432098765432098 0.028925619834710745
0 0.11728395061728394 0.6518595041322314 0.037037037037037035 0.03925619834710744
0 0.10030864197530864 0.6807851239669421 0.027777777777777776 0.022727272727272728
0 0.020061728395061727 0.6425619834710744 0.021604938271604937 0.02066115702479339
0 0.018518518518518517 0.6632231404958678 0.027777777777777776 0.03305785123966942
0 0.040123456790123455 0.6601239669421488 0.024691358024691357 0.030991735537190084
0 0.057870370370370364 0.6611570247933884 0.020061728395061727 0.028925619834710745
0 0.05555555555555555 0.6859504132231405 0.027777777777777776 0.028925619834710745
0 0.07175925925925926 0.7004132231404959 0.026234567901234566 0.024793388429752067
0 0.030864197530864196 0.6952479338842975 0.027777777777777776 0.01859504132231405
0 0.012345679012345678 0.7076446280991736 0.021604938271604937 0.03925619834710744
0 0.033950617283950615 0.731404958677686 0.024691358024691357 0.024793388429752067
0 0.06558641975308642 0.7272727272727273 0.041666666666666664 0.04132231404958678
0 0.008487654320987654 0.7386363636363636 0.013888888888888888 0.022727272727272728
0 0.9853395061728395 0.48140495867768596 0.029320987654320986 0.05785123966942149
0 0.9591049382716049 0.4628099173553719 0.016975308641975308 0.03305785123966942
0 0.9691358024691358 0.5041322314049587 0.024691358024691357 0.049586776859504134
0 0.9884259259259258 0.5206611570247934 0.023148148148148147 0.024793388429752067
0 0.9328703703703703 0.4597107438016529 0.029320987654320986 0.05991735537190083
0 0.9475308641975309 0.5010330578512396 0.021604938271604937 0.04338842975206612
0 0.9490740740740741 0.5330578512396694 0.030864197530864196 0.024793388429752067
0 0.974537037037037 0.5382231404958678 0.023148148148148147 0.01859504132231405
0 0.9560185185185185 0.5526859504132231 0.026234567901234566 0.022727272727272728
0 0.9066358024691358 0.44834710743801653 0.029320987654320986 0.05371900826446281
0 0.8603395061728395 0.4121900826446281 0.016975308641975308 0.030991735537190084
0 0.8433641975308641 0.4152892561983471 0.023148148148148147 0.02066115702479339
0 0.8580246913580246 0.4400826446280992 0.027777777777777776 0.028925619834710745
0 0.8842592592592592 0.4638429752066116 0.040123456790123455 0.05165289256198347
0 0.8634259259259259 0.47830578512396693 0.035493827160493825 0.03925619834710744
0 0.8310185185185185 0.44214876033057854 0.029320987654320986 0.05371900826446281
0 0.8009259259259259 0.44938016528925623 0.024691358024691357 0.026859504132231406
0 0.8240740740740741 0.4803719008264463 0.043209876543209874 0.03512396694214876
0 0.7939814814814814 0.484504132231405 0.020061728395061727 0.030991735537190084
0 0.7746913580246914 0.4617768595041322 0.024691358024691357 0.047520661157024795
0 0.8395061728395061 0.5092975206611571 0.043209876543209874 0.03925619834710744
0 0.9020061728395061 0.5196280991735537 0.038580246913580245 0.05165289256198347
0 0.9228395061728395 0.49690082644628103 0.030864197530864196 0.04338842975206612
0 0.927469135802469 0.5516528925619835 0.024691358024691357 0.0371900826446281
0 0.8695987654320987 0.5299586776859504 0.029320987654320986 0.026859504132231406
0 0.8209876543209876 0.5278925619834711 0.018518518518518517 0.01859504132231405
0 0.853395061728395 0.5413223140495868 0.021604938271604937 0.01652892561983471
0 0.878858024691358 0.5547520661157025 0.026234567901234566 0.022727272727272728
0 0.9043209876543209 0.5557851239669421 0.018518518518518517 0.028925619834710745
0 0.875 0.5082644628099173 0.018518518518518517 0.02066115702479339
0 0.853395061728395 0.5599173553719008 0.021604938271604937 0.02066115702479339
0 0.8364197530864197 0.5681818181818182 0.024691358024691357 0.028925619834710745
0 0.8325617283950617 0.5878099173553719 0.023148148148148147 0.01859504132231405
0 0.9799382716049382 0.9173553719008265 0.033950617283950615 0.028925619834710745
0 0.9791666666666666 0.9411157024793388 0.020061728395061727 0.022727272727272728
0 0.9729938271604938 0.9607438016528926 0.029320987654320986 0.028925619834710745
0 0.9529320987654321 0.9700413223140496 0.020061728395061727 0.022727272727272728
0 0.9915123456790123 0.9803719008264463 0.016975308641975308 0.03925619834710744
