0 0.014705882352941176 0.1968954248366013 0.02696078431372549 0.04084967320261438
0 0.023284313725490197 0.22549019607843138 0.044117647058823525 0.0392156862745098
0 0.015931372549019607 0.2687908496732026 0.029411764705882353 0.04411764705882353
0 0.8063725490196079 0.1919934640522876 0.03431372549019608 0.03758169934640523
0 0.8658088235294118 0.19607843137254902 0.03308823529411765 0.029411764705882353
0 0.8333333333333334 0.2107843137254902 0.05392156862745098 0.03594771241830066
0 0.8229166666666666 0.24836601307189543 0.04779411764705882 0.05228758169934641
0 0.8682598039215687 0.27941176470588236 0.05024509803921569 0.0392156862745098
0 0.8762254901960784 0.24183006535947713 0.06862745098039216 0.049019607843137254
0 0.9056372549019608 0.19526143790849673 0.03676470588235294 0.04738562091503268
0 0.9442401960784313 0.18709150326797386 0.05269607843137255 0.04084967320261438
0 0.9901960784313726 0.1985294117647059 0.0196078431372549 0.04411764705882353
0 0.9344362745098039 0.22794117647058823 0.05514705882352941 0.04084967320261438
0 0.9920343137254902 0.25980392156862747 0.015931372549019607 0.04575163398692811
0 0.9957107843137255 0.29901960784313725 0.00857843137254902 0.026143790849673203
0 0.9736519607843137 0.3284313725490196 0.05269607843137255 0.049019607843137254
0 0.977328431372549 0.244281045751634 0.04044117647058824 0.04411764705882353
0 0.9375 0.2630718954248366 0.05392156862745098 0.032679738562091505
0 0.9387254901960784 0.3014705882352941 0.056372549019607844 0.04738562091503268
