0 0.985906862745098 0.7933006535947713 0.028186274509803922 0.08006535947712419
0 0.9656862745098039 0.8014705882352942 0.0196078431372549 0.04084967320261438
0 0.9479166666666666 0.8398692810457516 0.025735294117647058 0.05228758169934641
0 0.9822303921568627 0.8513071895424836 0.03553921568627451 0.06862745098039216
0 0.9534313725490196 0.8848039215686275 0.0196078431372549 0.04084967320261438
0 0.9748774509803921 0.9044117647058824 0.030637254901960783 0.057189542483660136
0 0.9454656862745098 0.9321895424836601 0.01838235294117647 0.04084967320261438
0 0.9889705882352942 0.9395424836601307 0.022058823529411763 0.04575163398692811
0 0.977328431372549 0.9746732026143791 0.025735294117647058 0.05065359477124183
0 0.8462009803921569 0.9321895424836601 0.028186274509803922 0.04084967320261438
0 0.9889705882352942 0.7238562091503268 0.022058823529411763 0.05228758169934641
