0 0.18198529411764705 0.8112745098039216 0.05514705882352941 0.03431372549019608
0 0.18075980392156862 0.6993464052287582 0.028186274509803922 0.04575163398692811
0 0.2193627450980392 0.6887254901960784 0.03431372549019608 0.02777777777777778
0 0.26409313725490197 0.6977124183006537 0.04779411764705882 0.03594771241830066
0 0.3118872549019608 0.6764705882352942 0.03553921568627451 0.029411764705882353
0 0.35110294117647056 0.6617647058823529 0.0428921568627451 0.029411764705882353
0 0.3866421568627451 0.667483660130719 0.03799019607843137 0.03104575163398693
0 0.6887254901960784 0.5841503267973857 0.041666666666666664 0.05065359477124183
0 0.6942401960784313 0.6633986928104575 0.028186274509803922 0.032679738562091505
0 0.7475490196078431 0.6740196078431373 0.03676470588235294 0.03431372549019608
0 0.6084558823529411 0.7254901960784313 0.030637254901960783 0.04575163398692811
0 0.5729166666666666 0.7875816993464052 0.030637254901960783 0.022875816993464054
0 0.6011029411764706 0.7753267973856209 0.030637254901960783 0.021241830065359478
0 0.616421568627451 0.7933006535947713 0.0392156862745098 0.02777777777777778
0 0.6194852941176471 0.8178104575163399 0.030637254901960783 0.024509803921568627
0 0.5153186274509803 0.815359477124183 0.03553921568627451 0.026143790849673203
0 0.5220588235294118 0.8415032679738562 0.04656862745098039 0.0392156862745098
0 0.5698529411764706 0.8602941176470589 0.041666666666666664 0.03104575163398693
0 0.5747549019607843 0.8856209150326798 0.041666666666666664 0.026143790849673203
0 0.6182598039215687 0.8790849673202614 0.05759803921568627 0.042483660130718956
0 0.6066176470588235 0.852124183006536 0.0392156862745098 0.024509803921568627
0 0.6611519607843137 0.8480392156862745 0.04534313725490196 0.032679738562091505
0 0.6979166666666666 0.8848039215686275 0.07720588235294118 0.05065359477124183
0 0.7879901960784313 0.9166666666666667 0.051470588235294115 0.032679738562091505
0 0.7285539215686274 0.7826797385620915 0.03799019607843137 0.029411764705882353
0 0.7879901960784313 0.7883986928104575 0.06372549019607843 0.05065359477124183
0 0.7561274509803921 0.8145424836601307 0.031862745098039214 0.024509803921568627
0 0.8106617647058824 0.75 0.0428921568627451 0.04575163398692811
0 0.8431372549019608 0.7532679738562091 0.0392156862745098 0.06209150326797386
0 0.8731617647058824 0.7181372549019608 0.030637254901960783 0.024509803921568627
0 0.90625 0.7083333333333334 0.03553921568627451 0.03431372549019608
0 0.9834558823529411 0.6968954248366013 0.03308823529411765 0.02777777777777778
0 0.9466911764705882 0.7222222222222222 0.030637254901960783 0.026143790849673203
0 0.9718137254901961 0.7549019607843137 0.056372549019607844 0.049019607843137254
0 0.9368872549019608 0.7728758169934641 0.030637254901960783 0.026143790849673203
0 0.8988970588235294 0.7549019607843137 0.07720588235294118 0.06209150326797386
0 0.8897058823529411 0.8080065359477124 0.044117647058823525 0.03104575163398693
0 0.9154411764705882 0.7941176470588236 0.041666666666666664 0.029411764705882353
0 0.9650735294117647 0.8227124183006537 0.06985294117647059 0.06045751633986928
0 0.9662990196078431 0.8766339869281046 0.0625 0.06372549019607843
0 0.9044117647058824 0.8357843137254902 0.04656862745098039 0.03104575163398693
0 0.9007352941176471 0.8602941176470589 0.041666666666666664 0.024509803921568627
0 0.8333333333333334 0.8178104575163399 0.02696078431372549 0.04084967320261438
0 0.8602941176470588 0.8774509803921569 0.03431372549019608 0.026143790849673203
0 0.8756127450980392 0.9117647058823529 0.05759803921568627 0.0392156862745098
0 0.9227941176470588 0.9191176470588236 0.031862745098039214 0.024509803921568627
0 0.9552696078431372 0.9158496732026145 0.028186274509803922 0.03104575163398693
0 0.020833333333333332 0.7516339869281046 0.0392156862745098 0.0392156862745098
