0 0.21629901960784315 0.03594771241830066 0.020833333333333332 0.05228758169934641
0 0.19240196078431374 0.05147058823529412 0.01715686274509804 0.05065359477124183
0 0.22487745098039216 0.07679738562091504 0.015931372549019607 0.04575163398692811
0 0.2107843137254902 0.08823529411764706 0.01715686274509804 0.0392156862745098
0 0.21875 0.12826797385620917 0.030637254901960783 0.06045751633986928
0 0.18137254901960784 0.07434640522875817 0.0196078431372549 0.05392156862745098
0 0.1764705882352941 0.11111111111111112 0.014705882352941176 0.03594771241830066
0 0.19424019607843138 0.15604575163398693 0.023284313725490197 0.06699346405228758
0 0.1838235294117647 0.13398692810457516 0.0196078431372549 0.04575163398692811
0 0.21262254901960784 0.829248366013072 0.023284313725490197 0.04084967320261438
0 0.1764705882352941 0.8218954248366014 0.01715686274509804 0.032679738562091505
0 0.20404411764705882 0.8684640522875817 0.013480392156862746 0.03431372549019608
0 0.1801470588235294 0.8504901960784313 0.014705882352941176 0.02777777777777778
0 0.1875 0.8602941176470589 0.01715686274509804 0.03104575163398693
0 0.19362745098039216 0.8880718954248367 0.01715686274509804 0.03104575163398693
0 0.20649509803921567 0.9003267973856209 0.015931372549019607 0.029411764705882353
0 0.1795343137254902 0.9068627450980392 0.015931372549019607 0.032679738562091505
0 0.23651960784313725 0.9338235294117647 0.01715686274509804 0.03758169934640523
0 0.24754901960784315 0.948529411764706 0.0196078431372549 0.04411764705882353
0 0.21629901960784315 0.9452614379084968 0.020833333333333332 0.02777777777777778
0 0.19362745098039216 0.9428104575163399 0.01715686274509804 0.032679738562091505
0 0.17830882352941177 0.948529411764706 0.01838235294117647 0.04411764705882353
0 0.18137254901960784 0.9738562091503268 0.014705882352941176 0.029411764705882353
0 0.21017156862745098 0.9812091503267975 0.023284313725490197 0.03758169934640523
0 0.23039215686274508 0.9836601307189543 0.01715686274509804 0.029411764705882353
0 0.2549019607843137 0.9746732026143791 0.024509803921568627 0.024509803921568627
0 0.23590686274509803 0.9901960784313726 0.015931372549019607 0.0196078431372549
0 0.25183823529411764 0.9926470588235294 0.015931372549019607 0.014705882352941176
