0 0.9191176470588236 0.00857843137254902 0.03431372549019608 0.014705882352941176
0 0.8872549019607844 0.029411764705882353 0.05228758169934641 0.051470588235294115
0 0.8790849673202614 0.04840686274509804 0.03594771241830066 0.030637254901960783
0 0.9011437908496732 0.061887254901960786 0.024509803921568627 0.01838235294117647
0 0.8848039215686275 0.07230392156862744 0.03758169934640523 0.0196078431372549
0 0.6437908496732027 0.037377450980392156 0.029411764705882353 0.028186274509803922
0 0.6094771241830066 0.12009803921568628 0.049019607843137254 0.022058823529411763
0 0.5955882352941176 0.12990196078431374 0.03104575163398693 0.01715686274509804
0 0.5089869281045751 0.13480392156862744 0.04411764705882353 0.0196078431372549
0 0.875 0.13357843137254902 0.04411764705882353 0.024509803921568627
0 0.9575163398692811 0.09558823529411764 0.032679738562091505 0.022058823529411763
0 0.9517973856209151 0.1213235294117647 0.021241830065359478 0.024509803921568627
0 0.9632352941176471 0.13786764705882354 0.03758169934640523 0.01838235294117647
0 0.8725490196078431 0.1642156862745098 0.03594771241830066 0.01715686274509804
0 0.9321895424836601 0.16237745098039216 0.03104575163398693 0.03308823529411765
0 0.9656862745098039 0.1715686274509804 0.026143790849673203 0.0196078431372549
0 0.8684640522875817 0.18933823529411764 0.03758169934640523 0.025735294117647058
0 0.9035947712418301 0.18259803921568626 0.029411764705882353 0.024509803921568627
0 0.9624183006535948 0.19117647058823528 0.022875816993464054 0.022058823529411763
0 0.9460784313725491 0.2071078431372549 0.032679738562091505 0.03676470588235294
0 0.9240196078431373 0.21384803921568626 0.02777777777777778 0.020833333333333332
0 0.9125816993464052 0.22549019607843138 0.03758169934640523 0.03431372549019608
0 0.8872549019607844 0.22549019607843138 0.0196078431372549 0.022058823529411763
0 0.9599673202614379 0.2512254901960784 0.04411764705882353 0.05392156862745098
0 0.9035947712418301 0.25306372549019607 0.05228758169934641 0.0428921568627451
0 0.869281045751634 0.2806372549019608 0.05555555555555556 0.051470588235294115
0 0.9240196078431373 0.28370098039215685 0.04084967320261438 0.03799019607843137
0 0.9705882352941176 0.2892156862745098 0.026143790849673203 0.02696078431372549
0 0.9379084967320261 0.29901960784313725 0.026143790849673203 0.02696078431372549
0 0.8913398692810458 0.3020833333333333 0.02777777777777778 0.030637254901960783
0 0.9076797385620915 0.32230392156862747 0.05392156862745098 0.03676470588235294
0 0.9599673202614379 0.3321078431372549 0.05065359477124183 0.05392156862745098
0 0.9256535947712419 0.36887254901960786 0.04738562091503268 0.05392156862745098
0 0.8864379084967321 0.3529411764705882 0.02777777777777778 0.022058823529411763
0 0.8905228758169935 0.3866421568627451 0.05228758169934641 0.05024509803921569
0 0.8341503267973857 0.14644607843137256 0.04084967320261438 0.020833333333333332
0 0.9599673202614379 0.6397058823529411 0.04738562091503268 0.029411764705882353
0 0.8684640522875817 0.585171568627451 0.03431372549019608 0.025735294117647058
0 0.9656862745098039 0.6685049019607843 0.06862745098039216 0.03553921568627451
0 0.9836601307189543 0.6850490196078431 0.032679738562091505 0.014705882352941176
0 0.9803921568627452 0.7083333333333334 0.0392156862745098 0.044117647058823525
0 0.9926470588235294 0.6415441176470588 0.014705882352941176 0.028186274509803922
0 0.9869281045751634 0.7420343137254902 0.026143790849673203 0.028186274509803922
0 0.9616013071895425 0.7763480392156863 0.02777777777777778 0.030637254901960783
0 0.9738562091503268 0.7996323529411764 0.03594771241830066 0.028186274509803922
0 0.9820261437908497 0.8192401960784313 0.03594771241830066 0.020833333333333332
0 0.9632352941176471 0.8553921568627451 0.02777777777777778 0.02696078431372549
0 0.9836601307189543 0.8731617647058824 0.032679738562091505 0.04044117647058824
0 0.9812091503267975 0.8412990196078431 0.03758169934640523 0.03308823529411765
0 0.9836601307189543 0.9031862745098039 0.029411764705882353 0.031862745098039214
0 0.9697712418300654 0.9356617647058824 0.03431372549019608 0.030637254901960783
0 0.5923202614379085 0.10416666666666667 0.04084967320261438 0.024509803921568627
