0 0.12745098039215685 0.0196078431372549 0.0392156862745098 0.032679738562091505
0 0.09436274509803921 0.03022875816993464 0.02696078431372549 0.02777777777777778
0 0.13786764705882354 0.040032679738562095 0.025735294117647058 0.01797385620915033
0 0.06433823529411764 0.010620915032679739 0.030637254901960783 0.01797385620915033
0 0.023284313725490197 0.022875816993464054 0.024509803921568627 0.042483660130718956
0 0.04656862745098039 0.025326797385620915 0.024509803921568627 0.021241830065359478
0 0.02267156862745098 0.05473856209150327 0.01838235294117647 0.01797385620915033
0 0.051470588235294115 0.049836601307189546 0.03431372549019608 0.024509803921568627
0 0.07965686274509803 0.07026143790849673 0.024509803921568627 0.022875816993464054
0 0.05821078431372549 0.07598039215686275 0.023284313725490197 0.021241830065359478
0 0.2935049019607843 0.01797385620915033 0.04044117647058824 0.029411764705882353
0 0.2861519607843137 0.05065359477124183 0.030637254901960783 0.026143790849673203
0 0.26715686274509803 0.03349673202614379 0.0196078431372549 0.024509803921568627
0 0.2738970588235294 0.10130718954248366 0.03799019607843137 0.032679738562091505
0 0.30392156862745096 0.10049019607843138 0.022058823529411763 0.021241830065359478
0 0.31433823529411764 0.05392156862745098 0.01838235294117647 0.026143790849673203
0 0.3204656862745098 0.07924836601307189 0.028186274509803922 0.03104575163398693
0 0.3388480392156863 0.11274509803921569 0.025735294117647058 0.026143790849673203
0 0.35110294117647056 0.07598039215686275 0.03553921568627451 0.04411764705882353
0 0.3829656862745098 0.06290849673202614 0.028186274509803922 0.024509803921568627
0 0.3866421568627451 0.09068627450980392 0.0428921568627451 0.03758169934640523
0 0.3694852941176471 0.12009803921568628 0.03799019607843137 0.03104575163398693
0 0.4068627450980392 0.13071895424836602 0.031862745098039214 0.026143790849673203
0 0.4111519607843137 0.15441176470588236 0.025735294117647058 0.021241830065359478
0 0.4172794117647059 0.07761437908496732 0.025735294117647058 0.02777777777777778
0 0.4381127450980392 0.08905228758169935 0.03553921568627451 0.03758169934640523
0 0.4411764705882353 0.13480392156862744 0.024509803921568627 0.021241830065359478
0 0.4154411764705882 0.11029411764705882 0.01715686274509804 0.01797385620915033
0 0.4479166666666667 0.11846405228758171 0.01838235294117647 0.01797385620915033
0 0.47855392156862747 0.13316993464052287 0.0428921568627451 0.03758169934640523
0 0.4638480392156863 0.10049019607843138 0.03308823529411765 0.024509803921568627
0 0.49080882352941174 0.1119281045751634 0.023284313725490197 0.021241830065359478
0 0.5165441176470588 0.16258169934640523 0.028186274509803922 0.03104575163398693
0 0.5116421568627451 0.13562091503267976 0.023284313725490197 0.022875816993464054
0 0.5287990196078431 0.12091503267973856 0.015931372549019607 0.03594771241830066
0 0.42034313725490197 0.011437908496732027 0.029411764705882353 0.0196078431372549
0 0.4227941176470588 0.035130718954248366 0.0392156862745098 0.03431372549019608
0 0.4534313725490196 0.03022875816993464 0.022058823529411763 0.01797385620915033
0 0.4620098039215686 0.05310457516339869 0.02696078431372549 0.024509803921568627
0 0.4889705882352941 0.05228758169934641 0.031862745098039214 0.029411764705882353
0 0.48651960784313725 0.01797385620915033 0.024509803921568627 0.022875816993464054
0 0.5122549019607843 0.040032679738562095 0.029411764705882353 0.03758169934640523
0 0.5306372549019608 0.01797385620915033 0.03431372549019608 0.026143790849673203
0 0.5618872549019608 0.03349673202614379 0.030637254901960783 0.02777777777777778
0 0.5827205882352942 0.010620915032679739 0.025735294117647058 0.01797385620915033
0 0.6133578431372549 0.015522875816993464 0.03308823529411765 0.02777777777777778
0 0.6225490196078431 0.05065359477124183 0.04656862745098039 0.0392156862745098
0 0.5723039215686274 0.06045751633986928 0.03431372549019608 0.0392156862745098
0 0.5361519607843137 0.040032679738562095 0.020833333333333332 0.01797385620915033
0 0.47058823529411764 0.07679738562091504 0.029411764705882353 0.022875816993464054
0 0.4944852941176471 0.08986928104575163 0.020833333333333332 0.0196078431372549
0 0.5306372549019608 0.08088235294117647 0.01715686274509804 0.03431372549019608
0 0.5545343137254902 0.09150326797385622 0.023284313725490197 0.0196078431372549
0 0.5618872549019608 0.14052287581699346 0.04044117647058824 0.049019607843137254
0 0.5465686274509803 0.11111111111111112 0.024509803921568627 0.0196078431372549
0 0.5827205882352942 0.09150326797385622 0.023284313725490197 0.029411764705882353
0 0.5968137254901961 0.06944444444444445 0.0196078431372549 0.04084967320261438
0 0.6188725490196079 0.09558823529411765 0.02696078431372549 0.021241830065359478
0 0.6458333333333334 0.0784313725490196 0.02696078431372549 0.026143790849673203
0 0.5980392156862745 0.11601307189542484 0.03676470588235294 0.029411764705882353
0 0.6329656862745098 0.11356209150326797 0.028186274509803922 0.02777777777777778
0 0.6317401960784313 0.13725490196078433 0.03308823529411765 0.022875816993464054
0 0.6096813725490196 0.1568627450980392 0.030637254901960783 0.022875816993464054
0 0.5870098039215687 0.1527777777777778 0.01715686274509804 0.03431372549019608
0 0.579656862745098 0.19035947712418302 0.029411764705882353 0.03758169934640523
0 0.6035539215686274 0.18709150326797386 0.020833333333333332 0.024509803921568627
0 0.6286764705882353 0.19934640522875818 0.029411764705882353 0.026143790849673203
0 0.6556372549019608 0.17565359477124184 0.029411764705882353 0.024509803921568627
0 0.625 0.17401960784313725 0.024509803921568627 0.021241830065359478
0 0.6629901960784313 0.018790849673202614 0.04656862745098039 0.03431372549019608
0 0.704656862745098 0.02369281045751634 0.0392156862745098 0.04411764705882353
0 0.7340686274509803 0.016339869281045753 0.024509803921568627 0.026143790849673203
0 0.6593137254901961 0.05147058823529412 0.02696078431372549 0.024509803921568627
0 0.7003676470588235 0.05147058823529412 0.023284313725490197 0.03431372549019608
0 0.6801470588235294 0.06535947712418301 0.0196078431372549 0.026143790849673203
0 0.6770833333333334 0.042483660130718956 0.023284313725490197 0.0196078431372549
0 0.6924019607843137 0.07352941176470588 0.014705882352941176 0.026143790849673203
0 0.6691176470588235 0.09150326797385622 0.031862745098039214 0.026143790849673203
0 0.7316176470588235 0.06290849673202614 0.03431372549019608 0.03104575163398693
0 0.7420343137254902 0.08905228758169935 0.028186274509803922 0.024509803921568627
0 0.696078431372549 0.09885620915032681 0.022058823529411763 0.021241830065359478
0 0.7144607843137255 0.11437908496732027 0.0392156862745098 0.029411764705882353
0 0.6654411764705882 0.11846405228758171 0.02696078431372549 0.02777777777777778
0 0.6924019607843137 0.13562091503267976 0.031862745098039214 0.03594771241830066
0 0.673406862745098 0.14379084967320263 0.020833333333333332 0.026143790849673203
0 0.7248774509803921 0.1380718954248366 0.020833333333333332 0.01797385620915033
0 0.7463235294117647 0.13316993464052287 0.0196078431372549 0.03758169934640523
0 0.7352941176470588 0.15441176470588236 0.022058823529411763 0.021241830065359478
0 0.704656862745098 0.1707516339869281 0.01715686274509804 0.024509803921568627
0 0.7175245098039216 0.1576797385620915 0.01838235294117647 0.01797385620915033
0 0.7291666666666666 0.1911764705882353 0.0196078431372549 0.042483660130718956
0 0.9877450980392156 0.042483660130718956 0.024509803921568627 0.0392156862745098
0 0.9822303921568627 0.08415032679738563 0.03553921568627451 0.04084967320261438
0 0.9656862745098039 0.04411764705882353 0.02696078431372549 0.03594771241830066
0 0.9375 0.03349673202614379 0.029411764705882353 0.024509803921568627
0 0.9037990196078431 0.049836601307189546 0.03799019607843137 0.03758169934640523
0 0.9356617647058824 0.05392156862745098 0.028186274509803922 0.0196078431372549
0 0.9515931372549019 0.06535947712418301 0.015931372549019607 0.022875816993464054
0 0.9319852941176471 0.07107843137254902 0.023284313725490197 0.01797385620915033
0 0.8694852941176471 0.05147058823529412 0.03308823529411765 0.05392156862745098
0 0.8284313725490196 0.056372549019607844 0.0392156862745098 0.06372549019607843
0 0.7683823529411764 0.032679738562091505 0.0392156862745098 0.049019607843137254
0 0.8020833333333334 0.0196078431372549 0.020833333333333332 0.016339869281045753
0 0.7941176470588235 0.06372549019607843 0.0196078431372549 0.022875816993464054
0 0.8075980392156863 0.08496732026143791 0.014705882352941176 0.032679738562091505
0 0.7665441176470588 0.08905228758169935 0.023284313725490197 0.021241830065359478
0 0.7824754901960784 0.10457516339869281 0.03553921568627451 0.03594771241830066
0 0.7536764705882353 0.11274509803921569 0.024509803921568627 0.029411764705882353
0 0.803921568627451 0.11519607843137256 0.02696078431372549 0.03104575163398693
0 0.8235294117647058 0.10212418300653595 0.0196078431372549 0.01797385620915033
0 0.8719362745098039 0.08905228758169935 0.028186274509803922 0.024509803921568627
0 0.8903186274509803 0.06862745098039216 0.020833333333333332 0.0196078431372549
0 0.9037990196078431 0.08741830065359478 0.03553921568627451 0.03431372549019608
0 0.9270833333333334 0.0923202614379085 0.01838235294117647 0.021241830065359478
0 0.960171568627451 0.09150326797385622 0.015931372549019607 0.032679738562091505
0 0.9319852941176471 0.11111111111111112 0.030637254901960783 0.022875816993464054
0 0.9901960784313726 0.12254901960784315 0.0196078431372549 0.032679738562091505
0 0.9748774509803921 0.11601307189542484 0.025735294117647058 0.029411764705882353
0 0.9497549019607843 0.12009803921568628 0.01715686274509804 0.021241830065359478
0 0.9607843137254902 0.13725490196078433 0.022058823529411763 0.0196078431372549
0 0.9908088235294118 0.15849673202614378 0.01838235294117647 0.022875816993464054
0 0.9730392156862745 0.15522875816993464 0.0196078431372549 0.022875816993464054
0 0.8805147058823529 0.10866013071895425 0.023284313725490197 0.01797385620915033
0 0.9074754901960784 0.11437908496732027 0.020833333333333332 0.022875816993464054
0 0.8939950980392156 0.14052287581699346 0.03308823529411765 0.026143790849673203
0 0.9166666666666666 0.13970588235294118 0.014705882352941176 0.02777777777777778
0 0.8731617647058824 0.12581699346405228 0.025735294117647058 0.022875816993464054
0 0.8486519607843137 0.12173202614379085 0.020833333333333332 0.02777777777777778
0 0.8278186274509803 0.13398692810457516 0.030637254901960783 0.032679738562091505
0 0.8621323529411764 0.14787581699346405 0.03308823529411765 0.02777777777777778
0 0.8204656862745098 0.1593137254901961 0.03308823529411765 0.024509803921568627
0 0.7959558823529411 0.16993464052287582 0.025735294117647058 0.0392156862745098
0 0.7763480392156863 0.1642156862745098 0.015931372549019607 0.03104575163398693
0 0.7763480392156863 0.1968954248366013 0.030637254901960783 0.03431372549019608
0 0.7549019607843137 0.19526143790849673 0.0196078431372549 0.01797385620915033
0 0.7714460784313726 0.2181372549019608 0.020833333333333332 0.024509803921568627
0 0.803921568627451 0.20261437908496732 0.022058823529411763 0.029411764705882353
0 0.8186274509803921 0.1919934640522876 0.012254901960784314 0.03104575163398693
0 0.8357843137254902 0.18137254901960784 0.02696078431372549 0.032679738562091505
0 0.8602941176470588 0.17973856209150327 0.0196078431372549 0.0196078431372549
0 0.8780637254901961 0.17320261437908496 0.01838235294117647 0.026143790849673203
0 0.8952205882352942 0.1642156862745098 0.01838235294117647 0.01797385620915033
0 0.9442401960784313 0.14787581699346405 0.020833333333333332 0.02777777777777778
0 0.9540441176470588 0.16584967320261437 0.01838235294117647 0.024509803921568627
0 0.9791666666666666 0.19771241830065361 0.022058823529411763 0.0392156862745098
0 0.9871323529411764 0.22549019607843138 0.025735294117647058 0.029411764705882353
0 0.9656862745098039 0.2058823529411765 0.01715686274509804 0.032679738562091505
0 0.9497549019607843 0.2107843137254902 0.01715686274509804 0.026143790849673203
0 0.9564950980392156 0.22875816993464054 0.023284313725490197 0.0196078431372549
0 0.9669117647058824 0.2434640522875817 0.022058823529411763 0.022875816993464054
0 0.9834558823529411 0.26715686274509803 0.03308823529411765 0.04738562091503268
0 0.914828431372549 0.1919934640522876 0.05269607843137255 0.04411764705882353
0 0.8786764705882353 0.2107843137254902 0.0392156862745098 0.03594771241830066
0 0.8321078431372549 0.21160130718954248 0.02696078431372549 0.021241830065359478
0 0.8443627450980392 0.2303921568627451 0.03431372549019608 0.029411764705882353
0 0.8449754901960784 0.2622549019607843 0.030637254901960783 0.03104575163398693
0 0.9221813725490196 0.2246732026143791 0.03553921568627451 0.024509803921568627
0 0.8774509803921569 0.24836601307189543 0.022058823529411763 0.022875816993464054
0 0.8799019607843137 0.2696078431372549 0.02696078431372549 0.026143790849673203
0 0.8670343137254902 0.2916666666666667 0.03553921568627451 0.05065359477124183
0 0.9227941176470588 0.2549019607843137 0.022058823529411763 0.026143790849673203
0 0.9001225490196079 0.25163398692810457 0.023284313725490197 0.022875816993464054
0 0.9037990196078431 0.2769607843137255 0.030637254901960783 0.021241830065359478
0 0.9540441176470588 0.2679738562091503 0.030637254901960783 0.042483660130718956
0 0.9399509803921569 0.2818627450980392 0.022058823529411763 0.03104575163398693
0 0.9522058823529411 0.3055555555555556 0.01715686274509804 0.029411764705882353
0 0.9908088235294118 0.3104575163398693 0.01838235294117647 0.029411764705882353
0 0.9883578431372549 0.33905228758169936 0.023284313725490197 0.021241830065359478
0 0.9748774509803921 0.3292483660130719 0.01838235294117647 0.024509803921568627
0 0.9607843137254902 0.3227124183006536 0.0196078431372549 0.021241830065359478
0 0.9644607843137255 0.3472222222222222 0.022058823529411763 0.021241830065359478
0 0.9901960784313726 0.3627450980392157 0.0196078431372549 0.026143790849673203
0 0.9620098039215687 0.36601307189542487 0.0196078431372549 0.0196078431372549
0 0.9344362745098039 0.34068627450980393 0.03799019607843137 0.03104575163398693
0 0.9258578431372549 0.3031045751633987 0.025735294117647058 0.03758169934640523
0 0.9791666666666666 0.542483660130719 0.031862745098039214 0.04575163398692811
0 0.9828431372549019 0.5759803921568628 0.03431372549019608 0.03104575163398693
0 0.9767156862745098 0.638888888888889 0.0196078431372549 0.042483660130718956
0 0.9626225490196079 0.6274509803921569 0.015931372549019607 0.032679738562091505
0 0.9577205882352942 0.5923202614379085 0.030637254901960783 0.02777777777777778
0 0.8651960784313726 0.6209150326797386 0.04656862745098039 0.04575163398692811
0 0.9528186274509803 0.7434640522875817 0.05759803921568627 0.049019607843137254
0 0.9877450980392156 0.7344771241830066 0.024509803921568627 0.03758169934640523
0 0.9626225490196079 0.792483660130719 0.01838235294117647 0.032679738562091505
0 0.977328431372549 0.7933006535947713 0.013480392156862746 0.02777777777777778
0 0.9920343137254902 0.7973856209150327 0.015931372549019607 0.026143790849673203
0 0.9325980392156863 0.7875816993464052 0.0392156862745098 0.029411764705882353
0 0.9865196078431372 0.7679738562091504 0.02696078431372549 0.032679738562091505
0 0.985906862745098 0.6127450980392157 0.025735294117647058 0.026143790849673203
0 0.9356617647058824 0.7655228758169935 0.025735294117647058 0.02777777777777778
