0 0.5428921568627451 0.024509803921568627 0.05392156862745098 0.04575163398692811
0 0.4993872549019608 0.024509803921568627 0.03553921568627451 0.04575163398692811
0 0.47549019607843135 0.056372549019607844 0.0196078431372549 0.05065359477124183
0 0.4430147058823529 0.06535947712418301 0.05024509803921569 0.10457516339869281
0 0.4221813725490196 0.1576797385620915 0.03799019607843137 0.08660130718954248
0 0.3939950980392157 0.15522875816993464 0.020833333333333332 0.042483660130718956
0 0.3897058823529412 0.21405228758169936 0.0392156862745098 0.03594771241830066
0 0.4381127450980392 0.21650326797385622 0.028186274509803922 0.06372549019607843
0 0.46568627450980393 0.24918300653594772 0.029411764705882353 0.057189542483660136
0 0.41299019607843135 0.2679738562091503 0.029411764705882353 0.07516339869281045
0 0.44730392156862747 0.27532679738562094 0.024509803921568627 0.057189542483660136
0 0.3866421568627451 0.25653594771241833 0.028186274509803922 0.042483660130718956
0 0.3449754901960784 0.2712418300653595 0.04779411764705882 0.11764705882352941
0 0.37683823529411764 0.30228758169934644 0.020833333333333332 0.058823529411764705
0 0.40012254901960786 0.3300653594771242 0.023284313725490197 0.049019607843137254
0 0.4613970588235294 0.303921568627451 0.020833333333333332 0.049019607843137254
0 0.47855392156862747 0.3145424836601307 0.023284313725490197 0.04738562091503268
0 0.5189950980392157 0.28022875816993464 0.030637254901960783 0.06699346405228758
0 0.5042892156862745 0.3227124183006536 0.03308823529411765 0.02777777777777778
0 0.5643382352941176 0.3627450980392157 0.04534313725490196 0.09803921568627451
0 0.5955882352941176 0.4215686274509804 0.06862745098039216 0.06209150326797386
0 0.6066176470588235 0.4665032679738562 0.03676470588235294 0.03758169934640523
0 0.5257352941176471 0.37745098039215685 0.024509803921568627 0.05555555555555556
0 0.5447303921568627 0.4158496732026144 0.025735294117647058 0.04411764705882353
0 0.5392156862745098 0.4575163398692811 0.02696078431372549 0.0392156862745098
0 0.5104166666666666 0.41013071895424835 0.030637254901960783 0.058823529411764705
0 0.49203431372549017 0.3513071895424837 0.025735294117647058 0.04575163398692811
0 0.46629901960784315 0.35947712418300654 0.030637254901960783 0.042483660130718956
0 0.42463235294117646 0.3619281045751634 0.023284313725490197 0.04738562091503268
0 0.37806372549019607 0.3553921568627451 0.023284313725490197 0.05065359477124183
0 0.3952205882352941 0.3823529411764706 0.025735294117647058 0.04575163398692811
0 0.414828431372549 0.4035947712418301 0.020833333333333332 0.049019607843137254
0 0.3639705882352941 0.38071895424836605 0.024509803921568627 0.049019607843137254
0 0.34375 0.38643790849673204 0.020833333333333332 0.03758169934640523
0 0.3284313725490196 0.3374183006535948 0.01715686274509804 0.04084967320261438
0 0.3235294117647059 0.3700980392156863 0.0196078431372549 0.04084967320261438
0 0.5116421568627451 0.41013071895424835 0.03308823529411765 0.058823529411764705
0 0.5104166666666666 0.4632352941176471 0.023284313725490197 0.04738562091503268
0 0.4834558823529412 0.3937908496732026 0.023284313725490197 0.042483660130718956
0 0.46568627450980393 0.4256535947712418 0.024509803921568627 0.05065359477124183
0 0.48284313725490197 0.4436274509803922 0.024509803921568627 0.04411764705882353
0 0.44730392156862747 0.4011437908496732 0.024509803921568627 0.05392156862745098
0 0.3363970588235294 0.440359477124183 0.06004901960784314 0.07679738562091504
0 0.40625 0.44607843137254904 0.03553921568627451 0.06862745098039216
0 0.4454656862745098 0.4550653594771242 0.020833333333333332 0.05065359477124183
0 0.47120098039215685 0.47794117647058826 0.015931372549019607 0.03104575163398693
0 0.4963235294117647 0.49673202614379086 0.01715686274509804 0.03594771241830066
0 0.4485294117647059 0.4959150326797386 0.01715686274509804 0.03431372549019608
0 0.42892156862745096 0.4893790849673203 0.029411764705882353 0.057189542483660136
0 0.37254901960784315 0.4746732026143791 0.03431372549019608 0.06045751633986928
0 0.31495098039215685 0.48284313725490197 0.024509803921568627 0.03758169934640523
0 0.3002450980392157 0.49836601307189543 0.031862745098039214 0.042483660130718956
0 0.3388480392156863 0.5081699346405228 0.025735294117647058 0.032679738562091505
0 0.3737745098039216 0.5228758169934641 0.049019607843137254 0.04575163398692811
0 0.40379901960784315 0.5416666666666666 0.01838235294117647 0.04411764705882353
0 0.4215686274509804 0.5547385620915033 0.024509803921568627 0.04738562091503268
0 0.46691176470588236 0.5351307189542484 0.049019607843137254 0.08006535947712419
0 0.49816176470588236 0.5694444444444444 0.025735294117647058 0.05065359477124183
0 0.4522058823529412 0.6151960784313726 0.056372549019607844 0.08660130718954248
0 0.4889705882352941 0.6437908496732027 0.044117647058823525 0.09477124183006536
0 0.53125 0.5857843137254902 0.03308823529411765 0.06372549019607843
0 0.5606617647058824 0.5923202614379085 0.020833333333333332 0.05065359477124183
0 0.5784313725490196 0.5661764705882353 0.024509803921568627 0.05065359477124183
0 0.59375 0.5245098039215687 0.025735294117647058 0.0392156862745098
0 0.6053921568627451 0.571078431372549 0.031862745098039214 0.07352941176470588
0 0.3174019607843137 0.5669934640522876 0.041666666666666664 0.09150326797385622
0 0.3486519607843137 0.571078431372549 0.025735294117647058 0.05392156862745098
0 0.37683823529411764 0.5784313725490197 0.03553921568627451 0.06535947712418301
0 0.4050245098039216 0.6209150326797386 0.030637254901960783 0.06862745098039216
0 0.3547794117647059 0.6274509803921569 0.03308823529411765 0.049019607843137254
0 0.321078431372549 0.6348039215686274 0.0392156862745098 0.02777777777777778
0 0.33026960784313725 0.6584967320261438 0.03553921568627451 0.029411764705882353
0 0.1868872549019608 0.5228758169934641 0.06495098039215687 0.05555555555555556
0 0.22549019607843138 0.553921568627451 0.044117647058823525 0.0392156862745098
0 0.2757352941176471 0.5800653594771242 0.03431372549019608 0.0784313725490196
0 0.2604166666666667 0.6200980392156863 0.025735294117647058 0.057189542483660136
0 0.22549019607843138 0.6102941176470589 0.03431372549019608 0.06699346405228758
0 0.14522058823529413 0.5441176470588236 0.020833333333333332 0.0392156862745098
0 0.1213235294117647 0.5629084967320261 0.0196078431372549 0.04411764705882353
0 0.16176470588235295 0.5841503267973857 0.041666666666666664 0.05065359477124183
0 0.1868872549019608 0.6446078431372549 0.03799019607843137 0.08333333333333334
0 0.13848039215686275 0.6053921568627452 0.02696078431372549 0.057189542483660136
0 0.15012254901960784 0.6462418300653595 0.030637254901960783 0.03758169934640523
0 0.05024509803921569 0.5931372549019608 0.05392156862745098 0.042483660130718956
0 0.10355392156862744 0.6372549019607844 0.05759803921568627 0.09803921568627451
0 0.15931372549019607 0.690359477124183 0.031862745098039214 0.05065359477124183
0 0.19240196078431374 0.7344771241830066 0.044117647058823525 0.09967320261437909
0 0.12745098039215685 0.7091503267973857 0.024509803921568627 0.049019607843137254
0 0.05698529411764706 0.6454248366013072 0.03799019607843137 0.06535947712418301
0 0.020833333333333332 0.678921568627451 0.02696078431372549 0.05392156862745098
0 0.0428921568627451 0.7001633986928105 0.0196078431372549 0.04084967320261438
0 0.07720588235294118 0.684640522875817 0.049019607843137254 0.042483660130718956
0 0.10294117647058823 0.7156862745098039 0.02696078431372549 0.049019607843137254
0 0.1292892156862745 0.7565359477124183 0.028186274509803922 0.049019607843137254
0 0.15379901960784315 0.7508169934640523 0.03553921568627451 0.06045751633986928
0 0.1256127450980392 0.7965686274509804 0.023284313725490197 0.04411764705882353
0 0.05759803921568627 0.7205882352941176 0.0196078431372549 0.03594771241830066
0 0.02696078431372549 0.7361111111111112 0.051470588235294115 0.07352941176470588
0 0.0428921568627451 0.8055555555555556 0.022058823529411763 0.04575163398692811
0 0.07720588235294118 0.7753267973856209 0.049019607843137254 0.09640522875816994
0 0.0196078431372549 0.8080065359477124 0.03676470588235294 0.08006535947712419
0 0.04595588235294117 0.8423202614379085 0.025735294117647058 0.03104575163398693
0 0.11029411764705882 0.8553921568627452 0.041666666666666664 0.06699346405228758
0 0.027573529411764705 0.8986928104575164 0.05269607843137255 0.0784313725490196
0 0.014093137254901961 0.9665032679738562 0.025735294117647058 0.03431372549019608
0 0.051470588235294115 0.9558823529411765 0.05392156862745098 0.0784313725490196
0 0.0900735294117647 0.9787581699346406 0.05759803921568627 0.042483660130718956
0 0.14276960784313725 0.9787581699346406 0.023284313725490197 0.042483660130718956
0 0.09313725490196079 0.9166666666666667 0.022058823529411763 0.05228758169934641
0 0.11580882352941177 0.9060457516339869 0.023284313725490197 0.05065359477124183
0 0.15625 0.8937908496732027 0.06004901960784314 0.07516339869281045
0 0.18198529411764705 0.9240196078431373 0.04044117647058824 0.05065359477124183
0 0.19914215686274508 0.8562091503267975 0.030637254901960783 0.06209150326797386
0 0.14705882352941177 0.8071895424836601 0.02696078431372549 0.049019607843137254
0 0.2181372549019608 0.8169934640522876 0.024509803921568627 0.049019607843137254
0 0.2346813725490196 0.9093137254901961 0.028186274509803922 0.05392156862745098
0 0.2659313725490196 0.948529411764706 0.049019607843137254 0.04738562091503268
0 0.3008578431372549 0.9379084967320261 0.020833333333333332 0.05228758169934641
0 0.3204656862745098 0.9689542483660131 0.023284313725490197 0.05228758169934641
0 0.32659313725490197 0.9035947712418301 0.0428921568627451 0.0784313725490196
0 0.2738970588235294 0.8774509803921569 0.04779411764705882 0.09803921568627451
0 0.40441176470588236 0.9468954248366014 0.05392156862745098 0.057189542483660136
0 0.383578431372549 0.8872549019607844 0.061274509803921566 0.06535947712418301
0 0.34558823529411764 0.8537581699346406 0.029411764705882353 0.06372549019607843
0 0.3161764705882353 0.798202614379085 0.06372549019607843 0.06699346405228758
0 0.26715686274509803 0.7908496732026145 0.02696078431372549 0.049019607843137254
0 0.25919117647058826 0.7540849673202614 0.020833333333333332 0.03431372549019608
0 0.27879901960784315 0.7230392156862745 0.03308823529411765 0.03758169934640523
0 0.3118872549019608 0.7434640522875817 0.04534313725490196 0.032679738562091505
0 0.2420343137254902 0.7058823529411765 0.023284313725490197 0.04575163398692811
0 0.2604166666666667 0.684640522875817 0.023284313725490197 0.04575163398692811
0 0.48713235294117646 0.9812091503267975 0.03308823529411765 0.03758169934640523
0 0.4938725490196078 0.9428104575163399 0.022058823529411763 0.04575163398692811
0 0.5257352941176471 0.9534313725490197 0.041666666666666664 0.09313725490196079
0 0.5582107843137255 0.923202614379085 0.025735294117647058 0.05228758169934641
0 0.5606617647058824 0.9640522875816994 0.025735294117647058 0.0392156862745098
0 0.6017156862745098 0.9297385620915033 0.024509803921568627 0.06209150326797386
0 0.9417892156862745 0.9591503267973857 0.028186274509803922 0.06209150326797386
0 0.9607843137254902 0.9272875816993464 0.022058823529411763 0.04738562091503268
0 0.9828431372549019 0.9133986928104575 0.031862745098039214 0.06535947712418301
0 0.991421568627451 0.8684640522875817 0.01715686274509804 0.04738562091503268
0 0.9013480392156863 0.9199346405228759 0.023284313725490197 0.04575163398692811
0 0.90625 0.8562091503267975 0.028186274509803922 0.06862745098039216
0 0.8676470588235294 0.9084967320261438 0.02696078431372549 0.042483660130718956
0 0.8584558823529411 0.9583333333333334 0.03308823529411765 0.03758169934640523
0 0.8884803921568627 0.9803921568627452 0.051470588235294115 0.0392156862745098
0 0.8400735294117647 0.9207516339869282 0.025735294117647058 0.057189542483660136
0 0.7873774509803921 0.8774509803921569 0.03553921568627451 0.03594771241830066
0 0.8137254901960784 0.8398692810457516 0.022058823529411763 0.03594771241830066
0 0.8339460784313726 0.8055555555555556 0.020833333333333332 0.03594771241830066
0 0.8443627450980392 0.8553921568627452 0.07107843137254902 0.07352941176470588
0 0.36519607843137253 0.7892156862745098 0.0196078431372549 0.0392156862745098
0 0.3958333333333333 0.8088235294117647 0.058823529411764705 0.07516339869281045
0 0.47120098039215685 0.7941176470588236 0.0428921568627451 0.058823529411764705
0 0.522671568627451 0.8031045751633987 0.028186274509803922 0.057189542483660136
0 0.5361519607843137 0.823529411764706 0.025735294117647058 0.049019607843137254
0 0.5134803921568627 0.883169934640523 0.024509803921568627 0.04411764705882353
0 0.5453431372549019 0.8611111111111112 0.03431372549019608 0.05555555555555556
0 0.5778186274509803 0.8545751633986929 0.03308823529411765 0.06535947712418301
0 0.6121323529411765 0.8684640522875817 0.03308823529411765 0.057189542483660136
0 0.5778186274509803 0.6086601307189543 0.023284313725490197 0.04411764705882353
0 0.5526960784313726 0.6544117647058824 0.03431372549019608 0.05392156862745098
0 0.5931372549019608 0.6380718954248367 0.044117647058823525 0.06372549019607843
0 0.6066176470588235 0.6936274509803921 0.03676470588235294 0.05392156862745098
0 0.5986519607843137 0.7336601307189543 0.03553921568627451 0.06862745098039216
0 0.5741421568627451 0.744281045751634 0.023284313725490197 0.05392156862745098
0 0.5919117647058824 0.7916666666666667 0.029411764705882353 0.06372549019607843
0 0.5563725490196079 0.7810457516339869 0.031862745098039214 0.07516339869281045
0 0.5373774509803921 0.7361111111111112 0.04044117647058824 0.03104575163398693
0 0.5655637254901961 0.6952614379084967 0.05514705882352941 0.04411764705882353
0 0.5238970588235294 0.6928104575163399 0.01838235294117647 0.042483660130718956
0 0.477328431372549 0.738562091503268 0.0821078431372549 0.06535947712418301
0 0.42034313725490197 0.7066993464052288 0.044117647058823525 0.09640522875816994
0 0.3829656862745098 0.7459150326797386 0.03553921568627451 0.057189542483660136
0 0.3602941176470588 0.7467320261437909 0.0196078431372549 0.042483660130718956
0 0.3866421568627451 0.7148692810457516 0.020833333333333332 0.03758169934640523
0 0.3854166666666667 0.6683006535947713 0.030637254901960783 0.058823529411764705
0 0.3002450980392157 0.6764705882352942 0.02696078431372549 0.06535947712418301
0 0.32169117647058826 0.6928104575163399 0.020833333333333332 0.042483660130718956
0 0.34681372549019607 0.7058823529411765 0.0392156862745098 0.08169934640522876
0 0.9895833333333334 0.27369281045751637 0.020833333333333332 0.06372549019607843
0 0.9736519607843137 0.309640522875817 0.015931372549019607 0.03431372549019608
0 0.9908088235294118 0.12091503267973856 0.01838235294117647 0.058823529411764705
0 0.9748774509803921 0.3553921568627451 0.025735294117647058 0.05392156862745098
0 0.9632352941176471 0.4076797385620915 0.029411764705882353 0.06699346405228758
0 0.9920343137254902 0.3880718954248366 0.015931372549019607 0.04411764705882353
0 0.9877450980392156 0.4419934640522876 0.024509803921568627 0.05392156862745098
0 0.9644607843137255 0.4665032679738562 0.02696078431372549 0.05065359477124183
0 0.9810049019607843 0.49101307189542487 0.03799019607843137 0.04738562091503268
0 0.9871323529411764 0.5310457516339869 0.025735294117647058 0.03594771241830066
0 0.9558823529411764 0.5130718954248367 0.029411764705882353 0.0392156862745098
0 0.9705882352941176 0.5522875816993464 0.022058823529411763 0.049019607843137254
0 0.9865196078431372 0.5874183006535948 0.02696078431372549 0.05392156862745098
0 0.9558823529411764 0.5882352941176471 0.024509803921568627 0.05228758169934641
0 0.9387254901960784 0.5588235294117647 0.022058823529411763 0.04575163398692811
0 0.9093137254901961 0.5620915032679739 0.024509803921568627 0.05555555555555556
0 0.8884803921568627 0.5147058823529412 0.024509803921568627 0.04575163398692811
0 0.9926470588235294 0.06944444444444445 0.014705882352941176 0.05392156862745098
0 0.9828431372549019 0.018790849673202614 0.024509803921568627 0.03431372549019608
0 0.16115196078431374 0.9869281045751634 0.01838235294117647 0.022875816993464054
