0 0.022058823529411763 0.13398692810457516 0.022058823529411763 0.042483660130718956
0 0.18504901960784315 0.03349673202614379 0.02696078431372549 0.04738562091503268
0 0.26715686274509803 0.024509803921568627 0.01715686274509804 0.029411764705882353
0 0.2493872549019608 0.021241830065359478 0.015931372549019607 0.026143790849673203
0 0.23529411764705882 0.028594771241830068 0.012254901960784314 0.02777777777777778
0 0.22242647058823528 0.01715686274509804 0.015931372549019607 0.02777777777777778
0 0.21017156862745098 0.07924836601307189 0.028186274509803922 0.06045751633986928
0 0.21691176470588236 0.03594771241830066 0.014705882352941176 0.0196078431372549
0 0.24080882352941177 0.05065359477124183 0.013480392156862746 0.032679738562091505
0 0.2536764705882353 0.04738562091503268 0.014705882352941176 0.032679738562091505
0 0.2616421568627451 0.05555555555555556 0.013480392156862746 0.029411764705882353
0 0.1795343137254902 0.06944444444444445 0.013480392156862746 0.03104575163398693
0 0.23161764705882354 0.08905228758169935 0.0196078431372549 0.024509803921568627
0 0.24754901960784315 0.08333333333333334 0.014705882352941176 0.032679738562091505
0 0.26348039215686275 0.08415032679738563 0.014705882352941176 0.02777777777777778
0 0.27267156862745096 0.125 0.01838235294117647 0.03758169934640523
0 0.29105392156862747 0.15359477124183007 0.025735294117647058 0.049019607843137254
0 0.2928921568627451 0.19607843137254902 0.0196078431372549 0.042483660130718956
0 0.3131127450980392 0.2238562091503268 0.015931372549019607 0.029411764705882353
0 0.2542892156862745 0.10375816993464053 0.01838235294117647 0.021241830065359478
0 0.2389705882352941 0.12009803921568628 0.014705882352941176 0.03104575163398693
0 0.25674019607843135 0.12663398692810457 0.020833333333333332 0.02777777777777778
0 0.2549019607843137 0.15114379084967322 0.022058823529411763 0.021241830065359478
0 0.2708333333333333 0.15359477124183007 0.012254901960784314 0.022875816993464054
0 0.17892156862745098 0.09722222222222222 0.012254901960784314 0.024509803921568627
0 0.1795343137254902 0.12908496732026145 0.013480392156862746 0.0392156862745098
0 0.1881127450980392 0.1380718954248366 0.01838235294117647 0.05065359477124183
0 0.20159313725490197 0.13480392156862744 0.015931372549019607 0.03104575163398693
0 0.19730392156862744 0.16176470588235295 0.01715686274509804 0.032679738562091505
0 0.22181372549019607 0.14460784313725492 0.014705882352941176 0.02777777777777778
0 0.23590686274509803 0.14624183006535948 0.015931372549019607 0.024509803921568627
0 0.23958333333333334 0.16748366013071897 0.015931372549019607 0.02777777777777778
0 0.2659313725490196 0.20098039215686275 0.029411764705882353 0.06535947712418301
0 0.27450980392156865 0.2361111111111111 0.022058823529411763 0.03104575163398693
0 0.29473039215686275 0.24101307189542484 0.015931372549019607 0.02777777777777778
0 0.2261029411764706 0.18300653594771243 0.013480392156862746 0.032679738562091505
0 0.24019607843137256 0.20669934640522877 0.024509803921568627 0.04411764705882353
0 0.2113970588235294 0.19771241830065361 0.01838235294117647 0.0392156862745098
0 0.1868872549019608 0.19035947712418302 0.01838235294117647 0.03758169934640523
0 0.19852941176470587 0.22058823529411764 0.014705882352941176 0.03594771241830066
0 0.20588235294117646 0.23447712418300654 0.01715686274509804 0.024509803921568627
0 0.18321078431372548 0.22549019607843138 0.020833333333333332 0.03594771241830066
0 0.19056372549019607 0.26062091503267976 0.023284313725490197 0.02777777777777778
0 0.19730392156862744 0.28022875816993464 0.022058823529411763 0.04738562091503268
0 0.20955882352941177 0.2957516339869281 0.014705882352941176 0.022875816993464054
0 0.25306372549019607 0.25326797385620914 0.028186274509803922 0.05228758169934641
0 0.2653186274509804 0.2728758169934641 0.01838235294117647 0.0196078431372549
0 0.21446078431372548 0.32189542483660133 0.02696078431372549 0.03594771241830066
0 0.23039215686274508 0.3504901960784314 0.014705882352941176 0.02777777777777778
0 0.21323529411764705 0.3545751633986928 0.01715686274509804 0.026143790849673203
0 0.2310049019607843 0.3790849673202614 0.013480392156862746 0.026143790849673203
0 0.22120098039215685 0.3823529411764706 0.013480392156862746 0.022875816993464054
0 0.21200980392156862 0.4035947712418301 0.012254901960784314 0.026143790849673203
0 0.22977941176470587 0.42401960784313725 0.028186274509803922 0.06372549019607843
0 0.2512254901960784 0.44607843137254904 0.014705882352941176 0.032679738562091505
0 0.31004901960784315 0.4215686274509804 0.022058823529411763 0.049019607843137254
0 0.3278186274509804 0.43790849673202614 0.025735294117647058 0.026143790849673203
0 0.321078431372549 0.4550653594771242 0.022058823529411763 0.02777777777777778
0 0.3020833333333333 0.4526143790849673 0.015931372549019607 0.026143790849673203
0 0.35355392156862747 0.4665032679738562 0.028186274509803922 0.024509803921568627
0 0.2181372549019608 0.46568627450980393 0.0196078431372549 0.029411764705882353
0 0.23529411764705882 0.48284313725490197 0.022058823529411763 0.05392156862745098
0 0.2493872549019608 0.5114379084967321 0.015931372549019607 0.032679738562091505
0 0.20526960784313725 0.4861111111111111 0.013480392156862746 0.02777777777777778
0 0.21752450980392157 0.5081699346405228 0.013480392156862746 0.032679738562091505
0 0.2310049019607843 0.5171568627450981 0.015931372549019607 0.021241830065359478
0 0.24080882352941177 0.5465686274509804 0.020833333333333332 0.03758169934640523
0 0.21875 0.5343137254901961 0.011029411764705881 0.022875816993464054
0 0.21568627450980393 0.5580065359477124 0.0196078431372549 0.024509803921568627
0 0.2193627450980392 0.5784313725490197 0.0196078431372549 0.022875816993464054
0 0.2493872549019608 0.5857843137254902 0.020833333333333332 0.04084967320261438
0 0.21629901960784315 0.5947712418300654 0.013480392156862746 0.022875816993464054
0 0.20404411764705882 0.6029411764705882 0.011029411764705881 0.032679738562091505
0 0.2267156862745098 0.6200980392156863 0.024509803921568627 0.06045751633986928
0 0.20465686274509803 0.6331699346405228 0.014705882352941176 0.02777777777777778
0 0.2107843137254902 0.6478758169934641 0.014705882352941176 0.01797385620915033
0 0.2549019607843137 0.6241830065359477 0.0196078431372549 0.022875816993464054
0 0.26348039215686275 0.6478758169934641 0.0196078431372549 0.02777777777777778
0 0.26409313725490197 0.5939542483660131 0.015931372549019607 0.021241830065359478
0 0.24387254901960784 0.667483660130719 0.029411764705882353 0.04411764705882353
0 0.22365196078431374 0.6658496732026143 0.015931372549019607 0.03104575163398693
0 0.2107843137254902 0.6813725490196079 0.0196078431372549 0.049019607843137254
0 0.2340686274509804 0.7017973856209151 0.029411764705882353 0.03431372549019608
0 0.25306372549019607 0.7116013071895425 0.01838235294117647 0.03758169934640523
0 0.2506127450980392 0.7401960784313726 0.015931372549019607 0.032679738562091505
0 0.25674019607843135 0.7647058823529412 0.015931372549019607 0.026143790849673203
0 0.22242647058823528 0.7246732026143791 0.028186274509803922 0.04411764705882353
0 0.23529411764705882 0.7565359477124183 0.022058823529411763 0.032679738562091505
0 0.2493872549019608 0.7834967320261438 0.020833333333333332 0.03104575163398693
0 0.22242647058823528 0.7655228758169935 0.013480392156862746 0.024509803921568627
0 0.2389705882352941 0.7295751633986929 0.014705882352941176 0.021241830065359478
0 0.44424019607843135 0.5416666666666666 0.020833333333333332 0.03758169934640523
0 0.45955882352941174 0.5490196078431373 0.01715686274509804 0.032679738562091505
0 0.48651960784313725 0.5514705882352942 0.02696078431372549 0.03104575163398693
0 0.48713235294117646 0.5759803921568628 0.01838235294117647 0.021241830065359478
0 0.4926470588235294 0.5996732026143791 0.012254901960784314 0.022875816993464054
0 0.46875 0.5906862745098039 0.03308823529411765 0.057189542483660136
0 0.44362745098039214 0.5686274509803921 0.0196078431372549 0.032679738562091505
0 0.33517156862745096 0.494281045751634 0.020833333333333332 0.05065359477124183
0 0.3590686274509804 0.5016339869281046 0.02696078431372549 0.026143790849673203
0 0.34558823529411764 0.5367647058823529 0.029411764705882353 0.04738562091503268
0 0.36213235294117646 0.5767973856209151 0.023284313725490197 0.0392156862745098
0 0.3431372549019608 0.5718954248366013 0.01715686274509804 0.022875816993464054
0 0.29840686274509803 0.4852941176470588 0.023284313725490197 0.0392156862745098
0 0.31433823529411764 0.5049019607843137 0.025735294117647058 0.05555555555555556
0 0.321078431372549 0.5547385620915033 0.02696078431372549 0.04411764705882353
