0 0.9761029411764706 0.7254901960784313 0.028186274509803922 0.029411764705882353
0 0.9307598039215687 0.7303921568627452 0.030637254901960783 0.029411764705882353
0 0.9595588235294118 0.7124183006535948 0.029411764705882353 0.029411764705882353
0 0.17830882352941177 0.7491830065359477 0.04534313725490196 0.04084967320261438
0 0.14950980392156862 0.7687908496732027 0.03676470588235294 0.03758169934640523
0 0.11151960784313725 0.7320261437908497 0.058823529411764705 0.049019607843137254
0 0.1096813725490196 0.7736928104575164 0.04779411764705882 0.04738562091503268
0 0.00980392156862745 0.7377450980392157 0.01715686274509804 0.04084967320261438
0 0.041666666666666664 0.7320261437908497 0.041666666666666664 0.0392156862745098
0 0.061274509803921566 0.7720588235294118 0.044117647058823525 0.04411764705882353
0 0.022058823529411763 0.763888888888889 0.0392156862745098 0.03431372549019608
