0 0.023284313725490197 0.5727124183006536 0.031862745098039214 0.03431372549019608
0 0.009191176470588236 0.5825163398692811 0.015931372549019607 0.014705882352941176
0 0.042279411764705885 0.5678104575163399 0.023284313725490197 0.021241830065359478
0 0.07169117647058823 0.5727124183006536 0.03308823529411765 0.03104575163398693
0 0.09865196078431372 0.5563725490196079 0.03799019607843137 0.03431372549019608
0 0.09129901960784313 0.5874183006535948 0.020833333333333332 0.021241830065359478
0 0.10110294117647059 0.5931372549019608 0.013480392156862746 0.026143790849673203
0 0.061274509803921566 0.5972222222222222 0.03676470588235294 0.03431372549019608
0 0.04105392156862745 0.6045751633986929 0.020833333333333332 0.022875816993464054
0 0.02144607843137255 0.6299019607843137 0.03308823529411765 0.06372549019607843
0 0.05392156862745098 0.6348039215686274 0.041666666666666664 0.03431372549019608
0 0.05943627450980392 0.613562091503268 0.023284313725490197 0.021241830065359478
0 0.07720588235294118 0.6176470588235294 0.01715686274509804 0.0196078431372549
0 0.08700980392156862 0.6037581699346405 0.0196078431372549 0.01797385620915033
0 0.10416666666666667 0.630718954248366 0.04656862745098039 0.0392156862745098
0 0.08455882352941177 0.6568627450980392 0.02696078431372549 0.032679738562091505
0 0.005514705882352941 0.6503267973856209 0.00857843137254902 0.029411764705882353
0 0.011642156862745098 0.7009803921568628 0.020833333333333332 0.026143790849673203
0 0.011029411764705881 0.7287581699346406 0.0196078431372549 0.0392156862745098
0 0.04044117647058824 0.7148692810457516 0.0392156862745098 0.03758169934640523
0 0.056372549019607844 0.7303921568627452 0.01715686274509804 0.022875816993464054
0 0.049019607843137254 0.7450980392156863 0.0196078431372549 0.0196078431372549
0 0.04044117647058824 0.7606209150326798 0.0196078431372549 0.01797385620915033
0 0.06556372549019608 0.7647058823529412 0.03553921568627451 0.029411764705882353
0 0.09068627450980392 0.7516339869281046 0.03431372549019608 0.026143790849673203
0 0.09375 0.7197712418300654 0.04534313725490196 0.04084967320261438
0 0.08394607843137254 0.6879084967320261 0.015931372549019607 0.026143790849673203
0 0.10110294117647059 0.6870915032679739 0.023284313725490197 0.03104575163398693
0 0.11887254901960784 0.6862745098039216 0.01715686274509804 0.026143790849673203
0 0.06740196078431372 0.7140522875816994 0.01715686274509804 0.0196078431372549
0 0.12990196078431374 0.7026143790849674 0.01715686274509804 0.022875816993464054
0 0.12683823529411764 0.732843137254902 0.03553921568627451 0.02777777777777778
0 0.11458333333333333 0.75 0.020833333333333332 0.0196078431372549
0 0.1096813725490196 0.7704248366013072 0.020833333333333332 0.01797385620915033
0 0.13909313725490197 0.7573529411764706 0.01838235294117647 0.021241830065359478
0 0.15992647058823528 0.7279411764705882 0.03308823529411765 0.03431372549019608
0 0.14705882352941177 0.7401960784313726 0.01715686274509804 0.0196078431372549
0 0.14399509803921567 0.5465686274509804 0.020833333333333332 0.01797385620915033
0 0.13174019607843138 0.5629084967320261 0.015931372549019607 0.021241830065359478
0 0.14767156862745098 0.5645424836601307 0.023284313725490197 0.021241830065359478
0 0.12316176470588235 0.5808823529411765 0.023284313725490197 0.024509803921568627
0 0.13174019607843138 0.5915032679738562 0.020833333333333332 0.022875816993464054
0 0.1556372549019608 0.6013071895424836 0.03676470588235294 0.0392156862745098
0 0.16544117647058823 0.5727124183006536 0.01715686274509804 0.03104575163398693
0 0.1801470588235294 0.5620915032679739 0.03431372549019608 0.0392156862745098
0 0.17830882352941177 0.5866013071895425 0.01838235294117647 0.022875816993464054
0 0.17830882352941177 0.6217320261437909 0.025735294117647058 0.04738562091503268
0 0.15747549019607843 0.6454248366013072 0.04044117647058824 0.042483660130718956
0 0.13480392156862744 0.6241830065359477 0.022058823529411763 0.0196078431372549
0 0.13112745098039216 0.6552287581699346 0.031862745098039214 0.04575163398692811
0 0.16605392156862744 0.6813725490196079 0.05024509803921569 0.0392156862745098
0 0.19301470588235295 0.6601307189542484 0.023284313725490197 0.022875816993464054
0 0.20465686274509803 0.5678104575163399 0.0196078431372549 0.03104575163398693
0 0.21875 0.559640522875817 0.015931372549019607 0.02777777777777778
0 0.23345588235294118 0.565359477124183 0.01838235294117647 0.0196078431372549
0 0.2506127450980392 0.5759803921568628 0.015931372549019607 0.02777777777777778
0 0.26715686274509803 0.5694444444444444 0.01715686274509804 0.024509803921568627
0 0.28737745098039214 0.5743464052287582 0.023284313725490197 0.021241830065359478
0 0.27205882352941174 0.5906862745098039 0.02696078431372549 0.024509803921568627
0 0.23529411764705882 0.579248366013072 0.0196078431372549 0.01797385620915033
0 0.20404411764705882 0.5955882352941176 0.04044117647058824 0.03758169934640523
0 0.22549019607843138 0.5857843137254902 0.01715686274509804 0.021241830065359478
0 0.2310049019607843 0.5972222222222222 0.01838235294117647 0.024509803921568627
0 0.24080882352941177 0.6062091503267975 0.025735294117647058 0.022875816993464054
0 0.20465686274509803 0.6299019607843137 0.0392156862745098 0.04411764705882353
0 0.2346813725490196 0.6209150326797386 0.020833333333333332 0.0196078431372549
0 0.22426470588235295 0.6421568627450981 0.031862745098039214 0.042483660130718956
0 0.21200980392156862 0.6691176470588236 0.024509803921568627 0.021241830065359478
0 0.24754901960784315 0.6470588235294118 0.029411764705882353 0.026143790849673203
0 0.27144607843137253 0.6217320261437909 0.04534313725490196 0.04084967320261438
0 0.31004901960784315 0.5906862745098039 0.031862745098039214 0.04411764705882353
0 0.3394607843137255 0.5825163398692811 0.02696078431372549 0.024509803921568627
0 0.34558823529411764 0.613562091503268 0.0392156862745098 0.05392156862745098
0 0.2935049019607843 0.6127450980392157 0.01838235294117647 0.0196078431372549
0 0.31924019607843135 0.6266339869281046 0.0428921568627451 0.04411764705882353
0 0.36090686274509803 0.6503267973856209 0.025735294117647058 0.029411764705882353
0 0.3394607843137255 0.6535947712418301 0.01715686274509804 0.016339869281045753
0 0.3174019607843137 0.6642156862745098 0.022058823529411763 0.01797385620915033
0 0.2659313725490196 0.6568627450980392 0.0196078431372549 0.016339869281045753
0 0.23345588235294118 0.6642156862745098 0.01838235294117647 0.01797385620915033
0 0.2310049019607843 0.6805555555555556 0.020833333333333332 0.021241830065359478
0 0.18075980392156862 0.7009803921568628 0.020833333333333332 0.016339869281045753
0 0.18259803921568626 0.7124183006535948 0.0196078431372549 0.016339869281045753
0 0.18259803921568626 0.7254901960784313 0.0196078431372549 0.016339869281045753
0 0.19240196078431374 0.7352941176470589 0.014705882352941176 0.0196078431372549
0 0.17708333333333334 0.7467320261437909 0.020833333333333332 0.0196078431372549
0 0.19607843137254902 0.755718954248366 0.029411764705882353 0.024509803921568627
0 0.20894607843137256 0.7026143790849674 0.03799019607843137 0.05228758169934641
0 0.23774509803921567 0.7254901960784313 0.041666666666666664 0.042483660130718956
0 0.2346813725490196 0.7532679738562091 0.028186274509803922 0.022875816993464054
0 0.2469362745098039 0.7663398692810458 0.028186274509803922 0.022875816993464054
0 0.22365196078431374 0.7753267973856209 0.020833333333333332 0.021241830065359478
0 0.2420343137254902 0.7834967320261438 0.025735294117647058 0.01797385620915033
0 0.25612745098039214 0.6854575163398693 0.0392156862745098 0.05392156862745098
0 0.2935049019607843 0.6633986928104575 0.020833333333333332 0.022875816993464054
0 0.28125 0.6699346405228759 0.020833333333333332 0.0196078431372549
0 0.29105392156862747 0.6854575163398693 0.020833333333333332 0.01797385620915033
0 0.3069852941176471 0.6772875816993464 0.020833333333333332 0.021241830065359478
0 0.3174019607843137 0.6928104575163399 0.01715686274509804 0.022875816993464054
0 0.31004901960784315 0.7017973856209151 0.022058823529411763 0.024509803921568627
0 0.32965686274509803 0.7099673202614379 0.014705882352941176 0.03104575163398693
0 0.3486519607843137 0.7116013071895425 0.023284313725490197 0.024509803921568627
0 0.2922794117647059 0.7001633986928105 0.01838235294117647 0.01797385620915033
0 0.27205882352941174 0.7173202614379085 0.03676470588235294 0.029411764705882353
0 0.29534313725490197 0.7181372549019608 0.014705882352941176 0.01797385620915033
0 0.3394607843137255 0.7254901960784313 0.022058823529411763 0.016339869281045753
0 0.3602941176470588 0.7238562091503268 0.014705882352941176 0.022875816993464054
0 0.34681372549019607 0.7369281045751634 0.022058823529411763 0.016339869281045753
0 0.26286764705882354 0.7475490196078431 0.020833333333333332 0.01797385620915033
0 0.29044117647058826 0.7573529411764706 0.02696078431372549 0.01797385620915033
0 0.27267156862745096 0.7614379084967321 0.01838235294117647 0.0196078431372549
0 0.3131127450980392 0.7549019607843137 0.04044117647058824 0.05228758169934641
0 0.35049019607843135 0.7696078431372549 0.022058823529411763 0.026143790849673203
0 0.3682598039215686 0.7696078431372549 0.01838235294117647 0.022875816993464054
0 0.37806372549019607 0.7516339869281046 0.01838235294117647 0.026143790849673203
0 0.39338235294117646 0.7622549019607844 0.01715686274509804 0.024509803921568627
0 0.3860294117647059 0.7785947712418301 0.0196078431372549 0.01797385620915033
0 0.4074754901960784 0.7745098039215687 0.020833333333333332 0.0196078431372549
0 0.4117647058823529 0.7573529411764706 0.024509803921568627 0.01797385620915033
0 0.4111519607843137 0.7426470588235294 0.025735294117647058 0.01797385620915033
0 0.08517156862745098 0.8006535947712419 0.03799019607843137 0.03594771241830066
0 0.049019607843137254 0.7949346405228759 0.03431372549019608 0.024509803921568627
0 0.016544117647058824 0.7990196078431373 0.023284313725490197 0.029411764705882353
0 0.015931372549019607 0.8202614379084967 0.02696078431372549 0.026143790849673203
0 0.03553921568627451 0.8284313725490197 0.022058823529411763 0.022875816993464054
0 0.06495098039215687 0.821078431372549 0.044117647058823525 0.03104575163398693
0 0.032475490196078434 0.8464052287581699 0.020833333333333332 0.0196078431372549
0 0.09313725490196079 0.8390522875816994 0.022058823529411763 0.03104575163398693
0 0.09068627450980392 0.8562091503267975 0.02696078431372549 0.026143790849673203
0 0.0661764705882353 0.8611111111111112 0.0392156862745098 0.042483660130718956
0 0.0392156862745098 0.8660130718954249 0.014705882352941176 0.022875816993464054
0 0.051470588235294115 0.883169934640523 0.01715686274509804 0.02777777777777778
0 0.007965686274509803 0.8733660130718954 0.013480392156862746 0.024509803921568627
0 0.024509803921568627 0.8823529411764706 0.0196078431372549 0.0196078431372549
0 0.012254901960784314 0.9117647058823529 0.01715686274509804 0.026143790849673203
0 0.026348039215686275 0.9052287581699346 0.01838235294117647 0.029411764705882353
0 0.041666666666666664 0.9076797385620915 0.022058823529411763 0.01797385620915033
0 0.026348039215686275 0.9395424836601307 0.025735294117647058 0.042483660130718956
0 0.013480392156862746 0.9583333333333334 0.022058823529411763 0.021241830065359478
0 0.012867647058823529 0.9836601307189543 0.023284313725490197 0.032679738562091505
0 0.04105392156862745 0.9656862745098039 0.04044117647058824 0.03594771241830066
0 0.04044117647058824 0.9893790849673203 0.03676470588235294 0.021241830065359478
0 0.06372549019607843 0.9419934640522876 0.041666666666666664 0.04084967320261438
0 0.06004901960784314 0.9125816993464052 0.024509803921568627 0.021241830065359478
0 0.07965686274509803 0.9191176470588236 0.024509803921568627 0.021241830065359478
0 0.07904411764705882 0.8978758169934641 0.0428921568627451 0.03104575163398693
0 0.0900735294117647 0.8758169934640523 0.013480392156862746 0.026143790849673203
0 0.10661764705882353 0.8758169934640523 0.02696078431372549 0.022875816993464054
0 0.12990196078431374 0.8545751633986929 0.049019607843137254 0.042483660130718956
0 0.17708333333333334 0.8439542483660131 0.025735294117647058 0.024509803921568627
0 0.19117647058823528 0.8308823529411765 0.0196078431372549 0.02777777777777778
0 0.22855392156862744 0.8464052287581699 0.03308823529411765 0.029411764705882353
0 0.24754901960784315 0.8513071895424836 0.014705882352941176 0.029411764705882353
0 0.2622549019607843 0.8480392156862745 0.022058823529411763 0.03594771241830066
0 0.28799019607843135 0.8529411764705883 0.03431372549019608 0.03594771241830066
0 0.20036764705882354 0.8553921568627452 0.028186274509803922 0.024509803921568627
0 0.20649509803921567 0.8676470588235294 0.023284313725490197 0.0196078431372549
0 0.22058823529411764 0.8758169934640523 0.02696078431372549 0.022875816993464054
0 0.23223039215686275 0.8905228758169935 0.025735294117647058 0.026143790849673203
0 0.2310049019607843 0.9101307189542484 0.028186274509803922 0.0196078431372549
0 0.25183823529411764 0.9027777777777778 0.015931372549019607 0.02777777777777778
0 0.15747549019607843 0.8513071895424836 0.015931372549019607 0.0196078431372549
0 0.16115196078431374 0.8643790849673203 0.023284313725490197 0.0196078431372549
0 0.1605392156862745 0.8839869281045752 0.0196078431372549 0.026143790849673203
0 0.17830882352941177 0.8790849673202614 0.020833333333333332 0.026143790849673203
0 0.14215686274509803 0.8872549019607844 0.022058823529411763 0.0196078431372549
0 0.14399509803921567 0.8995098039215687 0.01838235294117647 0.01797385620915033
0 0.13970588235294118 0.9150326797385622 0.0196078431372549 0.022875816993464054
0 0.11213235294117647 0.8970588235294118 0.013480392156862746 0.0196078431372549
0 0.1017156862745098 0.8970588235294118 0.014705882352941176 0.026143790849673203
0 0.10661764705882353 0.9166666666666667 0.0196078431372549 0.022875816993464054
0 0.09313725490196079 0.9248366013071896 0.014705882352941176 0.026143790849673203
0 0.12071078431372549 0.9125816993464052 0.015931372549019607 0.03104575163398693
0 0.12806372549019607 0.928921568627451 0.020833333333333332 0.01797385620915033
0 0.1053921568627451 0.934640522875817 0.024509803921568627 0.0196078431372549
0 0.09497549019607843 0.9460784313725491 0.023284313725490197 0.016339869281045753
0 0.06985294117647059 0.9812091503267975 0.031862745098039214 0.03758169934640523
0 0.09313725490196079 0.9893790849673203 0.02696078431372549 0.014705882352941176
0 0.09191176470588235 0.9779411764705883 0.01715686274509804 0.014705882352941176
0 0.15502450980392157 0.9068627450980392 0.013480392156862746 0.0196078431372549
0 0.1764705882352941 0.8995098039215687 0.029411764705882353 0.02777777777777778
0 0.19852941176470587 0.888888888888889 0.022058823529411763 0.029411764705882353
0 0.2150735294117647 0.8929738562091504 0.020833333333333332 0.014705882352941176
0 0.2420343137254902 0.9248366013071896 0.025735294117647058 0.0196078431372549
0 0.2113970588235294 0.9215686274509804 0.025735294117647058 0.042483660130718956
0 0.1954656862745098 0.9142156862745099 0.013480392156862746 0.024509803921568627
0 0.18566176470588236 0.928921568627451 0.01838235294117647 0.014705882352941176
0 0.16973039215686275 0.9215686274509804 0.013480392156862746 0.026143790849673203
0 0.17892156862745098 0.9428104575163399 0.02696078431372549 0.0196078431372549
0 0.1525735294117647 0.9256535947712419 0.020833333333333332 0.01797385620915033
0 0.1556372549019608 0.9460784313725491 0.0196078431372549 0.0196078431372549
0 0.13051470588235295 0.9566993464052288 0.025735294117647058 0.021241830065359478
0 0.13786764705882354 0.9681372549019608 0.01838235294117647 0.021241830065359478
0 0.15808823529411764 0.9673202614379085 0.029411764705882353 0.026143790849673203
0 0.18443627450980393 0.9722222222222222 0.025735294117647058 0.022875816993464054
0 0.2034313725490196 0.9624183006535948 0.0196078431372549 0.013071895424836602
0 0.20404411764705882 0.940359477124183 0.023284313725490197 0.01797385620915033
0 0.11090686274509803 0.9705882352941176 0.020833333333333332 0.013071895424836602
0 0.13664215686274508 0.9844771241830066 0.025735294117647058 0.01797385620915033
0 0.16544117647058823 0.988562091503268 0.04656862745098039 0.022875816993464054
0 0.20404411764705882 0.9820261437908497 0.028186274509803922 0.022875816993464054
0 0.22426470588235295 0.9714052287581699 0.02696078431372549 0.024509803921568627
0 0.23590686274509803 0.9893790849673203 0.025735294117647058 0.021241830065359478
0 0.24019607843137256 0.9526143790849674 0.02696078431372549 0.022875816993464054
0 0.24754901960784315 0.9697712418300654 0.02696078431372549 0.021241830065359478
0 0.26715686274509803 0.9861111111111112 0.0392156862745098 0.02777777777777778
0 0.2665441176470588 0.9673202614379085 0.01838235294117647 0.0196078431372549
0 0.2738970588235294 0.8962418300653595 0.020833333333333332 0.021241830065359478
0 0.28737745098039214 0.9019607843137255 0.015931372549019607 0.029411764705882353
0 0.26776960784313725 0.9142156862745099 0.020833333333333332 0.024509803921568627
0 0.27328431372549017 0.9305555555555556 0.03431372549019608 0.02777777777777778
0 0.30330882352941174 0.9158496732026145 0.023284313725490197 0.021241830065359478
0 0.2928921568627451 0.9379084967320261 0.024509803921568627 0.03594771241830066
0 0.30269607843137253 0.9526143790849674 0.01715686274509804 0.029411764705882353
0 0.2702205882352941 0.948529411764706 0.023284313725490197 0.021241830065359478
0 0.2818627450980392 0.9665032679738562 0.0196078431372549 0.01797385620915033
0 0.289828431372549 0.9861111111111112 0.015931372549019607 0.024509803921568627
0 0.3008578431372549 0.9787581699346406 0.011029411764705881 0.026143790849673203
0 0.31556372549019607 0.9795751633986929 0.020833333333333332 0.021241830065359478
0 0.321078431372549 0.9705882352941176 0.0196078431372549 0.026143790849673203
0 0.3700980392156863 0.8594771241830066 0.02696078431372549 0.026143790849673203
0 0.39276960784313725 0.883169934640523 0.020833333333333332 0.01797385620915033
0 0.36519607843137253 0.8872549019607844 0.024509803921568627 0.022875816993464054
0 0.3425245098039216 0.8986928104575164 0.015931372549019607 0.022875816993464054
0 0.38112745098039214 0.8946078431372549 0.014705882352941176 0.021241830065359478
0 0.4068627450980392 0.9027777777777778 0.031862745098039214 0.02777777777777778
0 0.3909313725490196 0.9183006535947713 0.022058823529411763 0.026143790849673203
0 0.3737745098039216 0.9150326797385622 0.0196078431372549 0.0196078431372549
0 0.3560049019607843 0.9223856209150327 0.030637254901960783 0.05065359477124183
0 0.32536764705882354 0.9321895424836601 0.03553921568627451 0.03431372549019608
0 0.3394607843137255 0.9558823529411765 0.031862745098039214 0.029411764705882353
0 0.3394607843137255 0.9787581699346406 0.02696078431372549 0.022875816993464054
0 0.3602941176470588 0.9836601307189543 0.0196078431372549 0.022875816993464054
0 0.3756127450980392 0.9640522875816994 0.023284313725490197 0.026143790849673203
0 0.3897058823529412 0.9844771241830066 0.03676470588235294 0.02777777777777778
0 0.3841911764705882 0.934640522875817 0.020833333333333332 0.026143790849673203
0 0.40441176470588236 0.9370915032679739 0.0196078431372549 0.024509803921568627
0 0.4540441176470588 0.8243464052287582 0.025735294117647058 0.03104575163398693
0 0.4411764705882353 0.8366013071895425 0.022058823529411763 0.0196078431372549
0 0.4166666666666667 0.9583333333333334 0.024509803921568627 0.04084967320261438
0 0.4172794117647059 0.9852941176470589 0.030637254901960783 0.026143790849673203
0 0.4424019607843137 0.9517973856209151 0.02696078431372549 0.03758169934640523
0 0.49754901960784315 0.8619281045751634 0.024509803921568627 0.021241830065359478
0 0.53125 0.8651960784313726 0.03308823529411765 0.024509803921568627
0 0.5569852941176471 0.8382352941176471 0.03553921568627451 0.026143790849673203
0 0.6060049019607843 0.8120915032679739 0.023284313725490197 0.0196078431372549
0 0.5802696078431372 0.8946078431372549 0.020833333333333332 0.03758169934640523
0 0.5220588235294118 0.9125816993464052 0.029411764705882353 0.04084967320261438
0 0.48590686274509803 0.9003267973856209 0.04779411764705882 0.0392156862745098
0 0.4993872549019608 0.928921568627451 0.030637254901960783 0.024509803921568627
0 0.47181372549019607 0.9738562091503268 0.0392156862745098 0.0392156862745098
0 0.4424019607843137 0.9803921568627452 0.022058823529411763 0.026143790849673203
0 0.5079656862745098 0.9722222222222222 0.03553921568627451 0.029411764705882353
0 0.5202205882352942 0.9910130718954249 0.028186274509803922 0.01797385620915033
0 0.5404411764705882 0.9877450980392157 0.02696078431372549 0.021241830065359478
0 0.5404411764705882 0.9387254901960784 0.022058823529411763 0.03104575163398693
0 0.5508578431372549 0.9656862745098039 0.03553921568627451 0.029411764705882353
0 0.5735294117647058 0.9428104575163399 0.024509803921568627 0.029411764705882353
0 0.5741421568627451 0.9812091503267975 0.023284313725490197 0.03431372549019608
0 0.6078431372549019 0.9109477124183006 0.03676470588235294 0.05065359477124183
0 0.616421568627451 0.9452614379084968 0.022058823529411763 0.024509803921568627
0 0.5955882352941176 0.9509803921568628 0.022058823529411763 0.029411764705882353
0 0.6299019607843137 0.9779411764705883 0.01715686274509804 0.021241830065359478
0 0.6176470588235294 0.9869281045751634 0.014705882352941176 0.022875816993464054
0 0.5955882352941176 0.9918300653594772 0.029411764705882353 0.016339869281045753
0 0.6825980392156863 0.7834967320261438 0.024509803921568627 0.014705882352941176
0 0.7800245098039216 0.7001633986928105 0.020833333333333332 0.024509803921568627
0 0.7003676470588235 0.798202614379085 0.028186274509803922 0.02777777777777778
0 0.696078431372549 0.8848039215686275 0.029411764705882353 0.024509803921568627
0 0.633578431372549 0.8946078431372549 0.022058823529411763 0.024509803921568627
0 0.6452205882352942 0.9166666666666667 0.03799019607843137 0.032679738562091505
0 0.6366421568627451 0.9338235294117647 0.030637254901960783 0.021241830065359478
0 0.6678921568627451 0.9142156862745099 0.012254901960784314 0.024509803921568627
0 0.6856617647058824 0.9142156862745099 0.028186274509803922 0.03758169934640523
0 0.7113970588235294 0.9125816993464052 0.025735294117647058 0.03104575163398693
0 0.7457107843137255 0.9084967320261438 0.03553921568627451 0.026143790849673203
0 0.7389705882352942 0.934640522875817 0.031862745098039214 0.026143790849673203
0 0.7450980392156863 0.9526143790849674 0.031862745098039214 0.022875816993464054
0 0.6758578431372549 0.9460784313725491 0.0428921568627451 0.03594771241830066
0 0.6587009803921569 0.9632352941176471 0.025735294117647058 0.01797385620915033
0 0.6672794117647058 0.9852941176470589 0.04534313725490196 0.029411764705882353
0 0.7107843137254902 0.9566993464052288 0.03676470588235294 0.03431372549019608
0 0.7316176470588235 0.9738562091503268 0.022058823529411763 0.016339869281045753
0 0.7493872549019608 0.9820261437908497 0.028186274509803922 0.0196078431372549
0 0.7775735294117647 0.9477124183006537 0.023284313725490197 0.016339869281045753
0 0.758578431372549 0.9599673202614379 0.0196078431372549 0.01797385620915033
0 0.7849264705882353 0.9673202614379085 0.03553921568627451 0.022875816993464054
0 0.8075980392156863 0.9550653594771242 0.0196078431372549 0.021241830065359478
0 0.8143382352941176 0.9714052287581699 0.025735294117647058 0.01797385620915033
0 0.7677696078431372 0.9852941176470589 0.025735294117647058 0.0196078431372549
0 0.7916666666666666 0.9869281045751634 0.02696078431372549 0.0196078431372549
0 0.8204656862745098 0.9877450980392157 0.015931372549019607 0.024509803921568627
0 0.8394607843137255 0.9910130718954249 0.02696078431372549 0.01797385620915033
0 0.8529411764705882 0.9722222222222222 0.029411764705882353 0.0392156862745098
0 0.6985294117647058 0.9861111111111112 0.0196078431372549 0.014705882352941176
0 0.7910539215686274 0.8766339869281046 0.03799019607843137 0.03104575163398693
0 0.8235294117647058 0.883169934640523 0.041666666666666664 0.03758169934640523
0 0.8492647058823529 0.8733660130718954 0.01715686274509804 0.03431372549019608
0 0.8602941176470588 0.9011437908496732 0.024509803921568627 0.03104575163398693
0 0.8872549019607843 0.8946078431372549 0.0392156862745098 0.02777777777777778
0 0.7830882352941176 0.9076797385620915 0.0392156862745098 0.02777777777777778
0 0.8284313725490196 0.9027777777777778 0.041666666666666664 0.02777777777777778
0 0.8339460784313726 0.9305555555555556 0.04534313725490196 0.03758169934640523
0 0.8082107843137255 0.9338235294117647 0.020833333333333332 0.01797385620915033
0 0.9283088235294118 0.8627450980392157 0.0428921568627451 0.03594771241830066
0 0.9417892156862745 0.8774509803921569 0.03308823529411765 0.026143790849673203
0 0.9785539215686274 0.857843137254902 0.028186274509803922 0.026143790849673203
0 0.9797794117647058 0.8799019607843137 0.03799019607843137 0.03104575163398693
0 0.9583333333333334 0.9068627450980392 0.029411764705882353 0.022875816993464054
0 0.9779411764705882 0.8970588235294118 0.029411764705882353 0.0196078431372549
0 0.9056372549019608 0.9264705882352942 0.024509803921568627 0.0196078431372549
0 0.892156862745098 0.9109477124183006 0.0196078431372549 0.01797385620915033
0 0.8958333333333334 0.9591503267973857 0.03431372549019608 0.04575163398692811
0 0.8713235294117647 0.9526143790849674 0.022058823529411763 0.0196078431372549
0 0.9185049019607843 0.9624183006535948 0.023284313725490197 0.029411764705882353
0 0.8780637254901961 0.9754901960784313 0.015931372549019607 0.026143790849673203
0 0.9375 0.9509803921568628 0.022058823529411763 0.03594771241830066
0 0.9681372549019608 0.9313725490196079 0.024509803921568627 0.022875816993464054
0 0.9901960784313726 0.9387254901960784 0.0196078431372549 0.024509803921568627
0 0.9883578431372549 0.9607843137254902 0.023284313725490197 0.032679738562091505
0 0.9620098039215687 0.9550653594771242 0.02696078431372549 0.03431372549019608
0 0.9564950980392156 0.9763071895424837 0.023284313725490197 0.024509803921568627
0 0.928921568627451 0.9901960784313726 0.03676470588235294 0.0196078431372549
0 0.9754901960784313 0.9730392156862745 0.01715686274509804 0.021241830065359478
