0 0.9172794117647058 0.46977124183006536 0.04044117647058824 0.03431372549019608
0 0.977328431372549 0.4861111111111111 0.04534313725490196 0.04411764705882353
0 0.9883578431372549 0.5163398692810458 0.023284313725490197 0.032679738562091505
0 0.9540441176470588 0.5245098039215687 0.04534313725490196 0.03594771241830066
0 0.9724264705882353 0.5612745098039216 0.05514705882352941 0.057189542483660136
0 0.9730392156862745 0.6127450980392157 0.05392156862745098 0.05228758169934641
0 0.914828431372549 0.5882352941176471 0.05269607843137255 0.042483660130718956
0 0.9295343137254902 0.6233660130718954 0.03799019607843137 0.05392156862745098
0 0.954656862745098 0.6633986928104575 0.03676470588235294 0.06535947712418301
0 0.9816176470588235 0.6544117647058824 0.03676470588235294 0.04084967320261438
0 0.9877450980392156 0.7009803921568628 0.024509803921568627 0.049019607843137254
0 0.9650735294117647 0.7459150326797386 0.06740196078431372 0.057189542483660136
0 0.9791666666666666 0.7957516339869282 0.0392156862745098 0.0392156862745098
0 0.9295343137254902 0.6666666666666667 0.025735294117647058 0.049019607843137254
0 0.9068627450980392 0.6895424836601307 0.06372549019607843 0.058823529411764705
0 0.9417892156862745 0.7148692810457516 0.03553921568627451 0.03758169934640523
0 0.9344362745098039 0.7965686274509804 0.05759803921568627 0.057189542483660136
0 0.897671568627451 0.8259803921568628 0.025735294117647058 0.03758169934640523
0 0.8805147058823529 0.7990196078431373 0.0428921568627451 0.042483660130718956
0 0.8995098039215687 0.7467320261437909 0.06372549019607843 0.06209150326797386
0 0.8811274509803921 0.6691176470588236 0.024509803921568627 0.04084967320261438
0 0.852328431372549 0.7230392156862745 0.05269607843137255 0.05392156862745098
0 0.8547794117647058 0.6748366013071896 0.03799019607843137 0.049019607843137254
0 0.8259803921568627 0.6707516339869282 0.03431372549019608 0.05392156862745098
0 0.8106617647058824 0.6928104575163399 0.05024509803921569 0.049019607843137254
0 0.8045343137254902 0.6266339869281046 0.04779411764705882 0.04738562091503268
0 0.7683823529411764 0.5939542483660131 0.04656862745098039 0.04738562091503268
0 0.7708333333333334 0.6576797385620915 0.07107843137254902 0.07352941176470588
0 0.7745098039215687 0.7254901960784313 0.03431372549019608 0.03594771241830066
0 0.8008578431372549 0.7516339869281046 0.030637254901960783 0.0392156862745098
0 0.7591911764705882 0.7532679738562091 0.028186274509803922 0.032679738562091505
0 0.7310049019607843 0.738562091503268 0.03308823529411765 0.03594771241830066
0 0.7781862745098039 0.7818627450980392 0.031862745098039214 0.04411764705882353
0 0.7910539215686274 0.8284313725490197 0.04534313725490196 0.049019607843137254
0 0.9564950980392156 0.857843137254902 0.028186274509803922 0.058823529411764705
0 0.9828431372549019 0.8782679738562091 0.031862745098039214 0.03431372549019608
0 0.9877450980392156 0.9166666666666667 0.024509803921568627 0.042483660130718956
0 0.960171568627451 0.9003267973856209 0.03799019607843137 0.0392156862745098
0 0.9791666666666666 0.9575163398692811 0.041666666666666664 0.06535947712418301
0 0.9552696078431372 0.9787581699346406 0.04044117647058824 0.042483660130718956
0 0.9301470588235294 0.9493464052287582 0.044117647058823525 0.05555555555555556
0 0.8884803921568627 0.9354575163398693 0.051470588235294115 0.04411764705882353
0 0.8633578431372549 0.9738562091503268 0.04044117647058824 0.05228758169934641
0 0.8897058823529411 0.977124183006536 0.02696078431372549 0.04575163398692811
0 0.8259803921568627 0.9517973856209151 0.051470588235294115 0.05065359477124183
0 0.7916666666666666 0.9852941176470589 0.06372549019607843 0.029411764705882353
0 0.8180147058823529 0.9044117647058824 0.06740196078431372 0.06372549019607843
0 0.7561274509803921 0.8382352941176471 0.024509803921568627 0.049019607843137254
0 0.758578431372549 0.8766339869281046 0.029411764705882353 0.03104575163398693
0 0.7702205882352942 0.9158496732026145 0.03799019607843137 0.04084967320261438
0 0.7861519607843137 0.9550653594771242 0.03308823529411765 0.03758169934640523
0 0.7518382352941176 0.9517973856209151 0.04534313725490196 0.057189542483660136
0 0.7310049019607843 0.9256535947712419 0.03799019607843137 0.03104575163398693
0 0.7371323529411764 0.8962418300653595 0.03799019607843137 0.03758169934640523
0 0.7199754901960784 0.8733660130718954 0.0428921568627451 0.04084967320261438
0 0.7003676470588235 0.9705882352941176 0.0625 0.049019607843137254
0 0.6966911764705882 0.9379084967320261 0.03799019607843137 0.032679738562091505
0 0.6844362745098039 0.9052287581699346 0.05759803921568627 0.049019607843137254
0 0.6580882352941176 0.869281045751634 0.041666666666666664 0.0392156862745098
0 0.6715686274509803 0.8366013071895425 0.04656862745098039 0.03594771241830066
0 0.6930147058823529 0.8055555555555556 0.030637254901960783 0.0392156862745098
0 0.6311274509803921 0.7679738562091504 0.041666666666666664 0.042483660130718956
0 0.6274509803921569 0.7181372549019608 0.044117647058823525 0.04738562091503268
0 0.5821078431372549 0.6527777777777778 0.0392156862745098 0.06372549019607843
0 0.5386029411764706 0.6658496732026143 0.0428921568627451 0.03431372549019608
0 0.5104166666666666 0.678921568627451 0.04044117647058824 0.03431372549019608
0 0.4620098039215686 0.6813725490196079 0.044117647058823525 0.042483660130718956
0 0.5870098039215687 0.7181372549019608 0.051470588235294115 0.04738562091503268
0 0.5404411764705882 0.7124183006535948 0.049019607843137254 0.0392156862745098
0 0.5367647058823529 0.7401960784313726 0.029411764705882353 0.022875816993464054
0 0.5649509803921569 0.7524509803921569 0.03676470588235294 0.03431372549019608
0 0.5686274509803921 0.7785947712418301 0.041666666666666664 0.03431372549019608
0 0.6017156862745098 0.7565359477124183 0.041666666666666664 0.0392156862745098
0 0.6366421568627451 0.8071895424836601 0.04779411764705882 0.0392156862745098
0 0.6035539215686274 0.8063725490196079 0.025735294117647058 0.03104575163398693
0 0.6170343137254902 0.8398692810457516 0.06004901960784314 0.049019607843137254
0 0.6188725490196079 0.8741830065359477 0.0392156862745098 0.03594771241830066
0 0.6047794117647058 0.9084967320261438 0.0428921568627451 0.03594771241830066
0 0.6452205882352942 0.9362745098039216 0.04534313725490196 0.05555555555555556
0 0.6587009803921569 0.9746732026143791 0.023284313725490197 0.05065359477124183
0 0.6060049019607843 0.9387254901960784 0.0428921568627451 0.04411764705882353
0 0.6219362745098039 0.9754901960784313 0.0428921568627451 0.0392156862745098
0 0.5723039215686274 0.8823529411764706 0.056372549019607844 0.049019607843137254
0 0.5692401960784313 0.8333333333333334 0.04779411764705882 0.05555555555555556
0 0.5428921568627451 0.8063725490196079 0.0392156862745098 0.03758169934640523
0 0.5042892156862745 0.8006535947712419 0.03308823529411765 0.05555555555555556
0 0.5202205882352942 0.8366013071895425 0.030637254901960783 0.032679738562091505
0 0.5251225490196079 0.869281045751634 0.05269607843137255 0.0392156862745098
0 0.5128676470588235 0.9183006535947713 0.04779411764705882 0.049019607843137254
0 0.5355392156862745 0.9444444444444444 0.0392156862745098 0.058823529411764705
0 0.5661764705882353 0.9338235294117647 0.02696078431372549 0.04084967320261438
0 0.5625 0.9714052287581699 0.05392156862745098 0.057189542483660136
0 0.5214460784313726 0.9869281045751634 0.0428921568627451 0.026143790849673203
0 0.49816176470588236 0.9763071895424837 0.030637254901960783 0.03431372549019608
0 0.48223039215686275 0.9044117647058824 0.05024509803921569 0.04411764705882353
0 0.47549019607843135 0.857843137254902 0.06862745098039216 0.05555555555555556
0 0.4810049019607843 0.821078431372549 0.030637254901960783 0.024509803921568627
0 0.4638480392156863 0.7933006535947713 0.05269607843137255 0.04411764705882353
0 0.4172794117647059 0.8259803921568628 0.07475490196078431 0.06372549019607843
0 0.36887254901960786 0.7777777777777778 0.03676470588235294 0.04575163398692811
0 0.34068627450980393 0.8031045751633987 0.03676470588235294 0.04084967320261438
0 0.3627450980392157 0.8276143790849674 0.02696078431372549 0.03104575163398693
0 0.3841911764705882 0.8766339869281046 0.030637254901960783 0.04084967320261438
0 0.40625 0.9150326797385622 0.05024509803921569 0.09150326797385622
0 0.44362745098039214 0.8995098039215687 0.03431372549019608 0.03104575163398693
0 0.4430147058823529 0.9297385620915033 0.03553921568627451 0.03594771241830066
0 0.4724264705882353 0.9272875816993464 0.028186274509803922 0.024509803921568627
0 0.4803921568627451 0.9526143790849674 0.03676470588235294 0.029411764705882353
0 0.46629901960784315 0.9836601307189543 0.03308823529411765 0.026143790849673203
0 0.4375 0.9689542483660131 0.051470588235294115 0.04575163398692811
0 0.3854166666666667 0.9812091503267975 0.0428921568627451 0.03758169934640523
0 0.3694852941176471 0.923202614379085 0.025735294117647058 0.05555555555555556
0 0.36151960784313725 0.9575163398692811 0.029411764705882353 0.032679738562091505
0 0.3382352941176471 0.8504901960784313 0.02696078431372549 0.03104575163398693
0 0.35049019607843135 0.8774509803921569 0.04656862745098039 0.042483660130718956
0 0.3388480392156863 0.9109477124183006 0.030637254901960783 0.02777777777777778
0 0.3204656862745098 0.9272875816993464 0.05269607843137255 0.04411764705882353
0 0.33455882352941174 0.9722222222222222 0.03676470588235294 0.05555555555555556
0 0.3020833333333333 0.9616013071895425 0.04534313725490196 0.06372549019607843
0 0.27144607843137253 0.977124183006536 0.06985294117647059 0.04575163398692811
0 0.27267156862745096 0.9150326797385622 0.05024509803921569 0.05555555555555556
0 0.2922794117647059 0.8562091503267975 0.0625 0.05555555555555556
0 0.321078431372549 0.8186274509803921 0.0392156862745098 0.04575163398692811
0 0.20526960784313725 0.8782679738562091 0.07475490196078431 0.06045751633986928
0 0.20526960784313725 0.9370915032679739 0.05759803921568627 0.05392156862745098
0 0.20159313725490197 0.9820261437908497 0.030637254901960783 0.03594771241830066
0 0.21875 0.9705882352941176 0.020833333333333332 0.042483660130718956
0 0.16666666666666666 0.9844771241830066 0.04656862745098039 0.03104575163398693
0 0.14154411764705882 0.9338235294117647 0.07230392156862744 0.06699346405228758
0 0.15992647058823528 0.8398692810457516 0.03553921568627451 0.05228758169934641
0 0.1292892156862745 0.8047385620915033 0.030637254901960783 0.024509803921568627
0 0.11887254901960784 0.8325163398692811 0.03431372549019608 0.03758169934640523
0 0.09558823529411764 0.8529411764705883 0.041666666666666664 0.03594771241830066
0 0.07291666666666667 0.7401960784313726 0.028186274509803922 0.029411764705882353
0 0.08700980392156862 0.7655228758169935 0.02696078431372549 0.021241830065359478
0 0.04595588235294117 0.7720588235294118 0.028186274509803922 0.03104575163398693
0 0.07536764705882353 0.8063725490196079 0.06985294117647059 0.06045751633986928
0 0.02267156862745098 0.823529411764706 0.0428921568627451 0.06209150326797386
0 0.020833333333333332 0.7704248366013072 0.0392156862745098 0.06045751633986928
0 0.05269607843137255 0.8398692810457516 0.029411764705882353 0.029411764705882353
0 0.0428921568627451 0.8660130718954249 0.04656862745098039 0.0392156862745098
0 0.07475490196078431 0.8897058823529412 0.056372549019607844 0.04738562091503268
0 0.09620098039215687 0.9133986928104575 0.03553921568627451 0.026143790849673203
0 0.014093137254901961 0.8700980392156863 0.025735294117647058 0.02777777777777778
0 0.02696078431372549 0.9027777777777778 0.051470588235294115 0.04738562091503268
0 0.0741421568627451 0.9517973856209151 0.06495098039215687 0.07352941176470588
0 0.02267156862745098 0.9632352941176471 0.0428921568627451 0.057189542483660136
0 0.041666666666666664 0.9779411764705883 0.031862745098039214 0.03758169934640523
0 0.06678921568627451 0.9893790849673203 0.03799019607843137 0.021241830065359478
0 0.3382352941176471 0.8496732026143791 0.029411764705882353 0.03594771241830066
