0 0.9742647058823529 0.3300653594771242 0.044117647058823525 0.04575163398692811
0 0.9803921568627451 0.39869281045751637 0.0392156862745098 0.05228758169934641
0 0.49203431372549017 0.3700980392156863 0.06495098039215687 0.06699346405228758
0 0.48651960784313725 0.3186274509803922 0.04656862745098039 0.0392156862745098
0 0.44362745098039214 0.33986928104575165 0.058823529411764705 0.05228758169934641
0 0.3952205882352941 0.32516339869281047 0.04534313725490196 0.04575163398692811
0 0.44056372549019607 0.3741830065359477 0.05024509803921569 0.042483660130718956
0 0.3694852941176471 0.3611111111111111 0.03308823529411765 0.05555555555555556
0 0.3382352941176471 0.34477124183006536 0.0392156862745098 0.04575163398692811
0 0.33762254901960786 0.303921568627451 0.05759803921568627 0.049019607843137254
0 0.29901960784313725 0.3235294117647059 0.041666666666666664 0.0392156862745098
0 0.28799019607843135 0.3602941176470588 0.04656862745098039 0.04084967320261438
0 0.25674019607843135 0.3839869281045752 0.03553921568627451 0.03594771241830066
0 0.1053921568627451 0.8374183006535948 0.0392156862745098 0.05392156862745098
