0 0.044730392156862746 0.5955882352941176 0.030637254901960783 0.02777777777777778
0 0.022058823529411763 0.6045751633986929 0.029411764705882353 0.022875816993464054
0 0.052083333333333336 0.6217320261437909 0.03799019607843137 0.04084967320261438
0 0.0704656862745098 0.5955882352941176 0.020833333333333332 0.01797385620915033
0 0.06862745098039216 0.6119281045751634 0.022058823529411763 0.01797385620915033
0 0.10355392156862744 0.625 0.023284313725490197 0.04411764705882353
0 0.12377450980392157 0.6111111111111112 0.02696078431372549 0.0196078431372549
0 0.1488970588235294 0.6151960784313726 0.020833333333333332 0.01797385620915033
0 0.1715686274509804 0.6225490196078431 0.024509803921568627 0.0196078431372549
0 0.011642156862745098 0.625 0.020833333333333332 0.02777777777777778
0 0.027573529411764705 0.6331699346405228 0.013480392156862746 0.021241830065359478
0 0.013480392156862746 0.6429738562091504 0.0196078431372549 0.014705882352941176
0 0.04840686274509804 0.6544117647058824 0.03553921568627451 0.05392156862745098
0 0.08026960784313725 0.6331699346405228 0.028186274509803922 0.03758169934640523
0 0.13664215686274508 0.630718954248366 0.023284313725490197 0.026143790849673203
0 0.1568627450980392 0.6372549019607844 0.022058823529411763 0.029411764705882353
0 0.18566176470588236 0.6331699346405228 0.020833333333333332 0.01797385620915033
0 0.12193627450980392 0.6348039215686274 0.01838235294117647 0.01797385620915033
0 0.11580882352941177 0.6723856209150327 0.03308823529411765 0.05065359477124183
0 0.08455882352941177 0.6511437908496732 0.022058823529411763 0.01797385620915033
0 0.09375 0.6576797385620915 0.015931372549019607 0.021241830065359478
0 0.018995098039215685 0.6617647058823529 0.01838235294117647 0.022875816993464054
0 0.02022058823529412 0.6911764705882353 0.03799019607843137 0.042483660130718956
0 0.05514705882352941 0.6911764705882353 0.022058823529411763 0.0196078431372549
0 0.08026960784313725 0.678921568627451 0.0428921568627451 0.04084967320261438
0 0.14215686274509803 0.6576797385620915 0.022058823529411763 0.02777777777777778
0 0.1795343137254902 0.6633986928104575 0.03308823529411765 0.05228758169934641
0 0.1954656862745098 0.6495098039215687 0.01838235294117647 0.024509803921568627
0 0.15808823529411764 0.6617647058823529 0.022058823529411763 0.0196078431372549
0 0.06740196078431372 0.7107843137254902 0.044117647058823525 0.0392156862745098
0 0.00857843137254902 0.7263071895424836 0.014705882352941176 0.024509803921568627
0 0.022058823529411763 0.7205882352941176 0.0196078431372549 0.022875816993464054
0 0.034926470588235295 0.7295751633986929 0.023284313725490197 0.021241830065359478
0 0.06311274509803921 0.7336601307189543 0.023284313725490197 0.022875816993464054
0 0.05514705882352941 0.7483660130718954 0.01715686274509804 0.026143790849673203
0 0.07352941176470588 0.7532679738562091 0.024509803921568627 0.0196078431372549
0 0.09558823529411764 0.7148692810457516 0.01715686274509804 0.014705882352941176
0 0.09436274509803921 0.7050653594771242 0.01715686274509804 0.014705882352941176
0 0.09558823529411764 0.7336601307189543 0.024509803921568627 0.026143790849673203
0 0.12316176470588235 0.7148692810457516 0.03799019607843137 0.04084967320261438
0 0.13541666666666666 0.6764705882352942 0.01838235294117647 0.016339869281045753
0 0.14522058823529413 0.684640522875817 0.01838235294117647 0.0392156862745098
0 0.15931372549019607 0.678921568627451 0.014705882352941176 0.024509803921568627
0 0.16666666666666666 0.7058823529411765 0.044117647058823525 0.0392156862745098
0 0.21629901960784315 0.6650326797385621 0.015931372549019607 0.026143790849673203
0 0.2506127450980392 0.667483660130719 0.023284313725490197 0.021241830065359478
0 0.2659313725490196 0.684640522875817 0.024509803921568627 0.0196078431372549
0 0.22916666666666666 0.6813725490196079 0.024509803921568627 0.022875816993464054
0 0.24877450980392157 0.6928104575163399 0.024509803921568627 0.03594771241830066
0 0.2855392156862745 0.7050653594771242 0.022058823529411763 0.021241830065359478
0 0.3014705882352941 0.7165032679738562 0.022058823529411763 0.01797385620915033
0 0.2647058823529412 0.7116013071895425 0.022058823529411763 0.01797385620915033
0 0.27205882352941174 0.7238562091503268 0.024509803921568627 0.0196078431372549
0 0.2892156862745098 0.7312091503267975 0.014705882352941176 0.03104575163398693
0 0.3112745098039216 0.7369281045751634 0.02696078431372549 0.022875816993464054
0 0.3370098039215686 0.7352941176470589 0.022058823529411763 0.0196078431372549
0 0.1721813725490196 0.744281045751634 0.0428921568627451 0.04738562091503268
0 0.20894607843137256 0.6821895424836601 0.015931372549019607 0.021241830065359478
0 0.2071078431372549 0.7271241830065359 0.029411764705882353 0.058823529411764705
0 0.2261029411764706 0.7050653594771242 0.023284313725490197 0.021241830065359478
0 0.23713235294117646 0.7189542483660131 0.020833333333333332 0.0196078431372549
0 0.22855392156862744 0.7361111111111112 0.01838235294117647 0.021241830065359478
0 0.27450980392156865 0.7450980392156863 0.02696078431372549 0.022875816993464054
0 0.2555147058823529 0.7377450980392157 0.020833333333333332 0.021241830065359478
0 0.2861519607843137 0.7573529411764706 0.020833333333333332 0.01797385620915033
0 0.031862745098039214 0.7622549019607844 0.022058823529411763 0.021241830065359478
0 0.012254901960784314 0.7753267973856209 0.022058823529411763 0.021241830065359478
0 0.009191176470588236 0.7990196078431373 0.015931372549019607 0.029411764705882353
0 0.028799019607843136 0.7867647058823529 0.03308823529411765 0.03104575163398693
0 0.06433823529411764 0.7704248366013072 0.020833333333333332 0.024509803921568627
0 0.056372549019607844 0.7834967320261438 0.03431372549019608 0.04084967320261438
0 0.10845588235294118 0.7467320261437909 0.015931372549019607 0.022875816993464054
0 0.12009803921568628 0.7426470588235294 0.0196078431372549 0.01797385620915033
0 0.14705882352941177 0.7606209150326798 0.03676470588235294 0.05392156862745098
0 0.12438725490196079 0.7687908496732027 0.01838235294117647 0.024509803921568627
0 0.10661764705882353 0.7736928104575164 0.0196078431372549 0.01797385620915033
0 0.09497549019607843 0.7622549019607844 0.025735294117647058 0.02777777777777778
0 0.09313725490196079 0.7916666666666667 0.041666666666666664 0.04738562091503268
0 0.1256127450980392 0.7957516339869282 0.03553921568627451 0.042483660130718956
0 0.023284313725490197 0.8104575163398693 0.022058823529411763 0.016339869281045753
0 0.04044117647058824 0.803921568627451 0.0196078431372549 0.0196078431372549
0 0.05698529411764706 0.8243464052287582 0.03553921568627451 0.03758169934640523
0 0.03125 0.829248366013072 0.03308823529411765 0.03104575163398693
0 0.011029411764705881 0.8243464052287582 0.0196078431372549 0.021241830065359478
0 0.023284313725490197 0.8594771241830066 0.0392156862745098 0.042483660130718956
0 0.023284313725490197 0.8913398692810458 0.03431372549019608 0.04084967320261438
0 0.044730392156862746 0.8872549019607844 0.020833333333333332 0.042483660130718956
0 0.01838235294117647 0.9142156862745099 0.0196078431372549 0.01797385620915033
0 0.00980392156862745 0.9183006535947713 0.01715686274509804 0.016339869281045753
0 0.017769607843137254 0.9428104575163399 0.03308823529411765 0.0392156862745098
0 0.042279411764705885 0.9379084967320261 0.04534313725490196 0.04575163398692811
0 0.010416666666666666 0.9689542483660131 0.01838235294117647 0.0392156862745098
0 0.03125 0.9779411764705883 0.04044117647058824 0.04411764705882353
0 0.06495098039215687 0.9697712418300654 0.03431372549019608 0.04738562091503268
0 0.07598039215686274 0.8071895424836601 0.01715686274509804 0.026143790849673203
0 0.09803921568627451 0.8308823529411765 0.04656862745098039 0.04084967320261438
0 0.0778186274509804 0.8627450980392157 0.03553921568627451 0.032679738562091505
0 0.0508578431372549 0.8602941176470589 0.023284313725490197 0.021241830065359478
0 0.08823529411764705 0.8954248366013072 0.04656862745098039 0.04575163398692811
0 0.06433823529411764 0.9191176470588236 0.030637254901960783 0.06045751633986928
0 0.09191176470588235 0.9297385620915033 0.031862745098039214 0.04575163398692811
0 0.08884803921568628 0.9517973856209151 0.025735294117647058 0.03104575163398693
0 0.08455882352941177 0.9852941176470589 0.0196078431372549 0.029411764705882353
0 0.0974264705882353 0.9730392156862745 0.01838235294117647 0.03758169934640523
0 0.11519607843137254 0.9877450980392157 0.03676470588235294 0.024509803921568627
0 0.1954656862745098 0.7647058823529412 0.013480392156862746 0.026143790849673203
0 0.17401960784313725 0.7957516339869282 0.04656862745098039 0.0392156862745098
0 0.22365196078431374 0.7532679738562091 0.01838235294117647 0.016339869281045753
0 0.14705882352941177 0.8169934640522876 0.03431372549019608 0.032679738562091505
0 0.12806372549019607 0.8251633986928105 0.025735294117647058 0.022875816993464054
0 0.14399509803921567 0.8382352941176471 0.01838235294117647 0.0196078431372549
0 0.12377450980392157 0.8529411764705883 0.041666666666666664 0.03594771241830066
0 0.1017156862745098 0.8766339869281046 0.022058823529411763 0.024509803921568627
0 0.1323529411764706 0.880718954248366 0.04656862745098039 0.03594771241830066
0 0.125 0.9068627450980392 0.024509803921568627 0.022875816993464054
0 0.11764705882352941 0.9460784313725491 0.029411764705882353 0.05228758169934641
0 0.13541666666666666 0.9607843137254902 0.013480392156862746 0.0196078431372549
0 0.13419117647058823 0.9787581699346406 0.015931372549019607 0.0196078431372549
0 0.14950980392156862 0.9722222222222222 0.01715686274509804 0.03594771241830066
0 0.14338235294117646 0.9052287581699346 0.0196078431372549 0.022875816993464054
0 0.15073529411764705 0.9354575163398693 0.0392156862745098 0.05065359477124183
0 0.21384803921568626 0.7769607843137255 0.0428921568627451 0.04411764705882353
0 0.21568627450980393 0.8112745098039216 0.0392156862745098 0.03431372549019608
0 0.19240196078431374 0.8129084967320261 0.0196078431372549 0.01797385620915033
0 0.18933823529411764 0.8390522875816994 0.0428921568627451 0.03758169934640523
0 0.15747549019607843 0.8447712418300654 0.025735294117647058 0.03594771241830066
0 0.1764705882352941 0.8611111111111112 0.03431372549019608 0.029411764705882353
0 0.16544117647058823 0.8815359477124183 0.03676470588235294 0.04738562091503268
0 0.15992647058823528 0.9035947712418301 0.01838235294117647 0.022875816993464054
0 0.16911764705882354 0.9215686274509804 0.01715686274509804 0.026143790849673203
0 0.16544117647058823 0.9665032679738562 0.0196078431372549 0.01797385620915033
0 0.1642156862745098 0.9803921568627452 0.0196078431372549 0.0196078431372549
0 0.1446078431372549 0.9926470588235294 0.024509803921568627 0.014705882352941176
0 0.16482843137254902 0.994281045751634 0.025735294117647058 0.011437908496732027
0 0.25612745098039214 0.7655228758169935 0.03676470588235294 0.03758169934640523
0 0.2420343137254902 0.7802287581699346 0.01838235294117647 0.01797385620915033
0 0.23345588235294118 0.7941176470588236 0.015931372549019607 0.016339869281045753
0 0.25735294117647056 0.7908496732026145 0.02696078431372549 0.022875816993464054
0 0.3137254901960784 0.7655228758169935 0.03431372549019608 0.04084967320261438
0 0.33455882352941174 0.7671568627450981 0.01715686274509804 0.03758169934640523
0 0.3553921568627451 0.7598039215686275 0.031862745098039214 0.0392156862745098
0 0.35110294117647056 0.7892156862745098 0.03799019607843137 0.032679738562091505
0 0.28370098039215685 0.7745098039215687 0.015931372549019607 0.022875816993464054
0 0.2763480392156863 0.7851307189542484 0.015931372549019607 0.024509803921568627
0 0.30637254901960786 0.7843137254901961 0.022058823529411763 0.022875816993464054
0 0.2916666666666667 0.7933006535947713 0.024509803921568627 0.021241830065359478
0 0.24080882352941177 0.8063725490196079 0.020833333333333332 0.01797385620915033
0 0.2469362745098039 0.8202614379084967 0.020833333333333332 0.0196078431372549
0 0.2647058823529412 0.8047385620915033 0.03676470588235294 0.021241830065359478
0 0.22916666666666666 0.8447712418300654 0.0392156862745098 0.05228758169934641
0 0.22549019607843138 0.8684640522875817 0.02696078431372549 0.03104575163398693
0 0.18933823529411764 0.8864379084967321 0.020833333333333332 0.021241830065359478
0 0.22365196078431374 0.8872549019607844 0.025735294117647058 0.032679738562091505
0 0.21323529411764705 0.9076797385620915 0.029411764705882353 0.02777777777777778
0 0.1881127450980392 0.9150326797385622 0.023284313725490197 0.032679738562091505
0 0.2113970588235294 0.9272875816993464 0.023284313725490197 0.01797385620915033
0 0.2028186274509804 0.9370915032679739 0.03553921568627451 0.03104575163398693
0 0.18627450980392157 0.9509803921568628 0.03431372549019608 0.029411764705882353
0 0.1838235294117647 0.9730392156862745 0.024509803921568627 0.021241830065359478
0 0.19730392156862744 0.9689542483660131 0.0196078431372549 0.0196078431372549
0 0.19791666666666666 0.9877450980392157 0.023284313725490197 0.024509803921568627
0 0.1801470588235294 0.9893790849673203 0.014705882352941176 0.021241830065359478
0 0.3284313725490196 0.7990196078431373 0.0196078431372549 0.026143790849673203
0 0.31433823529411764 0.8047385620915033 0.020833333333333332 0.02777777777777778
0 0.29473039215686275 0.8161764705882353 0.04044117647058824 0.03431372549019608
0 0.26409313725490197 0.8227124183006537 0.023284313725490197 0.01797385620915033
0 0.2763480392156863 0.8423202614379085 0.04534313725490196 0.03431372549019608
0 0.3020833333333333 0.8415032679738562 0.01838235294117647 0.016339869281045753
0 0.3492647058823529 0.8161764705882353 0.02696078431372549 0.021241830065359478
0 0.3321078431372549 0.8186274509803921 0.0196078431372549 0.022875816993464054
0 0.3167892156862745 0.8316993464052288 0.028186274509803922 0.026143790849673203
0 0.3382352941176471 0.8357843137254902 0.022058823529411763 0.014705882352941176
0 0.36703431372549017 0.829248366013072 0.030637254901960783 0.03431372549019608
0 0.36642156862745096 0.8570261437908497 0.024509803921568627 0.024509803921568627
0 0.34068627450980393 0.8529411764705883 0.022058823529411763 0.022875816993464054
0 0.3118872549019608 0.852124183006536 0.01838235294117647 0.021241830065359478
0 0.3241421568627451 0.8594771241830066 0.01838235294117647 0.026143790849673203
0 0.2659313725490196 0.8709150326797386 0.041666666666666664 0.03594771241830066
0 0.2542892156862745 0.8913398692810458 0.03799019607843137 0.03431372549019608
0 0.2389705882352941 0.9084967320261438 0.029411764705882353 0.022875816993464054
0 0.24019607843137256 0.9313725490196079 0.041666666666666664 0.032679738562091505
0 0.2261029411764706 0.9624183006535948 0.04534313725490196 0.0392156862745098
0 0.22487745098039216 0.9918300653594772 0.03308823529411765 0.016339869281045753
0 0.25183823529411764 0.9820261437908497 0.0428921568627451 0.032679738562091505
0 0.35723039215686275 0.8774509803921569 0.020833333333333332 0.0196078431372549
0 0.33455882352941174 0.8954248366013072 0.031862745098039214 0.029411764705882353
0 0.3860294117647059 0.9003267973856209 0.03676470588235294 0.029411764705882353
0 0.35723039215686275 0.8954248366013072 0.020833333333333332 0.0196078431372549
0 0.36151960784313725 0.9133986928104575 0.031862745098039214 0.026143790849673203
0 0.3272058823529412 0.9133986928104575 0.024509803921568627 0.0196078431372549
0 0.30637254901960786 0.8970588235294118 0.03676470588235294 0.029411764705882353
0 0.2800245098039216 0.8921568627450981 0.020833333333333332 0.022875816993464054
0 0.28125 0.9117647058823529 0.03553921568627451 0.026143790849673203
0 0.30637254901960786 0.923202614379085 0.022058823529411763 0.0196078431372549
0 0.2818627450980392 0.9395424836601307 0.0392156862745098 0.03594771241830066
0 0.3425245098039216 0.9264705882352942 0.030637254901960783 0.022875816993464054
0 0.3278186274509804 0.9362745098039216 0.025735294117647058 0.0196078431372549
0 0.35110294117647056 0.9501633986928105 0.03553921568627451 0.02777777777777778
0 0.3088235294117647 0.9436274509803921 0.022058823529411763 0.02777777777777778
0 0.3229166666666667 0.9566993464052288 0.020833333333333332 0.021241830065359478
0 0.2659313725490196 0.9624183006535948 0.03431372549019608 0.026143790849673203
0 0.2977941176470588 0.9746732026143791 0.022058823529411763 0.02777777777777778
0 0.2775735294117647 0.9861111111111112 0.020833333333333332 0.02777777777777778
0 0.30453431372549017 0.9926470588235294 0.030637254901960783 0.014705882352941176
0 0.3174019607843137 0.9730392156862745 0.0196078431372549 0.021241830065359478
0 0.35110294117647056 0.9803921568627452 0.020833333333333332 0.022875816993464054
0 0.3995098039215686 0.9812091503267975 0.0392156862745098 0.03431372549019608
0 0.051470588235294115 0.9950980392156863 0.03431372549019608 0.00980392156862745
0 0.46017156862745096 0.982843137254902 0.015931372549019607 0.024509803921568627
0 0.47120098039215685 0.9681372549019608 0.020833333333333332 0.01797385620915033
0 0.4852941176470588 0.9918300653594772 0.024509803921568627 0.016339869281045753
0 0.5042892156862745 0.9820261437908497 0.0428921568627451 0.032679738562091505
0 0.5367647058823529 0.9754901960784313 0.029411764705882353 0.026143790849673203
0 0.5625 0.9795751633986929 0.024509803921568627 0.01797385620915033
0 0.5765931372549019 0.9918300653594772 0.020833333333333332 0.016339869281045753
0 0.7665441176470588 0.7017973856209151 0.0428921568627451 0.04738562091503268
0 0.8615196078431372 0.4665032679738562 0.04656862745098039 0.04738562091503268
