0 0.34558823529411764 0.017769607843137254 0.04738562091503268 0.03308823529411765
0 0.25571895424836605 0.00980392156862745 0.03104575163398693 0.01715686274509804
0 0.11846405228758171 0.016544117647058824 0.03104575163398693 0.020833333333333332
0 0.026143790849673203 0.007965686274509803 0.026143790849673203 0.013480392156862746
0 0.30800653594771243 0.029411764705882353 0.07352941176470588 0.04656862745098039
0 0.238562091503268 0.11642156862745098 0.032679738562091505 0.03676470588235294
0 0.19281045751633988 0.13664215686274508 0.04575163398692811 0.05514705882352941
0 0.21568627450980393 0.16115196078431374 0.029411764705882353 0.03799019607843137
0 0.19362745098039216 0.1715686274509804 0.024509803921568627 0.024509803921568627
0 0.24673202614379086 0.1568627450980392 0.029411764705882353 0.024509803921568627
0 0.2777777777777778 0.15318627450980393 0.0196078431372549 0.024509803921568627
0 0.2785947712418301 0.18075980392156862 0.03104575163398693 0.025735294117647058
0 0.25653594771241833 0.19240196078431374 0.026143790849673203 0.029411764705882353
0 0.23529411764705882 0.18504901960784315 0.022875816993464054 0.029411764705882353
0 0.20669934640522877 0.21752450980392157 0.05065359477124183 0.06004901960784314
0 0.23692810457516342 0.2181372549019608 0.0196078431372549 0.024509803921568627
0 0.33986928104575165 0.20036764705882354 0.03594771241830066 0.020833333333333332
0 0.303921568627451 0.22058823529411764 0.032679738562091505 0.0392156862745098
0 0.3276143790849673 0.21752450980392157 0.01797385620915033 0.025735294117647058
0 0.3504901960784314 0.23161764705882354 0.02777777777777778 0.03676470588235294
0 0.309640522875817 0.258578431372549 0.03431372549019608 0.029411764705882353
0 0.3137254901960784 0.27941176470588236 0.032679738562091505 0.022058823529411763
0 0.3194444444444445 0.24019607843137256 0.03104575163398693 0.03676470588235294
0 0.02042483660130719 0.3707107843137255 0.03758169934640523 0.023284313725490197
0 0.031862745098039214 0.3909313725490196 0.04411764705882353 0.022058823529411763
0 0.2818627450980392 0.32659313725490197 0.02777777777777778 0.020833333333333332
0 0.39215686274509803 0.3057598039215686 0.03594771241830066 0.023284313725490197
0 0.39052287581699346 0.33088235294117646 0.022875816993464054 0.024509803921568627
0 0.4027777777777778 0.35355392156862747 0.03758169934640523 0.01838235294117647
0 0.3741830065359477 0.3792892156862745 0.029411764705882353 0.03799019607843137
0 0.30718954248366015 0.3553921568627451 0.04575163398692811 0.02696078431372549
0 0.2728758169934641 0.3707107843137255 0.03594771241830066 0.020833333333333332
0 0.28104575163398693 0.39644607843137253 0.03594771241830066 0.01838235294117647
0 0.3178104575163399 0.3829656862745098 0.021241830065359478 0.025735294117647058
0 0.3300653594771242 0.39767156862745096 0.03594771241830066 0.01838235294117647
0 0.3047385620915033 0.414828431372549 0.02777777777777778 0.028186274509803922
0 0.3423202614379085 0.4117647058823529 0.03104575163398693 0.0196078431372549
0 0.4068627450980392 0.39215686274509803 0.029411764705882353 0.024509803921568627
0 0.4068627450980392 0.4111519607843137 0.0196078431372549 0.023284313725490197
0 0.3897058823529412 0.4301470588235294 0.03431372549019608 0.0392156862745098
0 0.3700980392156863 0.4417892156862745 0.02777777777777778 0.020833333333333332
0 0.33415032679738566 0.3792892156862745 0.021241830065359478 0.023284313725490197
0 0.352124183006536 0.3829656862745098 0.021241830065359478 0.028186274509803922
0 0.3619281045751634 0.41911764705882354 0.02777777777777778 0.031862745098039214
0 0.35784313725490197 0.4528186274509804 0.0392156862745098 0.03799019607843137
0 0.33169934640522875 0.45036764705882354 0.0196078431372549 0.028186274509803922
0 0.4354575163398693 0.46568627450980393 0.03431372549019608 0.031862745098039214
0 0.41013071895424835 0.4840686274509804 0.049019607843137254 0.058823529411764705
0 0.3513071895424837 0.49142156862745096 0.05555555555555556 0.056372549019607844
0 0.37663398692810457 0.5202205882352942 0.04084967320261438 0.03553921568627451
0 0.42483660130718953 0.5263480392156863 0.026143790849673203 0.028186274509803922
0 0.3929738562091503 0.5367647058823529 0.024509803921568627 0.029411764705882353
0 0.4109477124183007 0.5404411764705882 0.024509803921568627 0.024509803921568627
0 0.3423202614379085 0.5392156862745098 0.02777777777777778 0.03431372549019608
0 0.3178104575163399 0.5294117647058824 0.04411764705882353 0.03676470588235294
0 0.36356209150326796 0.5661764705882353 0.05065359477124183 0.04656862745098039
0 0.4199346405228758 0.5784313725490196 0.04575163398692811 0.061274509803921566
0 0.45098039215686275 0.585171568627451 0.0196078431372549 0.025735294117647058
0 0.3880718954248366 0.5802696078431372 0.024509803921568627 0.023284313725490197
0 0.3684640522875817 0.5955882352941176 0.02777777777777778 0.022058823529411763
0 0.35784313725490197 0.6133578431372549 0.022875816993464054 0.023284313725490197
0 0.33986928104575165 0.6017156862745098 0.026143790849673203 0.02696078431372549
0 0.3880718954248366 0.6200980392156863 0.04411764705882353 0.056372549019607844
0 0.43218954248366015 0.6262254901960784 0.03431372549019608 0.01715686274509804
0 0.3496732026143791 0.6415441176470588 0.049019607843137254 0.05514705882352941
0 0.4763071895424837 0.7892156862745098 0.03431372549019608 0.024509803921568627
0 0.4893790849673203 0.8566176470588235 0.02777777777777778 0.022058823529411763
0 0.47058823529411764 0.8547794117647058 0.0196078431372549 0.028186274509803922
0 0.49101307189542487 0.8897058823529411 0.05392156862745098 0.05392156862745098
0 0.4795751633986928 0.9099264705882353 0.02777777777777778 0.023284313725490197
0 0.4893790849673203 0.9356617647058824 0.02777777777777778 0.030637254901960783
0 0.5065359477124183 0.9246323529411764 0.026143790849673203 0.020833333333333332
0 0.4411764705882353 0.9325980392156863 0.0392156862745098 0.0392156862745098
0 0.5008169934640523 0.9552696078431372 0.021241830065359478 0.025735294117647058
0 0.5098039215686274 0.9803921568627451 0.032679738562091505 0.03676470588235294
0 0.4616013071895425 0.9650735294117647 0.06699346405228758 0.04044117647058824
0 0.8178104575163399 0.6758578431372549 0.02777777777777778 0.023284313725490197
0 0.7598039215686275 0.45465686274509803 0.032679738562091505 0.031862745098039214
0 0.4820261437908497 0.03308823529411765 0.03594771241830066 0.044117647058823525
0 0.488562091503268 0.007965686274509803 0.0196078431372549 0.013480392156862746
0 0.5081699346405228 0.007352941176470588 0.026143790849673203 0.012254901960784314
0 0.5245098039215687 0.01838235294117647 0.026143790849673203 0.02696078431372549
0 0.5024509803921569 0.02267156862745098 0.024509803921568627 0.023284313725490197
0 0.5694444444444444 0.013480392156862746 0.03104575163398693 0.024509803921568627
0 0.5531045751633987 0.030637254901960783 0.03431372549019608 0.01715686274509804
0 0.5669934640522876 0.044730392156862746 0.0196078431372549 0.020833333333333332
0 0.5122549019607844 0.03799019607843137 0.02777777777777778 0.01715686274509804
0 0.5098039215686274 0.05514705882352941 0.0196078431372549 0.024509803921568627
0 0.5351307189542484 0.04963235294117647 0.03104575163398693 0.03553921568627451
0 0.6723856209150327 0.02389705882352941 0.02777777777777778 0.03308823529411765
0 0.7009803921568628 0.020833333333333332 0.0392156862745098 0.0392156862745098
0 0.7287581699346406 0.017769607843137254 0.026143790849673203 0.028186274509803922
0 0.755718954248366 0.027573529411764705 0.02777777777777778 0.023284313725490197
0 0.8594771241830066 0.006127450980392157 0.0392156862745098 0.00980392156862745
0 0.8480392156862745 0.014705882352941176 0.029411764705882353 0.022058823529411763
0 0.8251633986928105 0.016544117647058824 0.0196078431372549 0.025735294117647058
0 0.8774509803921569 0.01715686274509804 0.026143790849673203 0.029411764705882353
0 0.9207516339869282 0.020833333333333332 0.05392156862745098 0.0392156862745098
0 0.9820261437908497 0.009191176470588236 0.026143790849673203 0.015931372549019607
0 0.9673202614379085 0.022058823529411763 0.032679738562091505 0.0196078431372549
0 0.9509803921568628 0.03370098039215686 0.026143790849673203 0.030637254901960783
0 0.977124183006536 0.041666666666666664 0.029411764705882353 0.031862745098039214
0 0.9648692810457516 0.056372549019607844 0.03431372549019608 0.0196078431372549
0 0.9844771241830066 0.07169117647058823 0.03104575163398693 0.023284313725490197
0 0.9223856209150327 0.051470588235294115 0.02777777777777778 0.031862745098039214
0 0.8676470588235294 0.04779411764705882 0.05228758169934641 0.044117647058823525
0 0.8725490196078431 0.07965686274509803 0.032679738562091505 0.022058823529411763
0 0.8562091503267975 0.09558823529411764 0.029411764705882353 0.029411764705882353
0 0.8978758169934641 0.10355392156862744 0.024509803921568627 0.023284313725490197
0 0.9076797385620915 0.08149509803921569 0.021241830065359478 0.025735294117647058
0 0.9370915032679739 0.08700980392156862 0.03431372549019608 0.04656862745098039
0 0.9191176470588236 0.10232843137254902 0.024509803921568627 0.028186274509803922
0 0.9656862745098039 0.0778186274509804 0.022875816993464054 0.023284313725490197
0 0.9861111111111112 0.10661764705882353 0.02777777777777778 0.044117647058823525
0 0.9411764705882353 0.11948529411764705 0.026143790849673203 0.023284313725490197
0 0.9705882352941176 0.12254901960784313 0.032679738562091505 0.014705882352941176
0 0.9705882352941176 0.13786764705882354 0.0392156862745098 0.01838235294117647
0 0.9330065359477124 0.15870098039215685 0.032679738562091505 0.03553921568627451
0 0.9779411764705883 0.1685049019607843 0.04411764705882353 0.05514705882352941
0 0.9901960784313726 0.22426470588235295 0.0196078431372549 0.051470588235294115
0 0.9803921568627452 0.2506127450980392 0.026143790849673203 0.01838235294117647
