0 0.9816176470588235 0.05392156862745098 0.029411764705882353 0.06535947712418301
0 0.9644607843137255 0.02369281045751634 0.0196078431372549 0.04411764705882353
0 0.9105392156862745 0.00980392156862745 0.014705882352941176 0.016339869281045753
0 0.9338235294117647 0.029411764705882353 0.014705882352941176 0.032679738562091505
0 0.9473039215686274 0.03104575163398693 0.014705882352941176 0.026143790849673203
0 0.9466911764705882 0.05473856209150327 0.023284313725490197 0.021241830065359478
0 0.9215686274509803 0.05555555555555556 0.01715686274509804 0.0392156862745098
0 0.9093137254901961 0.08088235294117647 0.014705882352941176 0.03104575163398693
0 0.9111519607843137 0.11029411764705882 0.01838235294117647 0.04084967320261438
0 0.9307598039215687 0.07516339869281045 0.013480392156862746 0.029411764705882353
0 0.9583333333333334 0.0727124183006536 0.022058823529411763 0.03431372549019608
0 0.9454656862745098 0.08333333333333334 0.015931372549019607 0.032679738562091505
0 0.9368872549019608 0.10620915032679738 0.01838235294117647 0.03594771241830066
0 0.9571078431372549 0.11601307189542484 0.024509803921568627 0.049019607843137254
0 0.9626225490196079 0.15114379084967322 0.01838235294117647 0.04411764705882353
0 0.9712009803921569 0.18790849673202614 0.020833333333333332 0.049019607843137254
0 0.9448529411764706 0.1707516339869281 0.0196078431372549 0.024509803921568627
0 0.9270833333333334 0.1911764705882353 0.01838235294117647 0.0392156862745098
0 0.9387254901960784 0.1985294117647059 0.01715686274509804 0.03758169934640523
0 0.9632352941176471 0.2377450980392157 0.031862745098039214 0.07352941176470588
0 0.9932598039215687 0.22630718954248366 0.013480392156862746 0.05065359477124183
0 0.985906862745098 0.25980392156862747 0.015931372549019607 0.029411764705882353
0 0.9920343137254902 0.2826797385620915 0.015931372549019607 0.042483660130718956
0 0.9258578431372549 0.23284313725490197 0.015931372549019607 0.03758169934640523
0 0.9393382352941176 0.2361111111111111 0.020833333333333332 0.03431372549019608
0 0.9368872549019608 0.2638888888888889 0.028186274509803922 0.03431372549019608
0 0.9393382352941176 0.28758169934640526 0.020833333333333332 0.03594771241830066
0 0.9675245098039216 0.2900326797385621 0.030637254901960783 0.04411764705882353
0 0.9767156862745098 0.3161764705882353 0.0196078431372549 0.03758169934640523
0 0.9895833333333334 0.3194444444444445 0.013480392156862746 0.03431372549019608
0 0.8033088235294118 0.2777777777777778 0.023284313725490197 0.0392156862745098
0 0.9117647058823529 0.30637254901960786 0.01715686274509804 0.04411764705882353
0 0.9258578431372549 0.3178104575163399 0.01838235294117647 0.04411764705882353
0 0.9381127450980392 0.3292483660130719 0.01838235294117647 0.04084967320261438
0 0.9497549019607843 0.3243464052287582 0.012254901960784314 0.03104575163398693
0 0.960171568627451 0.33169934640522875 0.015931372549019607 0.03594771241830066
0 0.9736519607843137 0.35294117647058826 0.025735294117647058 0.0392156862745098
0 0.9803921568627451 0.3823529411764706 0.0392156862745098 0.058823529411764705
0 0.9920343137254902 0.40032679738562094 0.013480392156862746 0.029411764705882353
0 0.9068627450980392 0.3480392156862745 0.01715686274509804 0.042483660130718956
0 0.9227941176470588 0.369281045751634 0.029411764705882353 0.06209150326797386
0 0.9454656862745098 0.3611111111111111 0.01838235294117647 0.042483660130718956
0 0.9332107843137255 0.40032679738562094 0.020833333333333332 0.042483660130718956
0 0.9454656862745098 0.3978758169934641 0.015931372549019607 0.02777777777777778
0 0.9528186274509803 0.42320261437908496 0.01838235294117647 0.042483660130718956
0 0.9644607843137255 0.434640522875817 0.0196078431372549 0.05228758169934641
0 0.8958333333333334 0.40604575163398693 0.031862745098039214 0.04738562091503268
0 0.9074754901960784 0.4158496732026144 0.01838235294117647 0.04084967320261438
0 0.9227941176470588 0.4387254901960784 0.031862745098039214 0.03758169934640523
0 0.8670343137254902 0.4256535947712418 0.015931372549019607 0.03431372549019608
0 0.8890931372549019 0.44689542483660133 0.030637254901960783 0.03758169934640523
0 0.9044117647058824 0.45915032679738566 0.01715686274509804 0.0392156862745098
0 0.9203431372549019 0.46568627450980393 0.0196078431372549 0.03594771241830066
0 0.8841911764705882 0.488562091503268 0.028186274509803922 0.049019607843137254
0 0.9080882352941176 0.5081699346405228 0.031862745098039214 0.06209150326797386
0 0.9497549019607843 0.47875816993464054 0.014705882352941176 0.0392156862745098
0 0.9681372549019608 0.4877450980392157 0.024509803921568627 0.03758169934640523
0 0.9840686274509803 0.5179738562091504 0.022058823529411763 0.05228758169934641
0 0.9589460784313726 0.5245098039215687 0.015931372549019607 0.03594771241830066
0 0.9712009803921569 0.5465686274509804 0.020833333333333332 0.04738562091503268
0 0.9313725490196079 0.5383986928104575 0.024509803921568627 0.06699346405228758
0 0.8799019607843137 0.5277777777777778 0.02696078431372549 0.0392156862745098
0 0.8872549019607843 0.5514705882352942 0.0196078431372549 0.04738562091503268
0 0.9080882352941176 0.5702614379084967 0.031862745098039214 0.07516339869281045
0 0.883578431372549 0.5898692810457516 0.01715686274509804 0.029411764705882353
0 0.9301470588235294 0.5996732026143791 0.029411764705882353 0.06535947712418301
0 0.9528186274509803 0.5727124183006536 0.020833333333333332 0.05065359477124183
0 0.9632352941176471 0.5923202614379085 0.01715686274509804 0.024509803921568627
0 0.9846813725490196 0.559640522875817 0.015931372549019607 0.03104575163398693
0 0.977328431372549 0.6029411764705882 0.023284313725490197 0.049019607843137254
0 0.9852941176470588 0.6241830065359477 0.014705882352941176 0.022875816993464054
0 0.9050245098039216 0.625 0.023284313725490197 0.04738562091503268
0 0.9430147058823529 0.625 0.013480392156862746 0.04084967320261438
0 0.9540441176470588 0.6274509803921569 0.015931372549019607 0.0392156862745098
0 0.9638480392156863 0.6429738562091504 0.013480392156862746 0.03104575163398693
0 0.9822303921568627 0.6642156862745098 0.023284313725490197 0.05065359477124183
0 0.9154411764705882 0.6511437908496732 0.022058823529411763 0.02777777777777778
0 0.9197303921568627 0.6691176470588236 0.023284313725490197 0.02777777777777778
0 0.9019607843137255 0.684640522875817 0.014705882352941176 0.03594771241830066
0 0.954656862745098 0.6813725490196079 0.014705882352941176 0.032679738562091505
0 0.9816176470588235 0.7034313725490197 0.01715686274509804 0.03758169934640523
0 0.9424019607843137 0.698529411764706 0.0196078431372549 0.04411764705882353
0 0.9571078431372549 0.7140522875816994 0.014705882352941176 0.03594771241830066
0 0.9669117647058824 0.7214052287581699 0.01715686274509804 0.03431372549019608
0 0.9754901960784313 0.7393790849673203 0.0196078431372549 0.02777777777777778
0 0.9160539215686274 0.698529411764706 0.023284313725490197 0.03758169934640523
0 0.9007352941176471 0.7197712418300654 0.014705882352941176 0.03431372549019608
0 0.9154411764705882 0.7450980392156863 0.0196078431372549 0.04575163398692811
0 0.9025735294117647 0.7598039215686275 0.015931372549019607 0.03594771241830066
0 0.9252450980392156 0.7933006535947713 0.02696078431372549 0.06372549019607843
0 0.9430147058823529 0.738562091503268 0.01838235294117647 0.032679738562091505
0 0.9607843137254902 0.7622549019607844 0.014705882352941176 0.03431372549019608
0 0.9908088235294118 0.7401960784313726 0.01838235294117647 0.03594771241830066
0 0.9442401960784313 0.7802287581699346 0.023284313725490197 0.057189542483660136
0 0.9522058823529411 0.8071895424836601 0.0196078431372549 0.04575163398692811
0 0.9730392156862745 0.798202614379085 0.0196078431372549 0.03758169934640523
0 0.9920343137254902 0.798202614379085 0.015931372549019607 0.04411764705882353
0 0.9712009803921569 0.8406862745098039 0.028186274509803922 0.05392156862745098
0 0.9540441176470588 0.8366013071895425 0.01838235294117647 0.032679738562091505
0 0.9227941176470588 0.8390522875816994 0.0196078431372549 0.03758169934640523
0 0.9338235294117647 0.8423202614379085 0.012254901960784314 0.03104575163398693
0 0.9050245098039216 0.8390522875816994 0.013480392156862746 0.03104575163398693
0 0.8927696078431372 0.8627450980392157 0.015931372549019607 0.042483660130718956
0 0.9050245098039216 0.8709150326797386 0.01838235294117647 0.032679738562091505
0 0.9080882352941176 0.8897058823529412 0.031862745098039214 0.057189542483660136
0 0.9319852941176471 0.8913398692810458 0.028186274509803922 0.07026143790849673
0 0.9540441176470588 0.8684640522875817 0.01838235294117647 0.03758169934640523
0 0.9577205882352942 0.9215686274509804 0.025735294117647058 0.06535947712418301
0 0.9797794117647058 0.8839869281045752 0.030637254901960783 0.0784313725490196
0 0.9852941176470588 0.9395424836601307 0.014705882352941176 0.026143790849673203
0 0.9938725490196079 0.9517973856209151 0.012254901960784314 0.03431372549019608
0 0.9822303921568627 0.9803921568627452 0.01838235294117647 0.0392156862745098
0 0.9932598039215687 0.9861111111111112 0.013480392156862746 0.02777777777777778
0 0.9693627450980392 0.9844771241830066 0.01715686274509804 0.03104575163398693
0 0.9626225490196079 0.9763071895424837 0.020833333333333332 0.04738562091503268
0 0.9362745098039216 0.9477124183006537 0.014705882352941176 0.029411764705882353
0 0.9044117647058824 0.9330065359477124 0.03431372549019608 0.032679738562091505
0 0.8725490196078431 0.9150326797385622 0.0196078431372549 0.049019607843137254
0 0.8768382352941176 0.9616013071895425 0.023284313725490197 0.05392156862745098
0 0.8952205882352942 0.9697712418300654 0.020833333333333332 0.03431372549019608
0 0.9074754901960784 0.9665032679738562 0.011029411764705881 0.03758169934640523
0 0.9197303921568627 0.9558823529411765 0.015931372549019607 0.04575163398692811
0 0.9209558823529411 0.9836601307189543 0.01838235294117647 0.026143790849673203
0 0.9454656862745098 0.9665032679738562 0.013480392156862746 0.02777777777777778
0 0.9387254901960784 0.9877450980392157 0.014705882352941176 0.024509803921568627
0 0.8621323529411764 0.9844771241830066 0.015931372549019607 0.03104575163398693
0 0.8811274509803921 0.9893790849673203 0.01715686274509804 0.021241830065359478
