0 0.47610294117647056 0.7957516339869282 0.025735294117647058 0.026143790849673203
0 0.45526960784313725 0.8047385620915033 0.025735294117647058 0.02777777777777778
0 0.5208333333333334 0.8047385620915033 0.049019607843137254 0.04084967320261438
0 0.4963235294117647 0.8251633986928105 0.031862745098039214 0.029411764705882353
0 0.5533088235294118 0.7892156862745098 0.025735294117647058 0.022875816993464054
0 0.5655637254901961 0.8169934640522876 0.03799019607843137 0.029411764705882353
0 0.5919117647058824 0.7908496732026145 0.044117647058823525 0.029411764705882353
0 0.6292892156862745 0.8031045751633987 0.03799019607843137 0.03758169934640523
0 0.5919117647058824 0.8202614379084967 0.024509803921568627 0.026143790849673203
0 0.6219362745098039 0.8349673202614379 0.0428921568627451 0.03594771241830066
0 0.5912990196078431 0.8529411764705883 0.025735294117647058 0.026143790849673203
0 0.5582107843137255 0.8545751633986929 0.04044117647058824 0.0392156862745098
0 0.5281862745098039 0.8488562091503268 0.0196078431372549 0.03431372549019608
0 0.5232843137254902 0.880718954248366 0.0392156862745098 0.032679738562091505
0 0.5759803921568627 0.8733660130718954 0.031862745098039214 0.021241830065359478
0 0.6115196078431372 0.8700980392156863 0.0392156862745098 0.03104575163398693
0 0.5845588235294118 0.8962418300653595 0.041666666666666664 0.02777777777777778
0 0.5925245098039216 0.9191176470588236 0.0428921568627451 0.03431372549019608
0 0.6280637254901961 0.8954248366013072 0.028186274509803922 0.026143790849673203
0 0.65625 0.8602941176470589 0.05759803921568627 0.04738562091503268
0 0.6617647058823529 0.7867647058823529 0.024509803921568627 0.03431372549019608
0 0.6911764705882353 0.7810457516339869 0.029411764705882353 0.029411764705882353
0 0.7230392156862745 0.8104575163398693 0.044117647058823525 0.04575163398692811
0 0.6850490196078431 0.8194444444444444 0.05392156862745098 0.04738562091503268
0 0.6893382352941176 0.8790849673202614 0.03799019607843137 0.04575163398692811
0 0.6537990196078431 0.9117647058823529 0.03553921568627451 0.03594771241830066
0 0.7089460784313726 0.9011437908496732 0.04044117647058824 0.02777777777777778
0 0.7212009803921569 0.8709150326797386 0.023284313725490197 0.032679738562091505
0 0.7591911764705882 0.8676470588235294 0.06004901960784314 0.049019607843137254
0 0.7591911764705882 0.8308823529411765 0.03308823529411765 0.02777777777777778
0 0.7818627450980392 0.8423202614379085 0.029411764705882353 0.03104575163398693
0 0.7855392156862745 0.8104575163398693 0.03676470588235294 0.03594771241830066
0 0.8204656862745098 0.8120915032679739 0.03553921568627451 0.058823529411764705
0 0.8590686274509803 0.8276143790849674 0.051470588235294115 0.05392156862745098
0 0.892156862745098 0.8251633986928105 0.029411764705882353 0.026143790849673203
0 0.9178921568627451 0.8504901960784313 0.03431372549019608 0.06699346405228758
0 0.9595588235294118 0.8357843137254902 0.029411764705882353 0.024509803921568627
0 0.7506127450980392 0.9027777777777778 0.04044117647058824 0.03104575163398693
0 0.7395833333333334 0.9215686274509804 0.028186274509803922 0.026143790849673203
0 0.7579656862745098 0.9428104575163399 0.028186274509803922 0.049019607843137254
0 0.7285539215686274 0.9379084967320261 0.028186274509803922 0.026143790849673203
0 0.7003676470588235 0.9281045751633987 0.023284313725490197 0.026143790849673203
0 0.6807598039215687 0.9419934640522876 0.0428921568627451 0.03104575163398693
0 0.7138480392156863 0.9591503267973857 0.03799019607843137 0.029411764705882353
0 0.8805147058823529 0.8815359477124183 0.05759803921568627 0.05065359477124183
0 0.821078431372549 0.8643790849673203 0.061274509803921566 0.05228758169934641
0 0.7977941176470588 0.8897058823529412 0.024509803921568627 0.021241830065359478
0 0.8075980392156863 0.9248366013071896 0.05392156862745098 0.04575163398692811
0 0.6507352941176471 0.9566993464052288 0.03676470588235294 0.04084967320261438
0 0.6795343137254902 0.9779411764705883 0.025735294117647058 0.03431372549019608
0 0.7028186274509803 0.9836601307189543 0.020833333333333332 0.026143790849673203
0 0.7261029411764706 0.9910130718954249 0.023284313725490197 0.01797385620915033
0 0.741421568627451 0.9763071895424837 0.01715686274509804 0.03758169934640523
0 0.7573529411764706 0.988562091503268 0.0196078431372549 0.022875816993464054
0 0.7849264705882353 0.9632352941176471 0.023284313725490197 0.01797385620915033
0 0.8112745098039216 0.9648692810457516 0.029411764705882353 0.03104575163398693
0 0.7886029411764706 0.9844771241830066 0.03308823529411765 0.024509803921568627
0 0.8106617647058824 0.9918300653594772 0.03308823529411765 0.016339869281045753
0 0.8480392156862745 0.9468954248366014 0.03431372549019608 0.024509803921568627
0 0.8394607843137255 0.9133986928104575 0.01715686274509804 0.026143790849673203
0 0.8529411764705882 0.9191176470588236 0.0196078431372549 0.01797385620915033
0 0.8480392156862745 0.9730392156862745 0.02696078431372549 0.02777777777777778
0 0.8161764705882353 0.8995098039215687 0.031862745098039214 0.01797385620915033
0 0.8890931372549019 0.9264705882352942 0.05514705882352941 0.04575163398692811
0 0.9276960784313726 0.9305555555555556 0.022058823529411763 0.02777777777777778
0 0.9644607843137255 0.8733660130718954 0.05392156862745098 0.04738562091503268
0 0.9822303921568627 0.9093137254901961 0.03553921568627451 0.04411764705882353
0 0.9332107843137255 0.8978758169934641 0.020833333333333332 0.01797385620915033
0 0.9540441176470588 0.9166666666666667 0.03553921568627451 0.03594771241830066
0 0.977328431372549 0.9566993464052288 0.04534313725490196 0.05065359477124183
0 0.9185049019607843 0.9656862745098039 0.05269607843137255 0.042483660130718956
0 0.8811274509803921 0.9681372549019608 0.02696078431372549 0.03431372549019608
0 0.9589460784313726 0.9869281045751634 0.025735294117647058 0.026143790849673203
0 0.9025735294117647 0.9893790849673203 0.01838235294117647 0.021241830065359478
