0 0.04105392156862745 0.4338235294117647 0.023284313725490197 0.04738562091503268
0 0.29963235294117646 0.34558823529411764 0.03799019607843137 0.06045751633986928
0 0.34068627450980393 0.31209150326797386 0.044117647058823525 0.042483660130718956
0 0.3639705882352941 0.3300653594771242 0.044117647058823525 0.0392156862745098
0 0.3872549019607843 0.35375816993464054 0.03676470588235294 0.03758169934640523
0 0.3284313725490196 0.34068627450980393 0.02696078431372549 0.03104575163398693
0 0.3492647058823529 0.3570261437908497 0.0392156862745098 0.024509803921568627
0 0.35110294117647056 0.3839869281045752 0.04044117647058824 0.0392156862745098
0 0.3131127450980392 0.38643790849673204 0.025735294117647058 0.01797385620915033
0 0.3939950980392157 0.37990196078431376 0.023284313725490197 0.021241830065359478
0 0.4074754901960784 0.36764705882352944 0.025735294117647058 0.0196078431372549
0 0.4227941176470588 0.33251633986928103 0.03431372549019608 0.05065359477124183
0 0.45526960784313725 0.3562091503267974 0.023284313725490197 0.026143790849673203
0 0.4497549019607843 0.3227124183006536 0.022058823529411763 0.04084967320261438
0 0.4944852941176471 0.303921568627451 0.023284313725490197 0.05228758169934641
0 0.5128676470588235 0.3186274509803922 0.01838235294117647 0.032679738562091505
0 0.5104166666666666 0.43137254901960786 0.025735294117647058 0.049019607843137254
0 0.548406862745098 0.41013071895424835 0.03553921568627451 0.029411764705882353
0 0.7843137254901961 0.34558823529411764 0.029411764705882353 0.04738562091503268
0 0.7928921568627451 0.32516339869281047 0.02696078431372549 0.026143790849673203
0 0.7977941176470588 0.22875816993464054 0.024509803921568627 0.0392156862745098
0 0.772671568627451 0.25245098039215685 0.03553921568627451 0.03104575163398693
0 0.772671568627451 0.28022875816993464 0.030637254901960783 0.04738562091503268
0 0.7493872549019608 0.3145424836601307 0.01838235294117647 0.04738562091503268
0 0.7328431372549019 0.31209150326797386 0.022058823529411763 0.0196078431372549
0 0.7316176470588235 0.3382352941176471 0.03431372549019608 0.032679738562091505
0 0.7291666666666666 0.36764705882352944 0.0392156862745098 0.03594771241830066
0 0.7113970588235294 0.38643790849673204 0.030637254901960783 0.03431372549019608
0 0.7058823529411764 0.34395424836601307 0.029411764705882353 0.021241830065359478
0 0.7107843137254902 0.3088235294117647 0.0392156862745098 0.049019607843137254
0 0.6801470588235294 0.2965686274509804 0.029411764705882353 0.06372549019607843
0 0.6868872549019608 0.34068627450980393 0.015931372549019607 0.03758169934640523
0 0.6979166666666666 0.3619281045751634 0.020833333333333332 0.01797385620915033
0 0.678921568627451 0.3839869281045752 0.03676470588235294 0.032679738562091505
0 0.6979166666666666 0.4084967320261438 0.020833333333333332 0.0196078431372549
0 0.6783088235294118 0.40604575163398693 0.023284313725490197 0.021241830065359478
0 0.7622549019607843 0.4852941176470588 0.024509803921568627 0.026143790849673203
0 0.5992647058823529 0.33905228758169936 0.03676470588235294 0.05065359477124183
0 0.5716911764705882 0.35375816993464054 0.020833333333333332 0.02777777777777778
0 0.5821078431372549 0.4019607843137255 0.03431372549019608 0.029411764705882353
0 0.5888480392156863 0.428921568627451 0.03799019607843137 0.03431372549019608
0 0.5857843137254902 0.45016339869281047 0.024509803921568627 0.021241830065359478
0 0.6151960784313726 0.4477124183006536 0.0196078431372549 0.026143790849673203
0 0.65625 0.4428104575163399 0.030637254901960783 0.026143790849673203
0 0.6452205882352942 0.4027777777777778 0.025735294117647058 0.04411764705882353
0 0.6292892156862745 0.37663398692810457 0.025735294117647058 0.03104575163398693
0 0.6053921568627451 0.38153594771241833 0.024509803921568627 0.03758169934640523
0 0.9834558823529411 0.2712418300653595 0.03308823529411765 0.05228758169934641
0 0.9583333333333334 0.30637254901960786 0.041666666666666664 0.04411764705882353
0 0.9803921568627451 0.32189542483660133 0.012254901960784314 0.026143790849673203
0 0.9908088235294118 0.2450980392156863 0.01838235294117647 0.032679738562091505
0 0.9822303921568627 0.6102941176470589 0.03553921568627451 0.03104575163398693
0 0.9785539215686274 0.630718954248366 0.028186274509803922 0.0196078431372549
0 0.977328431372549 0.667483660130719 0.04534313725490196 0.03758169934640523
0 0.9485294117647058 0.6380718954248367 0.044117647058823525 0.03758169934640523
0 0.991421568627451 0.6919934640522876 0.01715686274509804 0.02777777777777778
0 0.9718137254901961 0.7050653594771242 0.029411764705882353 0.04084967320261438
0 0.9883578431372549 0.7222222222222222 0.01838235294117647 0.03594771241830066
0 0.9724264705882353 0.7647058823529412 0.023284313725490197 0.03594771241830066
0 0.9889705882352942 0.7933006535947713 0.022058823529411763 0.04411764705882353
0 0.9424019607843137 0.8316993464052288 0.031862745098039214 0.029411764705882353
0 0.9509803921568627 0.815359477124183 0.024509803921568627 0.022875816993464054
0 0.9387254901960784 0.7892156862745098 0.044117647058823525 0.03594771241830066
0 0.9473039215686274 0.7230392156862745 0.0392156862745098 0.04411764705882353
0 0.9325980392156863 0.6723856209150327 0.044117647058823525 0.03758169934640523
0 0.9031862745098039 0.6446078431372549 0.049019607843137254 0.04411764705882353
0 0.8988970588235294 0.6797385620915033 0.023284313725490197 0.032679738562091505
0 0.9215686274509803 0.6952614379084967 0.031862745098039214 0.03104575163398693
0 0.9056372549019608 0.7107843137254902 0.029411764705882353 0.04575163398692811
0 0.9013480392156863 0.7491830065359477 0.03799019607843137 0.03758169934640523
0 0.9313725490196079 0.7467320261437909 0.03431372549019608 0.03594771241830066
0 0.8860294117647058 0.7026143790849674 0.014705882352941176 0.026143790849673203
0 0.8731617647058824 0.7279411764705882 0.04534313725490196 0.04084967320261438
0 0.8872549019607843 0.7957516339869282 0.044117647058823525 0.049019607843137254
0 0.9099264705882353 0.792483660130719 0.01838235294117647 0.026143790849673203
0 0.8694852941176471 0.6454248366013072 0.028186274509803922 0.026143790849673203
0 0.8535539215686274 0.6781045751633987 0.03553921568627451 0.029411764705882353
0 0.8167892156862745 0.638888888888889 0.01838235294117647 0.029411764705882353
0 0.8229166666666666 0.6658496732026143 0.028186274509803922 0.02777777777777778
0 0.8382352941176471 0.6511437908496732 0.024509803921568627 0.03431372549019608
0 0.8492647058823529 0.7075163398692811 0.029411764705882353 0.029411764705882353
0 0.8455882352941176 0.7598039215686275 0.02696078431372549 0.05228758169934641
0 0.8198529411764706 0.7834967320261438 0.04656862745098039 0.04738562091503268
0 0.8314950980392157 0.7254901960784313 0.028186274509803922 0.026143790849673203
0 0.8223039215686274 0.7026143790849674 0.022058823529411763 0.032679738562091505
0 0.7947303921568627 0.6756535947712419 0.030637254901960783 0.03104575163398693
0 0.7977941176470588 0.6503267973856209 0.024509803921568627 0.026143790849673203
0 0.7990196078431372 0.6200980392156863 0.0196078431372549 0.03104575163398693
0 0.7745098039215687 0.6200980392156863 0.02696078431372549 0.03104575163398693
0 0.767156862745098 0.6405228758169935 0.022058823529411763 0.022875816993464054
0 0.772671568627451 0.6560457516339869 0.03553921568627451 0.024509803921568627
0 0.7683823529411764 0.6928104575163399 0.0392156862745098 0.032679738562091505
0 0.7977941176470588 0.7026143790849674 0.029411764705882353 0.026143790849673203
0 0.8069852941176471 0.7279411764705882 0.020833333333333332 0.021241830065359478
0 0.8020833333333334 0.7565359477124183 0.03553921568627451 0.0392156862745098
0 0.7996323529411764 0.7990196078431373 0.023284313725490197 0.022875816993464054
0 0.8235294117647058 0.8120915032679739 0.0196078431372549 0.022875816993464054
0 0.7708333333333334 0.7189542483660131 0.022058823529411763 0.0196078431372549
0 0.7781862745098039 0.7418300653594772 0.0392156862745098 0.03594771241830066
0 0.7738970588235294 0.7826797385620915 0.04044117647058824 0.029411764705882353
0 0.7426470588235294 0.75 0.03431372549019608 0.04575163398692811
0 0.7340686274509803 0.7050653594771242 0.03676470588235294 0.03431372549019608
0 0.7383578431372549 0.6723856209150327 0.03799019607843137 0.03104575163398693
0 0.7322303921568627 0.6315359477124183 0.028186274509803922 0.024509803921568627
0 0.7536764705882353 0.6266339869281046 0.014705882352941176 0.03104575163398693
0 0.7420343137254902 0.6462418300653595 0.023284313725490197 0.01797385620915033
0 0.71875 0.6544117647058824 0.030637254901960783 0.024509803921568627
0 0.710171568627451 0.6813725490196079 0.01838235294117647 0.029411764705882353
0 0.6979166666666666 0.7214052287581699 0.030637254901960783 0.024509803921568627
0 0.7212009803921569 0.7336601307189543 0.030637254901960783 0.029411764705882353
0 0.7132352941176471 0.7818627450980392 0.04656862745098039 0.03758169934640523
0 0.6764705882352942 0.7720588235294118 0.029411764705882353 0.03758169934640523
0 0.6893382352941176 0.744281045751634 0.03553921568627451 0.03431372549019608
0 0.6672794117647058 0.732843137254902 0.03308823529411765 0.03758169934640523
0 0.6862745098039216 0.6911764705882353 0.02696078431372549 0.0392156862745098
0 0.6862745098039216 0.6331699346405228 0.044117647058823525 0.03758169934640523
0 0.6268382352941176 0.6429738562091504 0.028186274509803922 0.024509803921568627
0 0.6593137254901961 0.7058823529411765 0.02696078431372549 0.029411764705882353
0 0.6446078431372549 0.7630718954248367 0.041666666666666664 0.0392156862745098
0 0.6341911764705882 0.7001633986928105 0.025735294117647058 0.024509803921568627
0 0.6256127450980392 0.7181372549019608 0.01838235294117647 0.024509803921568627
0 0.6115196078431372 0.7001633986928105 0.024509803921568627 0.01797385620915033
0 0.59375 0.7361111111111112 0.023284313725490197 0.024509803921568627
0 0.6145833333333334 0.7483660130718954 0.028186274509803922 0.026143790849673203
0 0.5753676470588235 0.7205882352941176 0.01838235294117647 0.022875816993464054
0 0.5778186274509803 0.6911764705882353 0.025735294117647058 0.029411764705882353
0 0.5906862745098039 0.7026143790849674 0.0196078431372549 0.032679738562091505
0 0.5686274509803921 0.6625816993464052 0.029411764705882353 0.02777777777777778
0 0.5257352941176471 0.6552287581699346 0.051470588235294115 0.042483660130718956
0 0.5386029411764706 0.6936274509803921 0.020833333333333332 0.02777777777777778
0 0.5551470588235294 0.7140522875816994 0.0196078431372549 0.0196078431372549
0 0.53125 0.7173202614379085 0.030637254901960783 0.0392156862745098
0 0.5177696078431373 0.7377450980392157 0.020833333333333332 0.02777777777777778
0 0.5073529411764706 0.6936274509803921 0.012254901960784314 0.01797385620915033
0 0.517156862745098 0.678921568627451 0.02696078431372549 0.024509803921568627
0 0.49080882352941174 0.6584967320261438 0.023284313725490197 0.0196078431372549
0 0.4926470588235294 0.6781045751633987 0.022058823529411763 0.022875816993464054
0 0.4889705882352941 0.7066993464052288 0.029411764705882353 0.02777777777777778
0 0.5018382352941176 0.7263071895424836 0.03308823529411765 0.02777777777777778
0 0.4987745098039216 0.7508169934640523 0.01715686274509804 0.01797385620915033
0 0.4797794117647059 0.7589869281045751 0.023284313725490197 0.021241830065359478
0 0.4534313725490196 0.7753267973856209 0.029411764705882353 0.03104575163398693
0 0.47487745098039214 0.7336601307189543 0.025735294117647058 0.03594771241830066
0 0.46017156862745096 0.7148692810457516 0.03308823529411765 0.024509803921568627
0 0.45159313725490197 0.6658496732026143 0.030637254901960783 0.02777777777777778
0 0.4571078431372549 0.6928104575163399 0.02696078431372549 0.029411764705882353
0 0.4154411764705882 0.6683006535947713 0.041666666666666664 0.0392156862745098
0 0.4105392156862745 0.6936274509803921 0.0196078431372549 0.021241830065359478
0 0.4154411764705882 0.7238562091503268 0.029411764705882353 0.0392156862745098
0 0.4387254901960784 0.7426470588235294 0.022058823529411763 0.03431372549019608
0 0.39644607843137253 0.7467320261437909 0.0428921568627451 0.032679738562091505
0 0.3946078431372549 0.7050653594771242 0.022058823529411763 0.021241830065359478
0 0.3707107843137255 0.6936274509803921 0.01838235294117647 0.021241830065359478
0 0.3805147058823529 0.6650326797385621 0.028186274509803922 0.026143790849673203
0 0.3952205882352941 0.7214052287581699 0.015931372549019607 0.021241830065359478
0 0.37254901960784315 0.7181372549019608 0.029411764705882353 0.03104575163398693
0 0.3547794117647059 0.6666666666666667 0.03308823529411765 0.026143790849673203
0 0.33517156862745096 0.6756535947712419 0.030637254901960783 0.02777777777777778
0 0.3449754901960784 0.6952614379084967 0.030637254901960783 0.02777777777777778
0 0.33088235294117646 0.7165032679738562 0.031862745098039214 0.03104575163398693
0 0.3529411764705882 0.7483660130718954 0.022058823529411763 0.03594771241830066
0 0.3125 0.8276143790849674 0.03676470588235294 0.05065359477124183
0 0.45465686274509803 0.8815359477124183 0.022058823529411763 0.02777777777777778
0 0.3909313725490196 0.8063725490196079 0.01715686274509804 0.02777777777777778
0 0.34129901960784315 0.7696078431372549 0.020833333333333332 0.03594771241830066
0 0.3247549019607843 0.755718954248366 0.0196078431372549 0.03104575163398693
0 0.30943627450980393 0.7467320261437909 0.01838235294117647 0.029411764705882353
0 0.3008578431372549 0.7148692810457516 0.03308823529411765 0.03104575163398693
0 0.30392156862745096 0.684640522875817 0.031862745098039214 0.042483660130718956
0 0.2757352941176471 0.6895424836601307 0.031862745098039214 0.029411764705882353
0 0.25980392156862747 0.7034313725490197 0.014705882352941176 0.024509803921568627
0 0.27267156862745096 0.7238562091503268 0.025735294117647058 0.026143790849673203
0 0.25612745098039214 0.7459150326797386 0.03431372549019608 0.02777777777777778
0 0.28799019607843135 0.7532679738562091 0.022058823529411763 0.022875816993464054
0 0.27205882352941174 0.7745098039215687 0.022058823529411763 0.026143790849673203
0 0.2469362745098039 0.7246732026143791 0.030637254901960783 0.024509803921568627
0 0.2463235294117647 0.6764705882352942 0.022058823529411763 0.0392156862745098
0 0.22365196078431374 0.684640522875817 0.028186274509803922 0.022875816993464054
0 0.23529411764705882 0.7050653594771242 0.031862745098039214 0.02777777777777778
0 0.22916666666666666 0.7344771241830066 0.024509803921568627 0.03104575163398693
0 0.19056372549019607 0.7050653594771242 0.025735294117647058 0.01797385620915033
0 0.2034313725490196 0.7205882352941176 0.022058823529411763 0.022875816993464054
0 0.17524509803921567 0.7287581699346406 0.03431372549019608 0.032679738562091505
0 0.15196078431372548 0.744281045751634 0.029411764705882353 0.024509803921568627
0 0.14154411764705882 0.6887254901960784 0.028186274509803922 0.03758169934640523
0 0.11948529411764705 0.690359477124183 0.020833333333333332 0.021241830065359478
0 0.09987745098039215 0.7001633986928105 0.023284313725490197 0.024509803921568627
0 0.0821078431372549 0.7156862745098039 0.024509803921568627 0.022875816993464054
0 0.09620098039215687 0.7295751633986929 0.020833333333333332 0.02777777777777778
0 0.1256127450980392 0.7181372549019608 0.04534313725490196 0.03758169934640523
0 0.12377450980392157 0.7426470588235294 0.022058823529411763 0.021241830065359478
0 0.06556372549019608 0.7295751633986929 0.025735294117647058 0.03104575163398693
0 0.03860294117647059 0.7361111111111112 0.025735294117647058 0.03104575163398693
0 0.022058823529411763 0.6977124183006537 0.024509803921568627 0.032679738562091505
0 0.7910539215686274 0.8194444444444444 0.020833333333333332 0.024509803921568627
