0 0.03676470588235294 0.35375816993464054 0.031862745098039214 0.03431372549019608
0 0.07107843137254902 0.34068627450980393 0.051470588235294115 0.04738562091503268
0 0.037377450980392156 0.39542483660130723 0.05514705882352941 0.05228758169934641
0 0.10784313725490197 0.3709150326797386 0.051470588235294115 0.04575163398692811
0 0.11029411764705882 0.3366013071895425 0.03676470588235294 0.029411764705882353
0 0.1256127450980392 0.315359477124183 0.025735294117647058 0.026143790849673203
0 0.1715686274509804 0.3178104575163399 0.03676470588235294 0.03431372549019608
0 0.16237745098039216 0.352124183006536 0.05024509803921569 0.05065359477124183
0 0.2113970588235294 0.33088235294117646 0.04534313725490196 0.03431372549019608
0 0.15318627450980393 0.41339869281045755 0.056372549019607844 0.05228758169934641
0 0.07230392156862744 0.4526143790849673 0.02696078431372549 0.05228758169934641
0 0.0625 0.5065359477124183 0.049019607843137254 0.05228758169934641
0 0.09987745098039215 0.46486928104575165 0.03799019607843137 0.05392156862745098
0 0.012254901960784314 0.5392156862745098 0.0196078431372549 0.04575163398692811
0 0.0508578431372549 0.548202614379085 0.03799019607843137 0.02777777777777778
0 0.07536764705882353 0.5882352941176471 0.04534313725490196 0.04575163398692811
0 0.01715686274509804 0.6062091503267975 0.031862745098039214 0.029411764705882353
0 0.11642156862745098 0.5277777777777778 0.031862745098039214 0.0392156862745098
0 0.14705882352941177 0.5506535947712419 0.03431372549019608 0.042483660130718956
0 0.1721813725490196 0.5816993464052288 0.020833333333333332 0.03594771241830066
0 0.20159313725490197 0.542483660130719 0.03553921568627451 0.06209150326797386
0 0.15992647058823528 0.5171568627450981 0.023284313725490197 0.024509803921568627
0 0.13112745098039216 0.4950980392156863 0.05392156862745098 0.042483660130718956
0 0.1446078431372549 0.4534313725490196 0.044117647058823525 0.04411764705882353
0 0.19669117647058823 0.4485294117647059 0.05759803921568627 0.05392156862745098
0 0.21568627450980393 0.3758169934640523 0.06372549019607843 0.05555555555555556
0 0.21691176470588236 0.41339869281045755 0.031862745098039214 0.026143790849673203
0 0.2506127450980392 0.4665032679738562 0.020833333333333332 0.03758169934640523
0 0.23161764705882354 0.4852941176470588 0.02696078431372549 0.026143790849673203
0 0.2971813725490196 0.4934640522875817 0.05024509803921569 0.042483660130718956
0 0.27450980392156865 0.4419934640522876 0.041666666666666664 0.03431372549019608
0 0.31066176470588236 0.45996732026143794 0.020833333333333332 0.024509803921568627
0 0.34987745098039214 0.4632352941176471 0.03799019607843137 0.03104575163398693
0 0.2775735294117647 0.39542483660130723 0.05024509803921569 0.05555555555555556
0 0.2959558823529412 0.35784313725490197 0.05024509803921569 0.05228758169934641
0 0.3480392156862745 0.3651960784313726 0.044117647058823525 0.05065359477124183
0 0.3321078431372549 0.40032679738562094 0.022058823529411763 0.032679738562091505
0 0.3762254901960784 0.4027777777777778 0.04656862745098039 0.04738562091503268
0 0.4007352941176471 0.3790849673202614 0.058823529411764705 0.05228758169934641
0 0.40441176470588236 0.3423202614379085 0.031862745098039214 0.021241830065359478
0 0.4332107843137255 0.4207516339869281 0.04779411764705882 0.04411764705882353
0 0.4650735294117647 0.37173202614379086 0.0428921568627451 0.05065359477124183
0 0.4846813725490196 0.41748366013071897 0.05269607843137255 0.05065359477124183
0 0.49080882352941174 0.33088235294117646 0.023284313725490197 0.021241830065359478
0 0.5232843137254902 0.35294117647058826 0.04656862745098039 0.06209150326797386
0 0.5281862745098039 0.40931372549019607 0.058823529411764705 0.057189542483660136
0 0.5238970588235294 0.4444444444444445 0.020833333333333332 0.026143790849673203
0 0.7028186274509803 0.38153594771241833 0.03308823529411765 0.04411764705882353
0 0.7408088235294118 0.42401960784313725 0.030637254901960783 0.024509803921568627
0 0.7800245098039216 0.4362745098039216 0.030637254901960783 0.029411764705882353
0 0.7879901960784313 0.39052287581699346 0.049019607843137254 0.049019607843137254
0 0.8357843137254902 0.4035947712418301 0.056372549019607844 0.06209150326797386
0 0.7892156862745098 0.3562091503267974 0.03676470588235294 0.029411764705882353
0 0.7567401960784313 0.3570261437908497 0.03308823529411765 0.03758169934640523
0 0.8394607843137255 0.3562091503267974 0.0392156862745098 0.032679738562091505
0 0.875 0.3562091503267974 0.02696078431372549 0.032679738562091505
0 0.9123774509803921 0.3504901960784314 0.0428921568627451 0.03758169934640523
0 0.9754901960784313 0.3684640522875817 0.049019607843137254 0.05065359477124183
0 0.1997549019607843 0.20669934640522877 0.022058823529411763 0.02777777777777778
0 0.1636029411764706 0.1919934640522876 0.025735294117647058 0.021241830065359478
0 0.25 0.32679738562091504 0.024509803921568627 0.03594771241830066
0 0.9344362745098039 0.3684640522875817 0.030637254901960783 0.03104575163398693
0 0.9895833333333334 0.40441176470588236 0.020833333333333332 0.02777777777777778
