0 0.6041666666666666 0.6862745098039216 0.01715686274509804 0.0392156862745098
0 0.30392156862745096 0.3929738562091503 0.01715686274509804 0.04084967320261438
0 0.3602941176470588 0.4526143790849673 0.022058823529411763 0.029411764705882353
0 0.2604166666666667 0.43218954248366015 0.023284313725490197 0.024509803921568627
0 0.2867647058823529 0.44526143790849676 0.024509803921568627 0.02777777777777778
0 0.27879901960784315 0.45915032679738566 0.030637254901960783 0.026143790849673203
0 0.30392156862745096 0.4681372549019608 0.024509803921568627 0.024509803921568627
0 0.19056372549019607 0.44526143790849676 0.03553921568627451 0.02777777777777778
0 0.20465686274509803 0.43218954248366015 0.024509803921568627 0.024509803921568627
0 0.2181372549019608 0.4681372549019608 0.022058823529411763 0.02777777777777778
0 0.21262254901960784 0.4852941176470588 0.025735294117647058 0.032679738562091505
0 0.18933823529411764 0.4714052287581699 0.025735294117647058 0.03431372549019608
0 0.1764705882352941 0.4297385620915033 0.029411764705882353 0.022875816993464054
