0 0.2193627450980392 0.8594771241830066 0.014705882352941176 0.026143790849673203
0 0.20526960784313725 0.8676470588235294 0.020833333333333332 0.016339869281045753
0 0.18933823529411764 0.857843137254902 0.023284313725490197 0.016339869281045753
0 0.17830882352941177 0.8717320261437909 0.020833333333333332 0.01797385620915033
0 0.17463235294117646 0.8872549019607844 0.01838235294117647 0.022875816993464054
0 0.14767156862745098 0.8684640522875817 0.04534313725490196 0.02777777777777778
0 0.17034313725490197 0.8562091503267975 0.022058823529411763 0.0196078431372549
0 0.04044117647058824 0.9509803921568628 0.0196078431372549 0.0196078431372549
0 0.10049019607843138 0.8586601307189543 0.044117647058823525 0.03104575163398693
0 0.11764705882352941 0.8431372549019608 0.01715686274509804 0.016339869281045753
0 0.013480392156862746 0.8823529411764706 0.024509803921568627 0.029411764705882353
0 0.03002450980392157 0.8480392156862745 0.03799019607843137 0.029411764705882353
0 0.05514705882352941 0.8700980392156863 0.041666666666666664 0.03431372549019608
0 0.041666666666666664 0.9387254901960784 0.0196078431372549 0.01797385620915033
0 0.12009803921568628 0.8905228758169935 0.0196078431372549 0.0196078431372549
0 0.14276960784313725 0.9215686274509804 0.020833333333333332 0.016339869281045753
0 0.06372549019607843 0.9223856209150327 0.022058823529411763 0.021241830065359478
0 0.018995098039215685 0.8316993464052288 0.01838235294117647 0.016339869281045753
0 0.15318627450980393 0.8382352941176471 0.022058823529411763 0.0196078431372549
0 0.4583333333333333 0.9084967320261438 0.014705882352941176 0.032679738562091505
0 0.43137254901960786 0.9052287581699346 0.04656862745098039 0.03594771241830066
0 0.42892156862745096 0.8839869281045752 0.0196078431372549 0.016339869281045753
0 0.4166666666666667 0.8643790849673203 0.0196078431372549 0.0196078431372549
0 0.3897058823529412 0.8178104575163399 0.022058823529411763 0.021241830065359478
0 0.3958333333333333 0.8349673202614379 0.024509803921568627 0.016339869281045753
0 0.35784313725490197 0.8080065359477124 0.03431372549019608 0.024509803921568627
0 0.36519607843137253 0.8308823529411765 0.041666666666666664 0.03104575163398693
0 0.3075980392156863 0.8169934640522876 0.022058823529411763 0.0196078431372549
0 0.32230392156862747 0.8366013071895425 0.0392156862745098 0.0392156862745098
0 0.3272058823529412 0.8169934640522876 0.0196078431372549 0.016339869281045753
0 0.2892156862745098 0.8415032679738562 0.022058823529411763 0.0196078431372549
0 0.28370098039215685 0.8537581699346406 0.020833333333333332 0.014705882352941176
0 0.28799019607843135 0.8660130718954249 0.024509803921568627 0.0196078431372549
0 0.3088235294117647 0.8668300653594772 0.0196078431372549 0.021241830065359478
0 0.3290441176470588 0.8660130718954249 0.020833333333333332 0.0196078431372549
0 0.3860294117647059 0.8602941176470589 0.04656862745098039 0.03431372549019608
0 0.36642156862745096 0.880718954248366 0.041666666666666664 0.029411764705882353
0 0.31004901960784315 0.8897058823529412 0.022058823529411763 0.021241830065359478
0 0.27512254901960786 0.8848039215686275 0.015931372549019607 0.024509803921568627
0 0.2702205882352941 0.9044117647058824 0.01838235294117647 0.01797385620915033
0 0.2806372549019608 0.9305555555555556 0.022058823529411763 0.024509803921568627
0 0.3051470588235294 0.9354575163398693 0.031862745098039214 0.024509803921568627
0 0.3805147058823529 0.9215686274509804 0.020833333333333332 0.016339869281045753
0 0.31495098039215685 0.9084967320261438 0.03676470588235294 0.029411764705882353
0 0.33517156862745096 0.8905228758169935 0.030637254901960783 0.029411764705882353
0 0.2867647058823529 0.9003267973856209 0.0196078431372549 0.016339869281045753
0 0.34558823529411764 0.9362745098039216 0.022058823529411763 0.016339869281045753
0 0.35723039215686275 0.9125816993464052 0.030637254901960783 0.02777777777777778
0 0.3946078431372549 0.9158496732026145 0.01715686274509804 0.021241830065359478
0 0.40931372549019607 0.917483660130719 0.014705882352941176 0.01797385620915033
0 0.3284313725490196 0.9256535947712419 0.024509803921568627 0.01797385620915033
0 0.6721813725490196 0.8733660130718954 0.025735294117647058 0.01797385620915033
0 0.6727941176470588 0.8962418300653595 0.03431372549019608 0.02777777777777778
0 0.6776960784313726 0.9142156862745099 0.01715686274509804 0.014705882352941176
0 0.6887254901960784 0.9281045751633987 0.0196078431372549 0.016339869281045753
0 0.7003676470588235 0.917483660130719 0.020833333333333332 0.021241830065359478
0 0.6991421568627451 0.8995098039215687 0.01838235294117647 0.01797385620915033
0 0.7279411764705882 0.8864379084967321 0.0196078431372549 0.02777777777777778
0 0.7598039215686274 0.857843137254902 0.0196078431372549 0.016339869281045753
0 0.7408088235294118 0.869281045751634 0.01838235294117647 0.016339869281045753
0 0.789828431372549 0.8823529411764706 0.0428921568627451 0.03594771241830066
0 0.7647058823529411 0.9084967320261438 0.041666666666666664 0.032679738562091505
0 0.7199754901960784 0.9158496732026145 0.01838235294117647 0.021241830065359478
0 0.7310049019607843 0.9109477124183006 0.01838235294117647 0.014705882352941176
0 0.7218137254901961 0.9338235294117647 0.0196078431372549 0.014705882352941176
0 0.7438725490196079 0.9354575163398693 0.0392156862745098 0.04084967320261438
0 0.7432598039215687 0.9599673202614379 0.020833333333333332 0.01797385620915033
0 0.7659313725490196 0.9338235294117647 0.012254901960784314 0.021241830065359478
0 0.7886029411764706 0.9444444444444444 0.0428921568627451 0.0392156862745098
0 0.8002450980392157 0.9093137254901961 0.03676470588235294 0.03104575163398693
0 0.8308823529411764 0.8758169934640523 0.04656862745098039 0.0392156862745098
0 0.8480392156862745 0.8570261437908497 0.022058823529411763 0.01797385620915033
0 0.8682598039215687 0.8619281045751634 0.025735294117647058 0.024509803921568627
0 0.8658088235294118 0.8872549019607844 0.03553921568627451 0.029411764705882353
0 0.8566176470588235 0.9044117647058824 0.0196078431372549 0.024509803921568627
0 0.8400735294117647 0.9150326797385622 0.023284313725490197 0.026143790849673203
0 0.829656862745098 0.9150326797385622 0.03676470588235294 0.042483660130718956
0 0.821078431372549 0.9526143790849674 0.03676470588235294 0.042483660130718956
0 0.8425245098039216 0.9705882352941176 0.01838235294117647 0.0196078431372549
0 0.8707107843137255 0.9419934640522876 0.03799019607843137 0.03758169934640523
0 0.8602941176470588 0.9697712418300654 0.01715686274509804 0.021241830065359478
0 0.8468137254901961 0.948529411764706 0.014705882352941176 0.02777777777777778
0 0.8756127450980392 0.9640522875816994 0.01838235294117647 0.016339869281045753
0 0.8890931372549019 0.8537581699346406 0.020833333333333332 0.021241830065359478
0 0.8952205882352942 0.8741830065359477 0.020833333333333332 0.016339869281045753
0 0.8995098039215687 0.9084967320261438 0.044117647058823525 0.032679738562091505
0 0.897671568627451 0.9330065359477124 0.030637254901960783 0.026143790849673203
0 0.9111519607843137 0.9509803921568628 0.03308823529411765 0.03594771241830066
0 0.9362745098039216 0.9428104575163399 0.024509803921568627 0.026143790849673203
0 0.9270833333333334 0.9624183006535948 0.023284313725490197 0.026143790849673203
0 0.9810049019607843 0.7508169934640523 0.01838235294117647 0.02777777777777778
0 0.9803921568627451 0.7802287581699346 0.022058823529411763 0.01797385620915033
0 0.9840686274509803 0.7973856209150327 0.0196078431372549 0.016339869281045753
0 0.9650735294117647 0.7900326797385621 0.020833333333333332 0.024509803921568627
0 0.96875 0.8129084967320261 0.023284313725490197 0.01797385620915033
0 0.9840686274509803 0.8284313725490197 0.0196078431372549 0.0392156862745098
0 0.9442401960784313 0.8161764705882353 0.01838235294117647 0.02777777777777778
0 0.9307598039215687 0.8267973856209151 0.01838235294117647 0.0196078431372549
0 0.9417892156862745 0.8423202614379085 0.023284313725490197 0.021241830065359478
0 0.960171568627451 0.8284313725490197 0.023284313725490197 0.0196078431372549
0 0.9730392156862745 0.8488562091503268 0.024509803921568627 0.03104575163398693
0 0.960171568627451 0.863562091503268 0.03799019607843137 0.03104575163398693
0 0.9178921568627451 0.8545751633986929 0.041666666666666664 0.032679738562091505
0 0.9381127450980392 0.8733660130718954 0.025735294117647058 0.01797385620915033
0 0.914828431372549 0.8799019607843137 0.030637254901960783 0.024509803921568627
0 0.9313725490196079 0.8897058823529412 0.01715686274509804 0.024509803921568627
0 0.9595588235294118 0.8913398692810458 0.041666666666666664 0.03758169934640523
0 0.9822303921568627 0.9240196078431373 0.03553921568627451 0.03758169934640523
0 0.9540441176470588 0.9199346405228759 0.023284313725490197 0.03594771241830066
0 0.9313725490196079 0.917483660130719 0.03431372549019608 0.03431372549019608
0 0.9497549019607843 0.9428104575163399 0.01715686274509804 0.022875816993464054
0 0.9816176470588235 0.9493464052287582 0.01715686274509804 0.0196078431372549
0 0.9712009803921569 0.9648692810457516 0.01838235294117647 0.01797385620915033
0 0.9908088235294118 0.8782679738562091 0.01838235294117647 0.024509803921568627
0 0.9926470588235294 0.9003267973856209 0.014705882352941176 0.029411764705882353
0 0.9926470588235294 0.8071895424836601 0.014705882352941176 0.0196078431372549
