0 0.985906862745098 0.4632352941176471 0.028186274509803922 0.06699346405228758
0 0.9632352941176471 0.5008169934640523 0.024509803921568627 0.04411764705882353
0 0.9840686274509803 0.5114379084967321 0.022058823529411763 0.042483660130718956
0 0.9730392156862745 0.5433006535947713 0.022058823529411763 0.03758169934640523
0 0.9552696078431372 0.5490196078431373 0.020833333333333332 0.04575163398692811
0 0.9718137254901961 0.5743464052287582 0.0196078431372549 0.03431372549019608
0 0.9454656862745098 0.5931372549019608 0.030637254901960783 0.042483660130718956
0 0.9662990196078431 0.6143790849673203 0.020833333333333332 0.049019607843137254
0 0.9515931372549019 0.6266339869281046 0.025735294117647058 0.04738562091503268
0 0.9840686274509803 0.6568627450980392 0.031862745098039214 0.06209150326797386
0 0.960171568627451 0.6617647058823529 0.023284313725490197 0.04575163398692811
0 0.9399509803921569 0.6830065359477124 0.03676470588235294 0.05228758169934641
0 0.9105392156862745 0.6683006535947713 0.044117647058823525 0.06862745098039216
0 0.9399509803921569 0.6495098039215687 0.014705882352941176 0.02777777777777778
0 0.9669117647058824 0.7017973856209151 0.041666666666666664 0.04084967320261438
0 0.9718137254901961 0.7263071895424836 0.01715686274509804 0.024509803921568627
0 0.9761029411764706 0.7491830065359477 0.023284313725490197 0.03431372549019608
0 0.9583333333333334 0.7287581699346406 0.0196078431372549 0.03594771241830066
0 0.9246323529411764 0.7344771241830066 0.0428921568627451 0.06045751633986928
0 0.9068627450980392 0.763888888888889 0.01715686274509804 0.02777777777777778
0 0.954656862745098 0.7769607843137255 0.031862745098039214 0.06699346405228758
0 0.9142156862745098 0.8047385620915033 0.0392156862745098 0.07352941176470588
0 0.9381127450980392 0.8071895424836601 0.01838235294117647 0.04575163398692811
0 0.9522058823529411 0.8194444444444444 0.01715686274509804 0.02777777777777778
0 0.9656862745098039 0.8161764705882353 0.014705882352941176 0.024509803921568627
0 0.8958333333333334 0.8374183006535948 0.014705882352941176 0.02777777777777778
0 0.9129901960784313 0.8586601307189543 0.03676470588235294 0.04411764705882353
