0 0.3082107843137255 0.031862745098039214 0.04044117647058824 0.06045751633986928
0 0.2775735294117647 0.07352941176470588 0.04779411764705882 0.09803921568627451
0 0.31066176470588236 0.12581699346405228 0.03553921568627451 0.06209150326797386
0 0.5575980392156863 0.1642156862745098 0.02696078431372549 0.05065359477124183
0 0.9332107843137255 0.2099673202614379 0.03308823529411765 0.05065359477124183
0 0.9515931372549019 0.26633986928104575 0.030637254901960783 0.042483660130718956
0 0.9393382352941176 0.3431372549019608 0.03308823529411765 0.05555555555555556
0 0.9405637254901961 0.3831699346405229 0.030637254901960783 0.05065359477124183
0 0.9595588235294118 0.4166666666666667 0.049019607843137254 0.09150326797385622
0 0.9583333333333334 0.48366013071895425 0.031862745098039214 0.06209150326797386
0 0.9877450980392156 0.8455882352941176 0.024509803921568627 0.05065359477124183
0 0.8627450980392157 0.9477124183006537 0.02696078431372549 0.042483660130718956
0 0.8033088235294118 0.8839869281045752 0.03799019607843137 0.06209150326797386
0 0.7604166666666666 0.6478758169934641 0.020833333333333332 0.02777777777777778
0 0.5477941176470588 0.619281045751634 0.031862745098039214 0.029411764705882353
0 0.7132352941176471 0.05555555555555556 0.04656862745098039 0.042483660130718956
