0 0.025735294117647058 0.6666666666666667 0.049019607843137254 0.08169934640522876
0 0.020833333333333332 0.7254901960784313 0.0392156862745098 0.05555555555555556
0 0.03308823529411765 0.7712418300653595 0.06372549019607843 0.049019607843137254
0 0.06556372549019608 0.7295751633986929 0.0625 0.06372549019607843
0 0.08884803921568628 0.7745098039215687 0.04779411764705882 0.042483660130718956
0 0.12622549019607843 0.7753267973856209 0.029411764705882353 0.04084967320261438
0 0.125 0.7124183006535948 0.03431372549019608 0.0392156862745098
0 0.13174019607843138 0.7418300653594772 0.03799019607843137 0.049019607843137254
0 0.1568627450980392 0.7655228758169935 0.03676470588235294 0.05392156862745098
0 0.19914215686274508 0.7107843137254902 0.03799019607843137 0.03594771241830066
0 0.23161764705882354 0.7091503267973857 0.031862745098039214 0.03594771241830066
0 0.25 0.7238562091503268 0.031862745098039214 0.029411764705882353
0 0.11458333333333333 0.6854575163398693 0.03553921568627451 0.02777777777777778
0 0.1764705882352941 0.7246732026143791 0.03431372549019608 0.03104575163398693
0 0.1948529411764706 0.7622549019607844 0.041666666666666664 0.05065359477124183
0 0.2267156862745098 0.7622549019607844 0.022058823529411763 0.024509803921568627
0 0.21262254901960784 0.7418300653594772 0.03308823529411765 0.032679738562091505
0 0.24571078431372548 0.7491830065359477 0.023284313725490197 0.024509803921568627
0 0.2696078431372549 0.7524509803921569 0.031862745098039214 0.03758169934640523
0 0.3492647058823529 0.7426470588235294 0.04656862745098039 0.04084967320261438
0 0.3700980392156863 0.7156862745098039 0.029411764705882353 0.026143790849673203
0 0.3897058823529412 0.7401960784313726 0.029411764705882353 0.032679738562091505
0 0.4209558823529412 0.7312091503267975 0.03553921568627451 0.03758169934640523
0 0.4099264705882353 0.696078431372549 0.04044117647058824 0.042483660130718956
0 0.4105392156862745 0.667483660130719 0.0392156862745098 0.04084967320261438
0 0.4840686274509804 0.7099673202614379 0.05392156862745098 0.06045751633986928
0 0.5238970588235294 0.7303921568627452 0.03308823529411765 0.029411764705882353
0 0.5686274509803921 0.7230392156862745 0.024509803921568627 0.02777777777777778
0 0.5716911764705882 0.6968954248366013 0.04044117647058824 0.03758169934640523
0 0.5330882352941176 0.684640522875817 0.03676470588235294 0.05228758169934641
0 0.49816176470588236 0.6650326797385621 0.03799019607843137 0.03594771241830066
0 0.5098039215686274 0.6200980392156863 0.0196078431372549 0.04084967320261438
0 0.49019607843137253 0.6364379084967321 0.03431372549019608 0.03431372549019608
0 0.5870098039215687 0.6625816993464052 0.03676470588235294 0.04084967320261438
0 0.6096813725490196 0.6111111111111112 0.030637254901960783 0.032679738562091505
0 0.6280637254901961 0.7140522875816994 0.0625 0.05555555555555556
0 0.6691176470588235 0.7303921568627452 0.031862745098039214 0.042483660130718956
0 0.6672794117647058 0.7753267973856209 0.030637254901960783 0.03104575163398693
0 0.8627450980392157 0.613562091503268 0.031862745098039214 0.03758169934640523
0 0.5422794117647058 0.8848039215686275 0.05269607843137255 0.09640522875816994
0 0.5802696078431372 0.9223856209150327 0.06495098039215687 0.06372549019607843
0 0.6219362745098039 0.9240196078431373 0.023284313725490197 0.02777777777777778
0 0.6047794117647058 0.9583333333333334 0.030637254901960783 0.03431372549019608
0 0.5140931372549019 0.9452614379084968 0.06985294117647059 0.06045751633986928
0 0.5049019607843137 0.9844771241830066 0.056372549019607844 0.03104575163398693
0 0.47181372549019607 0.9681372549019608 0.03431372549019608 0.02777777777777778
0 0.46078431372549017 0.9003267973856209 0.031862745098039214 0.03594771241830066
0 0.4491421568627451 0.9387254901960784 0.05514705882352941 0.04738562091503268
0 0.4111519607843137 0.8970588235294118 0.04534313725490196 0.05228758169934641
0 0.3903186274509804 0.9550653594771242 0.06495098039215687 0.06045751633986928
0 0.3486519607843137 0.9754901960784313 0.03799019607843137 0.042483660130718956
0 0.3596813725490196 0.9044117647058824 0.06740196078431372 0.06372549019607843
0 0.2916666666666667 0.9534313725490197 0.07107843137254902 0.06699346405228758
0 0.9442401960784313 0.5473856209150327 0.025735294117647058 0.03594771241830066
0 0.9485294117647058 0.5947712418300654 0.02696078431372549 0.032679738562091505
0 0.9889705882352942 0.6348039215686274 0.022058823529411763 0.05065359477124183
0 0.9828431372549019 0.6854575163398693 0.03431372549019608 0.04738562091503268
0 0.9613970588235294 0.6609477124183006 0.04534313725490196 0.06045751633986928
0 0.9620098039215687 0.619281045751634 0.031862745098039214 0.026143790849673203
0 0.9264705882352942 0.6658496732026143 0.029411764705882353 0.03431372549019608
0 0.9375 0.7622549019607844 0.024509803921568627 0.05392156862745098
0 0.9295343137254902 0.8120915032679739 0.030637254901960783 0.058823529411764705
