0 0.3584558823529412 0.02696078431372549 0.013480392156862746 0.021241830065359478
0 0.37745098039215685 0.029411764705882353 0.03676470588235294 0.049019607843137254
0 0.37745098039215685 0.06944444444444445 0.022058823529411763 0.03431372549019608
0 0.33394607843137253 0.011437908496732027 0.015931372549019607 0.0196078431372549
0 0.2800245098039216 0.021241830065359478 0.025735294117647058 0.0392156862745098
0 0.3180147058823529 0.01797385620915033 0.015931372549019607 0.032679738562091505
0 0.2616421568627451 0.042483660130718956 0.01838235294117647 0.042483660130718956
0 0.27450980392156865 0.05310457516339869 0.0196078431372549 0.03431372549019608
0 0.29840686274509803 0.02696078431372549 0.028186274509803922 0.03104575163398693
0 0.3174019607843137 0.04493464052287582 0.012254901960784314 0.024509803921568627
0 0.31985294117647056 0.08251633986928104 0.0196078431372549 0.024509803921568627
0 0.28370098039215685 0.08088235294117647 0.025735294117647058 0.057189542483660136
0 0.3057598039215686 0.06699346405228758 0.01838235294117647 0.026143790849673203
0 0.2622549019607843 0.08006535947712419 0.022058823529411763 0.0392156862745098
0 0.28308823529411764 0.12581699346405228 0.024509803921568627 0.03594771241830066
0 0.3075980392156863 0.1119281045751634 0.014705882352941176 0.021241830065359478
0 0.24509803921568626 0.125 0.0196078431372549 0.03104575163398693
0 0.25980392156862747 0.13480392156862744 0.0196078431372549 0.05392156862745098
0 0.24816176470588236 0.16176470588235295 0.015931372549019607 0.0392156862745098
0 0.25980392156862747 0.18382352941176472 0.0196078431372549 0.03758169934640523
0 0.2775735294117647 0.15441176470588236 0.013480392156862746 0.024509803921568627
0 0.2892156862745098 0.15522875816993464 0.0196078431372549 0.0196078431372549
0 0.29534313725490197 0.17401960784313725 0.014705882352941176 0.02777777777777778
0 0.2916666666666667 0.20261437908496732 0.01715686274509804 0.03594771241830066
0 0.3700980392156863 0.1527777777777778 0.022058823529411763 0.04738562091503268
0 0.3627450980392157 0.1919934640522876 0.01715686274509804 0.03758169934640523
0 0.37683823529411764 0.19281045751633988 0.015931372549019607 0.032679738562091505
0 0.33394607843137253 0.20833333333333334 0.023284313725490197 0.04738562091503268
0 0.35355392156862747 0.22222222222222224 0.020833333333333332 0.042483660130718956
0 0.36703431372549017 0.25571895424836605 0.028186274509803922 0.05065359477124183
0 0.33762254901960786 0.26552287581699346 0.030637254901960783 0.06045751633986928
0 0.32230392156862747 0.2426470588235294 0.014705882352941176 0.024509803921568627
0 0.3002450980392157 0.2777777777777778 0.014705882352941176 0.032679738562091505
0 0.31495098039215685 0.2704248366013072 0.014705882352941176 0.03104575163398693
0 0.32230392156862747 0.28431372549019607 0.00980392156862745 0.029411764705882353
0 0.3700980392156863 0.2973856209150327 0.01715686274509804 0.03594771241830066
0 0.3547794117647059 0.309640522875817 0.020833333333333332 0.05065359477124183
0 0.36703431372549017 0.3276143790849673 0.020833333333333332 0.03758169934640523
0 0.33394607843137253 0.32107843137254904 0.023284313725490197 0.04411764705882353
0 0.34375 0.3464052287581699 0.023284313725490197 0.042483660130718956
0 0.34620098039215685 0.38643790849673204 0.020833333333333332 0.04084967320261438
0 0.31004901960784315 0.40032679738562094 0.0392156862745098 0.042483660130718956
0 0.3241421568627451 0.352124183006536 0.015931372549019607 0.024509803921568627
0 0.3400735294117647 0.42401960784313725 0.01838235294117647 0.03104575163398693
0 0.34987745098039214 0.43137254901960786 0.01838235294117647 0.03594771241830066
0 0.33394607843137253 0.4534313725490196 0.020833333333333332 0.03431372549019608
0 0.29840686274509803 0.43137254901960786 0.020833333333333332 0.0196078431372549
0 0.31004901960784315 0.4550653594771242 0.024509803921568627 0.024509803921568627
0 0.29534313725490197 0.477124183006536 0.022058823529411763 0.04575163398692811
0 0.2861519607843137 0.494281045751634 0.01838235294117647 0.021241830065359478
0 0.28125 0.5196078431372549 0.01838235294117647 0.04575163398692811
0 0.29840686274509803 0.5106209150326797 0.020833333333333332 0.03104575163398693
0 0.31495098039215685 0.5130718954248367 0.01715686274509804 0.03594771241830066
0 0.3057598039215686 0.5416666666666666 0.013480392156862746 0.03104575163398693
0 0.3088235294117647 0.5718954248366013 0.022058823529411763 0.0392156862745098
0 0.28308823529411764 0.5522875816993464 0.022058823529411763 0.0196078431372549
0 0.2738970588235294 0.5841503267973857 0.025735294117647058 0.05392156862745098
0 0.31004901960784315 0.6184640522875817 0.0196078431372549 0.03431372549019608
0 0.2769607843137255 0.6315359477124183 0.0196078431372549 0.03758169934640523
0 0.2775735294117647 0.6650326797385621 0.03308823529411765 0.042483660130718956
0 0.29963235294117646 0.6470588235294118 0.013480392156862746 0.029411764705882353
0 0.29105392156862747 0.6290849673202614 0.015931372549019607 0.029411764705882353
0 0.3088235294117647 0.5964052287581699 0.012254901960784314 0.022875816993464054
0 0.17708333333333334 0.6584967320261438 0.023284313725490197 0.026143790849673203
0 0.18504901960784315 0.7001633986928105 0.014705882352941176 0.02777777777777778
0 0.19362745098039216 0.7254901960784313 0.022058823529411763 0.05555555555555556
0 0.1801470588235294 0.7295751633986929 0.00980392156862745 0.02777777777777778
0 0.17769607843137256 0.7508169934640523 0.012254901960784314 0.024509803921568627
0 0.15808823529411764 0.7434640522875817 0.024509803921568627 0.06209150326797386
0 0.011642156862745098 0.8104575163398693 0.020833333333333332 0.06535947712418301
0 0.1409313725490196 0.7728758169934641 0.014705882352941176 0.026143790849673203
0 0.19852941176470587 0.8031045751633987 0.014705882352941176 0.03431372549019608
0 0.18504901960784315 0.8464052287581699 0.02696078431372549 0.05228758169934641
0 0.14276960784313725 0.9411764705882353 0.023284313725490197 0.05228758169934641
0 0.16237745098039216 0.9419934640522876 0.023284313725490197 0.057189542483660136
0 0.18075980392156862 0.9183006535947713 0.015931372549019607 0.032679738562091505
0 0.19607843137254902 0.8929738562091504 0.012254901960784314 0.03104575163398693
0 0.2267156862745098 0.8562091503267975 0.01715686274509804 0.0196078431372549
0 0.27144607843137253 0.7491830065359477 0.015931372549019607 0.03104575163398693
0 0.3008578431372549 0.7647058823529412 0.015931372549019607 0.029411764705882353
0 0.24877450980392157 0.7687908496732027 0.00980392156862745 0.021241830065359478
0 0.258578431372549 0.7745098039215687 0.014705882352941176 0.03594771241830066
0 0.28125 0.8112745098039216 0.013480392156862746 0.024509803921568627
0 0.27205882352941174 0.8643790849673203 0.012254901960784314 0.026143790849673203
0 0.25980392156862747 0.8684640522875817 0.012254901960784314 0.024509803921568627
0 0.18566176470588236 0.9681372549019608 0.020833333333333332 0.04738562091503268
0 0.2107843137254902 0.8921568627450981 0.014705882352941176 0.029411764705882353
0 0.20220588235294118 0.8978758169934641 0.012254901960784314 0.024509803921568627
0 0.23161764705882354 0.9068627450980392 0.01715686274509804 0.029411764705882353
0 0.22855392156862744 0.880718954248366 0.013480392156862746 0.022875816993464054
0 0.2610294117647059 0.923202614379085 0.029411764705882353 0.05555555555555556
0 0.2420343137254902 0.9411764705882353 0.01838235294117647 0.03594771241830066
0 0.25674019607843135 0.9730392156862745 0.025735294117647058 0.05065359477124183
0 0.2340686274509804 0.9730392156862745 0.022058823529411763 0.03431372549019608
0 0.21568627450980393 0.9575163398692811 0.0196078431372549 0.03594771241830066
0 0.18504901960784315 0.9370915032679739 0.014705882352941176 0.024509803921568627
0 0.21568627450980393 0.9248366013071896 0.014705882352941176 0.026143790849673203
0 0.3363970588235294 0.8913398692810458 0.028186274509803922 0.04411764705882353
0 0.49142156862745096 0.4534313725490196 0.022058823529411763 0.02777777777777778
0 0.4368872549019608 0.5661764705882353 0.030637254901960783 0.05392156862745098
0 0.5906862745098039 0.6037581699346405 0.024509803921568627 0.03431372549019608
0 0.585171568627451 0.5816993464052288 0.023284313725490197 0.029411764705882353
0 0.6072303921568627 0.5898692810457516 0.020833333333333332 0.05228758169934641
0 0.6311274509803921 0.5923202614379085 0.0196078431372549 0.01797385620915033
0 0.6323529411764706 0.6209150326797386 0.012254901960784314 0.026143790849673203
0 0.6225490196078431 0.619281045751634 0.012254901960784314 0.029411764705882353
0 0.5490196078431373 0.625 0.02696078431372549 0.05065359477124183
0 0.5631127450980392 0.6486928104575164 0.023284313725490197 0.05228758169934641
0 0.5784313725490196 0.6519607843137255 0.014705882352941176 0.0392156862745098
0 0.5919117647058824 0.6462418300653595 0.014705882352941176 0.03431372549019608
0 0.5827205882352942 0.6723856209150327 0.013480392156862746 0.02777777777777778
0 0.5257352941176471 0.6331699346405228 0.0196078431372549 0.04411764705882353
0 0.5361519607843137 0.6617647058823529 0.03553921568627451 0.032679738562091505
0 0.5661764705882353 0.678921568627451 0.014705882352941176 0.024509803921568627
0 0.4534313725490196 0.7279411764705882 0.01715686274509804 0.021241830065359478
0 0.4699754901960784 0.732843137254902 0.013480392156862746 0.03104575163398693
0 0.4381127450980392 0.7230392156862745 0.011029411764705881 0.02777777777777778
0 0.41605392156862747 0.7230392156862745 0.028186274509803922 0.02777777777777778
0 0.40870098039215685 0.7532679738562091 0.020833333333333332 0.042483660130718956
0 0.46017156862745096 0.7524509803921569 0.01838235294117647 0.024509803921568627
0 0.4803921568627451 0.7892156862745098 0.029411764705882353 0.029411764705882353
0 0.43443627450980393 0.7475490196078431 0.015931372549019607 0.021241830065359478
0 0.446078431372549 0.7622549019607844 0.01715686274509804 0.04084967320261438
0 0.42953431372549017 0.7818627450980392 0.023284313725490197 0.05392156862745098
0 0.40931372549019607 0.8006535947712419 0.022058823529411763 0.05228758169934641
0 0.3841911764705882 0.7859477124183006 0.011029411764705881 0.029411764705882353
0 0.3915441176470588 0.7916666666666667 0.015931372549019607 0.02777777777777778
0 0.3762254901960784 0.8104575163398693 0.012254901960784314 0.026143790849673203
0 0.3829656862745098 0.8316993464052288 0.028186274509803922 0.05555555555555556
0 0.3676470588235294 0.8709150326797386 0.014705882352941176 0.0392156862745098
0 0.40012254901960786 0.8513071895424836 0.028186274509803922 0.032679738562091505
0 0.40808823529411764 0.8864379084967321 0.024509803921568627 0.03104575163398693
0 0.4540441176470588 0.7941176470588236 0.025735294117647058 0.029411764705882353
0 0.4883578431372549 0.8161764705882353 0.013480392156862746 0.02777777777777778
0 0.4810049019607843 0.8267973856209151 0.01838235294117647 0.026143790849673203
0 0.47120098039215685 0.8382352941176471 0.013480392156862746 0.029411764705882353
0 0.4221813725490196 0.852124183006536 0.013480392156862746 0.024509803921568627
0 0.43995098039215685 0.8513071895424836 0.029411764705882353 0.0392156862745098
0 0.4693627450980392 0.8774509803921569 0.01715686274509804 0.026143790849673203
0 0.43566176470588236 0.8897058823529412 0.015931372549019607 0.03104575163398693
0 0.4491421568627451 0.9035947712418301 0.020833333333333332 0.03594771241830066
0 0.4620098039215686 0.857843137254902 0.014705882352941176 0.029411764705882353
0 0.3792892156862745 0.8978758169934641 0.023284313725490197 0.05392156862745098
0 0.3633578431372549 0.9027777777777778 0.013480392156862746 0.02777777777777778
0 0.36151960784313725 0.9379084967320261 0.024509803921568627 0.042483660130718956
0 0.41911764705882354 0.9109477124183006 0.03431372549019608 0.03104575163398693
0 0.43443627450980393 0.928921568627451 0.030637254901960783 0.03431372549019608
0 0.4571078431372549 0.9599673202614379 0.024509803921568627 0.06045751633986928
0 0.4264705882352941 0.9632352941176471 0.02696078431372549 0.04411764705882353
0 0.40931372549019607 0.9321895424836601 0.01715686274509804 0.021241830065359478
0 0.3872549019607843 0.9722222222222222 0.024509803921568627 0.05228758169934641
0 0.38909313725490197 0.9272875816993464 0.030637254901960783 0.04411764705882353
0 0.45465686274509803 0.928921568627451 0.01715686274509804 0.024509803921568627
0 0.4099264705882353 0.9591503267973857 0.020833333333333332 0.042483660130718956
0 0.5073529411764706 0.2434640522875817 0.024509803921568627 0.05228758169934641
0 0.5 0.22058823529411764 0.012254901960784314 0.032679738562091505
0 0.4846813725490196 0.2246732026143791 0.020833333333333332 0.03758169934640523
0 0.47120098039215685 0.28431372549019607 0.023284313725490197 0.058823529411764705
0 0.4926470588235294 0.3145424836601307 0.031862745098039214 0.05392156862745098
0 0.5159313725490196 0.32107843137254904 0.031862745098039214 0.04411764705882353
0 0.49142156862745096 0.2508169934640523 0.012254901960784314 0.03104575163398693
0 0.49080882352941174 0.18709150326797386 0.01838235294117647 0.057189542483660136
