0 0.049019607843137254 0.8186274509803921 0.041666666666666664 0.042483660130718956
0 0.14950980392156862 0.8341503267973857 0.0784313725490196 0.08006535947712419
0 0.19240196078431374 0.8660130718954249 0.041666666666666664 0.05555555555555556
0 0.24448529411764705 0.8733660130718954 0.06985294117647059 0.04738562091503268
0 0.2818627450980392 0.8104575163398693 0.051470588235294115 0.058823529411764705
0 0.3204656862745098 0.7908496732026145 0.04044117647058824 0.06535947712418301
0 0.3229166666666667 0.8586601307189543 0.06004901960784314 0.057189542483660136
0 0.3682598039215686 0.8202614379084967 0.05514705882352941 0.05228758169934641
0 0.40808823529411764 0.8553921568627452 0.056372549019607844 0.07026143790849673
0 0.3713235294117647 0.8839869281045752 0.05392156862745098 0.04575163398692811
0 0.4172794117647059 0.9362745098039216 0.07230392156862744 0.05555555555555556
0 0.446078431372549 0.9746732026143791 0.058823529411764705 0.04738562091503268
0 0.45526960784313725 0.8946078431372549 0.05269607843137255 0.05065359477124183
0 0.5202205882352942 0.8733660130718954 0.05759803921568627 0.04738562091503268
0 0.579656862745098 0.8284313725490197 0.0784313725490196 0.06209150326797386
0 0.5784313725490196 0.8717320261437909 0.049019607843137254 0.04084967320261438
0 0.6127450980392157 0.8856209150326798 0.0392156862745098 0.07189542483660132
0 0.5600490196078431 0.9117647058823529 0.058823529411764705 0.049019607843137254
0 0.5012254901960784 0.9436274509803921 0.07598039215686274 0.06045751633986928
0 0.5643382352941176 0.9640522875816994 0.0625 0.05555555555555556
0 0.6084558823529411 0.977124183006536 0.05514705882352941 0.04575163398692811
0 0.6495098039215687 0.9395424836601307 0.05392156862745098 0.04575163398692811
0 0.6587009803921569 0.8897058823529412 0.04044117647058824 0.06372549019607843
0 0.7009803921568627 0.8619281045751634 0.04656862745098039 0.03758169934640523
0 0.7040441176470588 0.9084967320261438 0.0428921568627451 0.058823529411764705
0 0.741421568627451 0.9321895424836601 0.058823529411764705 0.05065359477124183
0 0.6617647058823529 0.9779411764705883 0.058823529411764705 0.04411764705882353
0 0.7965686274509803 0.8897058823529412 0.049019607843137254 0.04411764705882353
0 0.8161764705882353 0.8619281045751634 0.05392156862745098 0.03758169934640523
0 0.8492647058823529 0.9093137254901961 0.044117647058823525 0.057189542483660136
0 0.8008578431372549 0.9264705882352942 0.05024509803921569 0.042483660130718956
0 0.9834558823529411 0.7524509803921569 0.03308823529411765 0.03431372549019608
0 0.1568627450980392 0.888888888888889 0.049019607843137254 0.042483660130718956
0 0.015931372549019607 0.7867647058823529 0.029411764705882353 0.07679738562091504
0 0.06556372549019608 0.9338235294117647 0.06004901960784314 0.06045751633986928
0 0.04350490196078431 0.9673202614379085 0.03799019607843137 0.06535947712418301
0 0.12377450980392157 0.9191176470588236 0.056372549019607844 0.05065359477124183
0 0.17279411764705882 0.9240196078431373 0.056372549019607844 0.06045751633986928
0 0.23713235294117646 0.9305555555555556 0.0428921568627451 0.07352941176470588
0 0.1256127450980392 0.9656862745098039 0.07965686274509803 0.05555555555555556
0 0.27818627450980393 0.9779411764705883 0.049019607843137254 0.04411764705882353
