0 0.27450980392156865 0.04738562091503268 0.029411764705882353 0.04575163398692811
0 0.7450980392156863 0.03676470588235294 0.029411764705882353 0.06699346405228758
0 0.8492647058823529 0.024509803921568627 0.0392156862745098 0.04575163398692811
0 0.7947303921568627 0.014705882352941176 0.028186274509803922 0.026143790849673203
0 0.7738970588235294 0.035130718954248366 0.025735294117647058 0.057189542483660136
0 0.7886029411764706 0.049019607843137254 0.020833333333333332 0.05228758169934641
0 0.8057598039215687 0.05800653594771242 0.020833333333333332 0.06045751633986928
0 0.8284313725490196 0.05800653594771242 0.031862745098039214 0.03104575163398693
0 0.8927696078431372 0.08823529411764706 0.04779411764705882 0.11111111111111112
0 0.9227941176470588 0.14215686274509803 0.06372549019607843 0.058823529411764705
0 0.9325980392156863 0.18137254901960784 0.03431372549019608 0.03594771241830066
0 0.9515931372549019 0.22794117647058823 0.030637254901960783 0.04738562091503268
0 0.9227941176470588 0.23692810457516342 0.03431372549019608 0.04575163398692811
0 0.8584558823529411 0.07924836601307189 0.030637254901960783 0.04738562091503268
0 0.8517156862745098 0.10866013071895425 0.029411764705882353 0.057189542483660136
0 0.7212009803921569 0.04411764705882353 0.025735294117647058 0.05228758169934641
0 0.6881127450980392 0.08660130718954248 0.05024509803921569 0.09150326797385622
0 0.7346813725490196 0.10212418300653595 0.023284313725490197 0.05065359477124183
0 0.7579656862745098 0.12009803921568628 0.023284313725490197 0.05065359477124183
0 0.7959558823529411 0.10784313725490197 0.03308823529411765 0.04575163398692811
0 0.8155637254901961 0.13398692810457516 0.023284313725490197 0.042483660130718956
0 0.8419117647058824 0.1454248366013072 0.03431372549019608 0.049019607843137254
0 0.8707107843137255 0.14052287581699346 0.025735294117647058 0.04575163398692811
0 0.8658088235294118 0.18790849673202614 0.025735294117647058 0.049019607843137254
0 0.9368872549019608 0.2785947712418301 0.03553921568627451 0.07026143790849673
0 0.928921568627451 0.3431372549019608 0.03676470588235294 0.058823529411764705
0 0.7169117647058824 0.13725490196078433 0.022058823529411763 0.0392156862745098
0 0.7334558823529411 0.1503267973856209 0.025735294117647058 0.04575163398692811
0 0.7536764705882353 0.16339869281045752 0.022058823529411763 0.0392156862745098
0 0.7824754901960784 0.1527777777777778 0.025735294117647058 0.057189542483660136
0 0.798406862745098 0.16830065359477125 0.020833333333333332 0.049019607843137254
0 0.8149509803921569 0.18137254901960784 0.022058823529411763 0.049019607843137254
0 0.8419117647058824 0.19362745098039216 0.024509803921568627 0.04411764705882353
0 0.9105392156862745 0.2777777777777778 0.0196078431372549 0.049019607843137254
0 0.9154411764705882 0.3194444444444445 0.0196078431372549 0.04084967320261438
0 0.8946078431372549 0.30637254901960786 0.022058823529411763 0.05392156862745098
0 0.829656862745098 0.22712418300653595 0.022058823529411763 0.032679738562091505
0 0.8057598039215687 0.21650326797385622 0.01838235294117647 0.04084967320261438
0 0.7800245098039216 0.20261437908496732 0.023284313725490197 0.04575163398692811
0 0.7058823529411764 0.16584967320261437 0.024509803921568627 0.04084967320261438
0 0.6881127450980392 0.17483660130718956 0.023284313725490197 0.04575163398692811
0 0.6697303921568627 0.17892156862745098 0.020833333333333332 0.03431372549019608
0 0.6727941176470588 0.14460784313725492 0.0196078431372549 0.03758169934640523
0 0.6868872549019608 0.2361111111111111 0.05024509803921569 0.08660130718954248
0 0.7193627450980392 0.2450980392156863 0.031862745098039214 0.06535947712418301
0 0.7487745098039216 0.20915032679738563 0.03431372549019608 0.06535947712418301
0 0.7677696078431372 0.24591503267973858 0.025735294117647058 0.05065359477124183
0 0.7867647058823529 0.24101307189542484 0.0196078431372549 0.03758169934640523
0 0.8082107843137255 0.27941176470588236 0.04779411764705882 0.08496732026143791
0 0.8376225490196079 0.30228758169934644 0.025735294117647058 0.058823529411764705
0 0.866421568627451 0.30718954248366015 0.029411764705882353 0.07189542483660132
0 0.9405637254901961 0.3897058823529412 0.03553921568627451 0.04738562091503268
0 0.6617647058823529 0.2761437908496732 0.0196078431372549 0.032679738562091505
0 0.6881127450980392 0.2900326797385621 0.020833333333333332 0.03104575163398693
0 0.7242647058823529 0.29248366013071897 0.0392156862745098 0.04575163398692811
0 0.7463235294117647 0.29983660130718953 0.01715686274509804 0.04084967320261438
0 0.7640931372549019 0.3047385620915033 0.023284313725490197 0.05392156862745098
0 0.6531862745098039 0.29983660130718953 0.031862745098039214 0.03758169934640523
0 0.6997549019607843 0.34395424836601307 0.022058823529411763 0.057189542483660136
0 0.6727941176470588 0.3553921568627451 0.041666666666666664 0.08333333333333334
0 0.7236519607843137 0.3464052287581699 0.03553921568627451 0.07189542483660132
0 0.7542892156862745 0.37254901960784315 0.03308823529411765 0.06535947712418301
0 0.7971813725490196 0.35947712418300654 0.05514705882352941 0.08823529411764706
0 0.8333333333333334 0.3790849673202614 0.0392156862745098 0.09477124183006536
0 0.8878676470588235 0.36683006535947715 0.028186274509803922 0.06045751633986928
0 0.8645833333333334 0.4035947712418301 0.01838235294117647 0.04575163398692811
0 0.9031862745098039 0.4027777777777778 0.049019607843137254 0.05065359477124183
0 0.9368872549019608 0.43137254901960786 0.030637254901960783 0.05555555555555556
0 0.9129901960784313 0.4419934640522876 0.022058823529411763 0.04738562091503268
0 0.8805147058823529 0.4419934640522876 0.03799019607843137 0.03431372549019608
0 0.6372549019607843 0.3790849673202614 0.03431372549019608 0.06862745098039216
0 0.9313725490196079 0.4812091503267974 0.029411764705882353 0.057189542483660136
0 0.9197303921568627 0.5383986928104575 0.030637254901960783 0.06045751633986928
0 0.9491421568627451 0.5433006535947713 0.03308823529411765 0.05392156862745098
0 0.9454656862745098 0.5972222222222222 0.025735294117647058 0.05065359477124183
0 0.9693627450980392 0.6609477124183006 0.024509803921568627 0.06045751633986928
0 0.9031862745098039 0.6086601307189543 0.02696078431372549 0.05065359477124183
0 0.9074754901960784 0.6413398692810458 0.023284313725490197 0.04084967320261438
0 0.8903186274509803 0.5547385620915033 0.028186274509803922 0.057189542483660136
0 0.8982843137254902 0.4820261437908497 0.031862745098039214 0.06209150326797386
0 0.8658088235294118 0.5073529411764706 0.025735294117647058 0.04738562091503268
0 0.8799019607843137 0.5253267973856209 0.024509803921568627 0.04411764705882353
0 0.8627450980392157 0.5841503267973857 0.022058823529411763 0.05065359477124183
0 0.8768382352941176 0.6478758169934641 0.04044117647058824 0.08660130718954248
0 0.8455882352941176 0.6413398692810458 0.024509803921568627 0.05392156862745098
0 0.8247549019607843 0.46895424836601307 0.07352941176470588 0.06535947712418301
0 0.8204656862745098 0.5122549019607844 0.04534313725490196 0.04084967320261438
0 0.7714460784313726 0.4542483660130719 0.03799019607843137 0.10457516339869281
0 0.7549019607843137 0.5645424836601307 0.05392156862745098 0.08986928104575163
0 0.7818627450980392 0.6266339869281046 0.03676470588235294 0.07026143790849673
0 0.7696078431372549 0.6919934640522876 0.049019607843137254 0.057189542483660136
0 0.7463235294117647 0.6397058823529412 0.05392156862745098 0.07679738562091504
0 0.7377450980392157 0.5098039215686274 0.03431372549019608 0.05555555555555556
0 0.7420343137254902 0.477124183006536 0.025735294117647058 0.042483660130718956
0 0.7401960784313726 0.4297385620915033 0.031862745098039214 0.06209150326797386
0 0.6776960784313726 0.41421568627450983 0.03431372549019608 0.03431372549019608
0 0.6887254901960784 0.4362745098039216 0.029411764705882353 0.032679738562091505
0 0.6801470588235294 0.47058823529411764 0.024509803921568627 0.0392156862745098
0 0.6587009803921569 0.46405228758169936 0.028186274509803922 0.05555555555555556
0 0.6746323529411765 0.5245098039215687 0.04044117647058824 0.03594771241830066
0 0.7077205882352942 0.4763071895424837 0.04044117647058824 0.08660130718954248
0 0.7224264705882353 0.5490196078431373 0.023284313725490197 0.04575163398692811
0 0.7107843137254902 0.6200980392156863 0.029411764705882353 0.07352941176470588
0 0.6807598039215687 0.5816993464052288 0.06004901960784314 0.08496732026143791
0 0.6550245098039216 0.5571895424836601 0.028186274509803922 0.029411764705882353
0 0.6360294117647058 0.5849673202614379 0.02696078431372549 0.05228758169934641
0 0.6439950980392157 0.5155228758169935 0.030637254901960783 0.04411764705882353
0 0.6256127450980392 0.4812091503267974 0.025735294117647058 0.05065359477124183
0 0.6090686274509803 0.5073529411764706 0.029411764705882353 0.05065359477124183
0 0.6225490196078431 0.4199346405228758 0.029411764705882353 0.049019607843137254
0 0.5900735294117647 0.42401960784313725 0.03553921568627451 0.057189542483660136
0 0.5876225490196079 0.37663398692810457 0.03799019607843137 0.05392156862745098
0 0.5502450980392157 0.3700980392156863 0.06372549019607843 0.057189542483660136
0 0.5110294117647058 0.3929738562091503 0.022058823529411763 0.04084967320261438
0 0.5300245098039216 0.42647058823529416 0.04044117647058824 0.04575163398692811
0 0.5557598039215687 0.47303921568627455 0.03799019607843137 0.07352941176470588
0 0.5661764705882353 0.5522875816993464 0.04656862745098039 0.09150326797385622
0 0.49019607843137253 0.41748366013071897 0.022058823529411763 0.04411764705882353
0 0.5079656862745098 0.4485294117647059 0.025735294117647058 0.05065359477124183
0 0.5189950980392157 0.48284313725490197 0.030637254901960783 0.03758169934640523
0 0.5294117647058824 0.5163398692810458 0.02696078431372549 0.04575163398692811
0 0.5281862745098039 0.5767973856209151 0.03431372549019608 0.05555555555555556
0 0.5012254901960784 0.5490196078431373 0.022058823529411763 0.042483660130718956
0 0.5030637254901961 0.5866013071895425 0.028186274509803922 0.04575163398692811
0 0.477328431372549 0.4852941176470588 0.05514705882352941 0.08823529411764706
0 0.42769607843137253 0.46895424836601307 0.051470588235294115 0.042483660130718956
0 0.4325980392156863 0.5089869281045751 0.031862745098039214 0.057189542483660136
0 0.4534313725490196 0.5375816993464052 0.04656862745098039 0.03594771241830066
0 0.4791666666666667 0.5580065359477124 0.024509803921568627 0.03758169934640523
0 0.45955882352941174 0.6184640522875817 0.044117647058823525 0.09640522875816994
0 0.5024509803921569 0.6258169934640523 0.02696078431372549 0.04575163398692811
0 0.5269607843137255 0.6282679738562091 0.024509803921568627 0.05065359477124183
0 0.4381127450980392 0.5759803921568628 0.023284313725490197 0.04084967320261438
0 0.4215686274509804 0.5547385620915033 0.0196078431372549 0.04084967320261438
0 0.4013480392156863 0.5457516339869282 0.028186274509803922 0.058823529411764705
0 0.39828431372549017 0.6037581699346405 0.07598039215686274 0.06699346405228758
0 0.39338235294117646 0.6658496732026143 0.0661764705882353 0.07352941176470588
0 0.4258578431372549 0.6486928104575164 0.020833333333333332 0.032679738562091505
0 0.4325980392156863 0.6879084967320261 0.022058823529411763 0.026143790849673203
0 0.4950980392156863 0.6854575163398693 0.041666666666666664 0.07352941176470588
0 0.5386029411764706 0.7148692810457516 0.05514705882352941 0.08333333333333334
0 0.5643382352941176 0.7352941176470589 0.03553921568627451 0.049019607843137254
0 0.5778186274509803 0.6642156862745098 0.030637254901960783 0.06372549019607843
0 0.5912990196078431 0.6209150326797386 0.023284313725490197 0.05228758169934641
0 0.3553921568627451 0.6683006535947713 0.0196078431372549 0.03594771241830066
0 0.3382352941176471 0.7083333333333334 0.02696078431372549 0.06045751633986928
0 0.37806372549019607 0.7132352941176471 0.04779411764705882 0.07352941176470588
0 0.414828431372549 0.7467320261437909 0.05514705882352941 0.08496732026143791
0 0.34987745098039214 0.7467320261437909 0.020833333333333332 0.03594771241830066
0 0.36887254901960786 0.7622549019607844 0.029411764705882353 0.05392156862745098
0 0.3860294117647059 0.7916666666666667 0.024509803921568627 0.05065359477124183
0 0.3449754901960784 0.7883986928104575 0.023284313725490197 0.03758169934640523
0 0.4074754901960784 0.8120915032679739 0.030637254901960783 0.03594771241830066
0 0.38848039215686275 0.8357843137254902 0.02696078431372549 0.04411764705882353
0 0.4221813725490196 0.8455882352941176 0.0428921568627451 0.03758169934640523
0 0.44424019607843135 0.7957516339869282 0.04534313725490196 0.08169934640522876
0 0.48284313725490197 0.8063725490196079 0.051470588235294115 0.06372549019607843
0 0.53125 0.7957516339869282 0.023284313725490197 0.05228758169934641
0 0.5526960784313726 0.8055555555555556 0.022058823529411763 0.05228758169934641
0 0.5012254901960784 0.7295751633986929 0.022058823529411763 0.04738562091503268
0 0.4810049019607843 0.7450980392156863 0.020833333333333332 0.05228758169934641
0 0.9908088235294118 0.8741830065359477 0.01838235294117647 0.05555555555555556
0 0.9926470588235294 0.8243464052287582 0.014705882352941176 0.04084967320261438
0 0.9718137254901961 0.9599673202614379 0.024509803921568627 0.07026143790849673
0 0.923406862745098 0.9460784313725491 0.05759803921568627 0.09150326797385622
0 0.8860294117647058 0.940359477124183 0.031862745098039214 0.08006535947712419
0 0.8529411764705882 0.9722222222222222 0.044117647058823525 0.05555555555555556
0 0.8204656862745098 0.977124183006536 0.023284313725490197 0.04575163398692811
0 0.7904411764705882 0.9852941176470589 0.0392156862745098 0.029411764705882353
0 0.6893382352941176 0.9812091503267975 0.020833333333333332 0.03758169934640523
0 0.7083333333333334 0.9468954248366014 0.029411764705882353 0.05392156862745098
0 0.7254901960784313 0.923202614379085 0.022058823529411763 0.049019607843137254
0 0.767156862745098 0.9313725490196079 0.061274509803921566 0.0784313725490196
0 0.7022058823529411 0.8684640522875817 0.02696078431372549 0.06372549019607843
0 0.6715686274509803 0.875 0.031862745098039214 0.057189542483660136
0 0.7052696078431372 0.8169934640522876 0.023284313725490197 0.042483660130718956
0 0.7242647058823529 0.8284313725490197 0.024509803921568627 0.042483660130718956
0 0.7285539215686274 0.7851307189542484 0.020833333333333332 0.04738562091503268
0 0.6966911764705882 0.678921568627451 0.04534313725490196 0.07352941176470588
0 0.6537990196078431 0.6707516339869282 0.04779411764705882 0.10294117647058824
0 0.6721813725490196 0.7214052287581699 0.023284313725490197 0.04411764705882353
0 0.6954656862745098 0.744281045751634 0.028186274509803922 0.057189542483660136
0 0.6427696078431372 0.7410130718954249 0.05024509803921569 0.04411764705882353
0 0.6158088235294118 0.7066993464052288 0.028186274509803922 0.06699346405228758
0 0.8272058823529411 0.7491830065359477 0.02696078431372549 0.06372549019607843
0 0.8468137254901961 0.6968954248366013 0.03431372549019608 0.06372549019607843
0 0.9417892156862745 0.704248366013072 0.028186274509803922 0.05555555555555556
0 0.9926470588235294 0.673202614379085 0.014705882352941176 0.06535947712418301
0 0.9473039215686274 0.7736928104575164 0.0392156862745098 0.09313725490196079
0 0.914828431372549 0.7687908496732027 0.023284313725490197 0.04411764705882353
0 0.883578431372549 0.7712418300653595 0.024509803921568627 0.058823529411764705
0 0.8848039215686274 0.6968954248366013 0.031862745098039214 0.03758169934640523
0 0.8578431372549019 0.7598039215686275 0.02696078431372549 0.06535947712418301
0 0.8504901960784313 0.8169934640522876 0.02696078431372549 0.05555555555555556
0 0.8707107843137255 0.8186274509803921 0.023284313725490197 0.042483660130718956
0 0.8970588235294118 0.8227124183006537 0.02696078431372549 0.08006535947712419
0 0.9221813725490196 0.8284313725490197 0.028186274509803922 0.07189542483660132
0 0.960171568627451 0.8553921568627452 0.03308823529411765 0.06372549019607843
0 0.9381127450980392 0.8839869281045752 0.025735294117647058 0.049019607843137254
0 0.9583333333333334 0.9109477124183006 0.0196078431372549 0.05392156862745098
0 0.90625 0.8741830065359477 0.0428921568627451 0.049019607843137254
0 0.8743872549019608 0.8627450980392157 0.023284313725490197 0.05228758169934641
0 0.8474264705882353 0.8937908496732027 0.025735294117647058 0.029411764705882353
0 0.860906862745098 0.9068627450980392 0.028186274509803922 0.06862745098039216
0 0.8535539215686274 0.857843137254902 0.01838235294117647 0.0392156862745098
0 0.8302696078431372 0.863562091503268 0.030637254901960783 0.03758169934640523
0 0.7941176470588235 0.8480392156862745 0.061274509803921566 0.08496732026143791
0 0.5557598039215687 0.9836601307189543 0.05024509803921569 0.029411764705882353
