0 0.4852941176470588 0.5343137254901961 0.01715686274509804 0.029411764705882353
0 0.5042892156862745 0.5441176470588236 0.023284313725490197 0.0196078431372549
0 0.5281862745098039 0.5433006535947713 0.029411764705882353 0.024509803921568627
0 0.5318627450980392 0.5727124183006536 0.029411764705882353 0.024509803921568627
0 0.5575980392156863 0.5996732026143791 0.022058823529411763 0.016339869281045753
0 0.5404411764705882 0.5277777777777778 0.024509803921568627 0.016339869281045753
0 0.5637254901960784 0.5261437908496732 0.024509803921568627 0.029411764705882353
0 0.5888480392156863 0.5490196078431373 0.05024509803921569 0.042483660130718956
0 0.6017156862745098 0.5220588235294118 0.024509803921568627 0.01797385620915033
0 0.6121323529411765 0.5351307189542484 0.020833333333333332 0.01797385620915033
0 0.6329656862745098 0.5277777777777778 0.01838235294117647 0.016339869281045753
0 0.6397058823529411 0.5179738562091504 0.0196078431372549 0.016339869281045753
0 0.6709558823529411 0.5408496732026143 0.05024509803921569 0.042483660130718956
0 0.7015931372549019 0.565359477124183 0.03308823529411765 0.026143790849673203
0 0.6403186274509803 0.5580065359477124 0.020833333333333332 0.01797385620915033
0 0.6262254901960784 0.5669934640522876 0.022058823529411763 0.022875816993464054
0 0.6139705882352942 0.573529411764706 0.0196078431372549 0.0196078431372549
0 0.6415441176470588 0.5767973856209151 0.01838235294117647 0.022875816993464054
0 0.664828431372549 0.5800653594771242 0.028186274509803922 0.026143790849673203
0 0.6862745098039216 0.5727124183006536 0.022058823529411763 0.024509803921568627
0 0.7095588235294118 0.5416666666666666 0.022058823529411763 0.021241830065359478
0 0.7236519607843137 0.5580065359477124 0.020833333333333332 0.021241830065359478
