0 0.7630718954248367 0.9227941176470588 0.029411764705882353 0.0196078431372549
0 0.6879084967320261 0.8658088235294118 0.026143790849673203 0.015931372549019607
0 0.7091503267973857 0.9283088235294118 0.042483660130718956 0.020833333333333332
0 0.5841503267973857 0.8939950980392156 0.03104575163398693 0.01838235294117647
0 0.6160130718954249 0.9093137254901961 0.022875816993464054 0.01715686274509804
0 0.5866013071895425 0.9117647058823529 0.029411764705882353 0.014705882352941176
0 0.5776143790849674 0.9264705882352942 0.04084967320261438 0.0196078431372549
0 0.6029411764705882 0.9258578431372549 0.026143790849673203 0.01838235294117647
0 0.5727124183006536 0.9754901960784313 0.03431372549019608 0.0196078431372549
0 0.5580065359477124 0.9454656862745098 0.03104575163398693 0.01838235294117647
0 0.5359477124183006 0.9264705882352942 0.029411764705882353 0.014705882352941176
0 0.5547385620915033 0.9142156862745098 0.03431372549019608 0.0196078431372549
0 0.5416666666666666 0.9007352941176471 0.03758169934640523 0.0196078431372549
0 0.4934640522875817 0.9276960784313726 0.05228758169934641 0.024509803921568627
0 0.45588235294117646 0.9160539215686274 0.032679738562091505 0.025735294117647058
0 0.46405228758169936 0.946078431372549 0.029411764705882353 0.02696078431372549
0 0.4950980392156863 0.9540441176470588 0.03594771241830066 0.025735294117647058
0 0.5294117647058824 0.9577205882352942 0.032679738562091505 0.013480392156862746
0 0.46977124183006536 0.9736519607843137 0.04738562091503268 0.025735294117647058
0 0.4395424836601307 0.9589460784313726 0.03594771241830066 0.023284313725490197
0 0.43218954248366015 0.9362745098039216 0.03758169934640523 0.014705882352941176
0 0.5196078431372549 0.9129901960784313 0.026143790849673203 0.022058823529411763
0 0.40931372549019607 0.9203431372549019 0.04084967320261438 0.0196078431372549
0 0.3700980392156863 0.9301470588235294 0.04084967320261438 0.01715686274509804
0 0.38562091503267976 0.9473039215686274 0.0392156862745098 0.0196078431372549
0 0.4076797385620915 0.9620098039215687 0.03104575163398693 0.022058823529411763
0 0.4150326797385621 0.9816176470588235 0.042483660130718956 0.022058823529411763
0 0.35866013071895425 0.9834558823529411 0.02777777777777778 0.020833333333333332
0 0.3831699346405229 0.9797794117647058 0.024509803921568627 0.01838235294117647
0 0.36683006535947715 0.9613970588235294 0.04411764705882353 0.023284313725490197
0 0.33496732026143794 0.9644607843137255 0.026143790849673203 0.0196078431372549
0 0.05228758169934641 0.9454656862745098 0.0392156862745098 0.020833333333333332
0 0.06209150326797386 0.9901960784313726 0.042483660130718956 0.0196078431372549
0 0.11274509803921569 0.9865196078431372 0.0392156862745098 0.02696078431372549
0 0.1519607843137255 0.9662990196078431 0.029411764705882353 0.015931372549019607
0 0.18055555555555555 0.9607843137254902 0.03758169934640523 0.014705882352941176
0 0.18709150326797386 0.9503676470588235 0.03431372549019608 0.015931372549019607
0 0.238562091503268 0.9638480392156863 0.03594771241830066 0.01838235294117647
0 0.2720588235294118 0.9454656862745098 0.03431372549019608 0.020833333333333332
0 0.3088235294117647 0.9540441176470588 0.029411764705882353 0.023284313725490197
0 0.28921568627450983 0.9705882352941176 0.0196078431372549 0.014705882352941176
0 0.3186274509803922 0.9883578431372549 0.026143790849673203 0.023284313725490197
0 0.28594771241830064 0.9852941176470588 0.022875816993464054 0.01715686274509804
0 0.26143790849673204 0.9877450980392156 0.032679738562091505 0.024509803921568627
0 0.21895424836601307 0.9840686274509803 0.05228758169934641 0.022058823529411763
0 0.18055555555555555 0.9748774509803921 0.02777777777777778 0.011029411764705881
0 0.16258169934640523 0.9877450980392156 0.05392156862745098 0.024509803921568627
0 0.9027777777777778 0.7977941176470588 0.03431372549019608 0.031862745098039214
0 0.8905228758169935 0.9056372549019608 0.03594771241830066 0.022058823529411763
0 0.8439542483660131 0.8872549019607843 0.021241830065359478 0.022058823529411763
0 0.8962418300653595 0.8823529411764706 0.02777777777777778 0.0196078431372549
0 0.9158496732026145 0.48651960784313725 0.03431372549019608 0.03431372549019608
