0 0.8125 0.024509803921568627 0.022058823529411763 0.04575163398692811
0 0.8560049019607843 0.022875816993464054 0.025735294117647058 0.042483660130718956
0 0.8112745098039216 0.08741830065359478 0.03431372549019608 0.03758169934640523
0 0.8155637254901961 0.41830065359477125 0.023284313725490197 0.05228758169934641
0 0.8774509803921569 0.5163398692810458 0.041666666666666664 0.09150326797385622
0 0.9001225490196079 0.5580065359477124 0.030637254901960783 0.07026143790849673
0 0.8651960784313726 0.6127450980392157 0.044117647058823525 0.12091503267973856
0 0.8302696078431372 0.6405228758169935 0.025735294117647058 0.042483660130718956
0 0.8247549019607843 0.6797385620915033 0.0392156862745098 0.0392156862745098
0 0.7634803921568627 0.7475490196078431 0.03431372549019608 0.03431372549019608
0 0.9828431372549019 0.7099673202614379 0.03431372549019608 0.05392156862745098
0 0.9791666666666666 0.7630718954248367 0.024509803921568627 0.05228758169934641
0 0.9797794117647058 0.8243464052287582 0.023284313725490197 0.057189542483660136
0 0.9871323529411764 0.8782679738562091 0.025735294117647058 0.06045751633986928
0 0.9718137254901961 0.8962418300653595 0.022058823529411763 0.05065359477124183
0 0.9816176470588235 0.9419934640522876 0.0196078431372549 0.04738562091503268
