0 0.29534313725490197 0.4934640522875817 0.05392156862745098 0.04575163398692811
0 0.6801470588235294 0.5375816993464052 0.041666666666666664 0.049019607843137254
0 0.5833333333333334 0.6274509803921569 0.0196078431372549 0.03594771241830066
0 0.5790441176470588 0.696078431372549 0.030637254901960783 0.042483660130718956
0 0.4381127450980392 0.7271241830065359 0.023284313725490197 0.03594771241830066
0 0.47610294117647056 0.7238562091503268 0.020833333333333332 0.042483660130718956
0 0.5079656862745098 0.7165032679738562 0.030637254901960783 0.024509803921568627
0 0.5337009803921569 0.696078431372549 0.028186274509803922 0.026143790849673203
0 0.5416666666666666 0.732843137254902 0.058823529411764705 0.05065359477124183
0 0.5 0.7361111111111112 0.02696078431372549 0.03104575163398693
0 0.5165441176470588 0.7687908496732027 0.025735294117647058 0.024509803921568627
0 0.5128676470588235 0.8006535947712419 0.020833333333333332 0.032679738562091505
0 0.4387254901960784 0.8594771241830066 0.024509803921568627 0.026143790849673203
0 0.3762254901960784 0.8513071895424836 0.022058823529411763 0.032679738562091505
0 0.6047794117647058 0.7058823529411765 0.025735294117647058 0.0196078431372549
0 0.6213235294117647 0.7181372549019608 0.02696078431372549 0.021241830065359478
0 0.6537990196078431 0.7214052287581699 0.028186274509803922 0.024509803921568627
0 0.6709558823529411 0.7377450980392157 0.023284313725490197 0.024509803921568627
0 0.7126225490196079 0.7589869281045751 0.03553921568627451 0.03431372549019608
0 0.6991421568627451 0.7794117647058824 0.03308823529411765 0.0392156862745098
0 0.7303921568627451 0.8104575163398693 0.056372549019607844 0.04575163398692811
0 0.6556372549019608 0.7581699346405228 0.02696078431372549 0.029411764705882353
0 0.6764705882352942 0.763888888888889 0.02696078431372549 0.02777777777777778
0 0.5661764705882353 0.7124183006535948 0.024509803921568627 0.032679738562091505
0 0.585171568627451 0.7459150326797386 0.05024509803921569 0.057189542483660136
0 0.6188725490196079 0.7369281045751634 0.022058823529411763 0.0196078431372549
0 0.6268382352941176 0.7581699346405228 0.025735294117647058 0.022875816993464054
0 0.6366421568627451 0.7769607843137255 0.030637254901960783 0.02777777777777778
0 0.65625 0.7908496732026145 0.03799019607843137 0.032679738562091505
0 0.59375 0.7802287581699346 0.025735294117647058 0.024509803921568627
0 0.6151960784313726 0.7777777777777778 0.01715686274509804 0.029411764705882353
0 0.6096813725490196 0.8014705882352942 0.03308823529411765 0.024509803921568627
0 0.5490196078431373 0.7941176470588236 0.056372549019607844 0.05228758169934641
0 0.5269607843137255 0.8202614379084967 0.0196078431372549 0.032679738562091505
0 0.5821078431372549 0.8120915032679739 0.022058823529411763 0.022875816993464054
0 0.5594362745098039 0.8439542483660131 0.04534313725490196 0.04084967320261438
0 0.6102941176470588 0.8284313725490197 0.024509803921568627 0.022875816993464054
0 0.5888480392156863 0.8545751633986929 0.04534313725490196 0.0392156862745098
0 0.6390931372549019 0.8333333333333334 0.03553921568627451 0.03594771241830066
0 0.6623774509803921 0.8112745098039216 0.023284313725490197 0.021241830065359478
0 0.6954656862745098 0.8112745098039216 0.025735294117647058 0.03104575163398693
0 0.704656862745098 0.8374183006535948 0.031862745098039214 0.024509803921568627
0 0.7303921568627451 0.8447712418300654 0.031862745098039214 0.029411764705882353
0 0.6715686274509803 0.8333333333333334 0.03676470588235294 0.032679738562091505
0 0.6458333333333334 0.8602941176470589 0.029411764705882353 0.021241830065359478
0 0.4675245098039216 0.8848039215686275 0.030637254901960783 0.05392156862745098
0 0.49816176470588236 0.8660130718954249 0.03308823529411765 0.05555555555555556
0 0.5257352941176471 0.8602941176470589 0.03431372549019608 0.02777777777777778
0 0.6770833333333334 0.8766339869281046 0.03553921568627451 0.04738562091503268
0 0.7009803921568627 0.8668300653594772 0.029411764705882353 0.02777777777777778
0 0.7279411764705882 0.8946078431372549 0.03676470588235294 0.03758169934640523
0 0.7034313725490196 0.8986928104575164 0.029411764705882353 0.032679738562091505
0 0.7064950980392157 0.934640522875817 0.028186274509803922 0.032679738562091505
0 0.7107843137254902 0.9207516339869282 0.022058823529411763 0.01797385620915033
0 0.678921568627451 0.9125816993464052 0.03431372549019608 0.024509803921568627
0 0.6194852941176471 0.8570261437908497 0.023284313725490197 0.03431372549019608
0 0.6360294117647058 0.9027777777777778 0.06372549019607843 0.05392156862745098
0 0.6758578431372549 0.9354575163398693 0.03308823529411765 0.024509803921568627
0 0.6488970588235294 0.934640522875817 0.030637254901960783 0.026143790849673203
0 0.6482843137254902 0.9599673202614379 0.02696078431372549 0.03104575163398693
0 0.6764705882352942 0.9591503267973857 0.03431372549019608 0.029411764705882353
0 0.5998774509803921 0.8856209150326798 0.03553921568627451 0.049019607843137254
0 0.5655637254901961 0.8921568627450981 0.04534313725490196 0.0392156862745098
0 0.5281862745098039 0.8905228758169935 0.049019607843137254 0.042483660130718956
0 0.4938725490196078 0.9133986928104575 0.031862745098039214 0.029411764705882353
0 0.5441176470588235 0.9379084967320261 0.061274509803921566 0.058823529411764705
0 0.49203431372549017 0.9591503267973857 0.020833333333333332 0.04575163398692811
0 0.5134803921568627 0.9673202614379085 0.029411764705882353 0.022875816993464054
0 0.5036764705882353 0.934640522875817 0.024509803921568627 0.0196078431372549
0 0.5765931372549019 0.9207516339869282 0.03308823529411765 0.024509803921568627
0 0.59375 0.9411764705882353 0.04779411764705882 0.0392156862745098
0 0.9791666666666666 0.1919934640522876 0.041666666666666664 0.08333333333333334
0 0.5091911764705882 0.3602941176470588 0.023284313725490197 0.021241830065359478
0 0.41973039215686275 0.9183006535947713 0.03799019607843137 0.0392156862745098
