0 0.08026960784313725 0.9648692810457516 0.025735294117647058 0.021241830065359478
0 0.45465686274509803 0.7990196078431373 0.024509803921568627 0.026143790849673203
0 0.47549019607843135 0.8137254901960784 0.01715686274509804 0.022875816993464054
0 0.5 0.8145424836601307 0.0196078431372549 0.01797385620915033
0 0.49203431372549017 0.8341503267973857 0.020833333333333332 0.01797385620915033
0 0.46875 0.8357843137254902 0.03553921568627451 0.04411764705882353
0 0.4950980392156863 0.8627450980392157 0.041666666666666664 0.04575163398692811
0 0.39338235294117646 0.8218954248366014 0.031862745098039214 0.026143790849673203
0 0.43504901960784315 0.8300653594771242 0.01715686274509804 0.022875816993464054
0 0.41973039215686275 0.8341503267973857 0.020833333333333332 0.01797385620915033
0 0.39828431372549017 0.8447712418300654 0.03431372549019608 0.022875816993464054
0 0.4185049019607843 0.8758169934640523 0.030637254901960783 0.05555555555555556
0 0.4466911764705882 0.8611111111111112 0.04534313725490196 0.042483660130718956
0 0.37683823529411764 0.8602941176470589 0.020833333333333332 0.01797385620915033
0 0.3958333333333333 0.8627450980392157 0.01715686274509804 0.0196078431372549
0 0.39338235294117646 0.8782679738562091 0.022058823529411763 0.01797385620915033
0 0.39276960784313725 0.8970588235294118 0.03308823529411765 0.026143790849673203
0 0.3713235294117647 0.8946078431372549 0.0196078431372549 0.01797385620915033
0 0.3486519607843137 0.9027777777777778 0.025735294117647058 0.021241830065359478
0 0.34129901960784315 0.9158496732026145 0.020833333333333332 0.01797385620915033
0 0.3241421568627451 0.9223856209150327 0.01838235294117647 0.02777777777777778
0 0.3051470588235294 0.9150326797385622 0.0196078431372549 0.029411764705882353
0 0.2659313725490196 0.9240196078431373 0.014705882352941176 0.01797385620915033
0 0.24448529411764705 0.9272875816993464 0.023284313725490197 0.021241830065359478
0 0.25306372549019607 0.954248366013072 0.03799019607843137 0.03594771241830066
0 0.2892156862745098 0.940359477124183 0.0392156862745098 0.03104575163398693
0 0.2775735294117647 0.9656862745098039 0.03308823529411765 0.029411764705882353
0 0.3131127450980392 0.9656862745098039 0.03308823529411765 0.029411764705882353
0 0.3174019607843137 0.9460784313725491 0.01715686274509804 0.016339869281045753
0 0.33026960784313725 0.9436274509803921 0.013480392156862746 0.024509803921568627
0 0.34191176470588236 0.9575163398692811 0.02696078431372549 0.022875816993464054
0 0.3363970588235294 0.9738562091503268 0.01838235294117647 0.0196078431372549
0 0.35110294117647056 0.9354575163398693 0.030637254901960783 0.024509803921568627
0 0.3627450980392157 0.9166666666666667 0.0196078431372549 0.0196078431372549
0 0.37683823529411764 0.9133986928104575 0.01838235294117647 0.022875816993464054
0 0.39215686274509803 0.9158496732026145 0.0196078431372549 0.021241830065359478
0 0.39705882352941174 0.9419934640522876 0.03431372549019608 0.03758169934640523
0 0.37254901960784315 0.9575163398692811 0.02696078431372549 0.05228758169934641
0 0.38786764705882354 0.9591503267973857 0.013480392156862746 0.022875816993464054
0 0.4025735294117647 0.9681372549019608 0.023284313725490197 0.021241830065359478
0 0.43137254901960786 0.9673202614379085 0.03431372549019608 0.032679738562091505
0 0.40808823529411764 0.9117647058823529 0.01715686274509804 0.016339869281045753
0 0.42463235294117646 0.9166666666666667 0.01838235294117647 0.016339869281045753
0 0.4142156862745098 0.9084967320261438 0.00980392156862745 0.0196078431372549
0 0.46078431372549017 0.9003267973856209 0.0392156862745098 0.0392156862745098
0 0.4877450980392157 0.8970588235294118 0.022058823529411763 0.0196078431372549
0 0.47855392156862747 0.9223856209150327 0.03799019607843137 0.03104575163398693
0 0.4620098039215686 0.9419934640522876 0.024509803921568627 0.03431372549019608
0 0.4117647058823529 0.9338235294117647 0.0196078431372549 0.03758169934640523
0 0.4368872549019608 0.9395424836601307 0.03799019607843137 0.03594771241830066
0 0.4577205882352941 0.9648692810457516 0.01838235294117647 0.014705882352941176
0 0.4577205882352941 0.977124183006536 0.020833333333333332 0.0196078431372549
0 0.4779411764705882 0.9624183006535948 0.024509803921568627 0.029411764705882353
0 0.47855392156862747 0.9812091503267975 0.01838235294117647 0.01797385620915033
0 0.4963235294117647 0.9616013071895425 0.014705882352941176 0.021241830065359478
0 0.49019607843137253 0.977124183006536 0.0196078431372549 0.016339869281045753
0 0.5202205882352942 0.9746732026143791 0.04044117647058824 0.03431372549019608
0 0.5520833333333334 0.9852941176470589 0.020833333333333332 0.0196078431372549
0 0.5704656862745098 0.9746732026143791 0.03308823529411765 0.03431372549019608
0 0.5208333333333334 0.8251633986928105 0.03431372549019608 0.032679738562091505
0 0.5355392156862745 0.8651960784313726 0.0392156862745098 0.04738562091503268
0 0.5134803921568627 0.8937908496732027 0.031862745098039214 0.03594771241830066
0 0.5079656862745098 0.9150326797385622 0.01838235294117647 0.016339869281045753
0 0.522671568627451 0.9142156862745099 0.01838235294117647 0.01797385620915033
0 0.5079656862745098 0.940359477124183 0.0428921568627451 0.03758169934640523
0 0.5275735294117647 0.9305555555555556 0.01838235294117647 0.01797385620915033
0 0.6047794117647058 0.8031045751633987 0.015931372549019607 0.024509803921568627
0 0.6041666666666666 0.821078431372549 0.0196078431372549 0.01797385620915033
0 0.5968137254901961 0.8398692810457516 0.0196078431372549 0.022875816993464054
0 0.5723039215686274 0.8496732026143791 0.029411764705882353 0.029411764705882353
0 0.5649509803921569 0.8725490196078431 0.024509803921568627 0.0196078431372549
0 0.5716911764705882 0.8897058823529412 0.01838235294117647 0.02777777777777778
0 0.5557598039215687 0.8946078431372549 0.020833333333333332 0.01797385620915033
0 0.5490196078431373 0.9166666666666667 0.03431372549019608 0.032679738562091505
0 0.5735294117647058 0.9101307189542484 0.014705882352941176 0.026143790849673203
0 0.5827205882352942 0.9093137254901961 0.013480392156862746 0.03104575163398693
0 0.5667892156862745 0.9379084967320261 0.03553921568627451 0.03594771241830066
0 0.5447303921568627 0.9558823529411765 0.0428921568627451 0.0392156862745098
0 0.5949754901960784 0.8676470588235294 0.020833333333333332 0.026143790849673203
0 0.6329656862745098 0.8357843137254902 0.0428921568627451 0.03758169934640523
0 0.65625 0.821078431372549 0.020833333333333332 0.021241830065359478
0 0.6102941176470588 0.8496732026143791 0.01715686274509804 0.032679738562091505
0 0.6231617647058824 0.8602941176470589 0.01838235294117647 0.021241830065359478
0 0.6017156862745098 0.8856209150326798 0.044117647058823525 0.03594771241830066
0 0.5919117647058824 0.9207516339869282 0.012254901960784314 0.02777777777777778
0 0.5992647058823529 0.9109477124183006 0.014705882352941176 0.024509803921568627
0 0.6268382352941176 0.9109477124183006 0.04044117647058824 0.03431372549019608
0 0.6011029411764706 0.940359477124183 0.04044117647058824 0.04084967320261438
0 0.59375 0.9648692810457516 0.020833333333333332 0.021241830065359478
0 0.6011029411764706 0.9869281045751634 0.030637254901960783 0.026143790849673203
0 0.6231617647058824 0.977124183006536 0.0428921568627451 0.0392156862745098
0 0.6390931372549019 0.9444444444444444 0.04044117647058824 0.03594771241830066
0 0.6758578431372549 0.8120915032679739 0.01838235294117647 0.026143790849673203
0 0.6924019607843137 0.8202614379084967 0.014705882352941176 0.029411764705882353
0 0.6776960784313726 0.8341503267973857 0.024509803921568627 0.021241830065359478
0 0.6587009803921569 0.8415032679738562 0.013480392156862746 0.026143790849673203
0 0.6495098039215687 0.8586601307189543 0.024509803921568627 0.021241830065359478
0 0.6372549019607843 0.8660130718954249 0.014705882352941176 0.0196078431372549
0 0.6452205882352942 0.8823529411764706 0.015931372549019607 0.0196078431372549
0 0.6587009803921569 0.8766339869281046 0.025735294117647058 0.021241830065359478
0 0.6709558823529411 0.8651960784313726 0.015931372549019607 0.02777777777777778
0 0.6825980392156863 0.8513071895424836 0.0196078431372549 0.016339869281045753
0 0.6985294117647058 0.8472222222222222 0.01715686274509804 0.01797385620915033
0 0.6905637254901961 0.883169934640523 0.030637254901960783 0.057189542483660136
0 0.6727941176470588 0.8905228758169935 0.014705882352941176 0.029411764705882353
0 0.6605392156862745 0.9068627450980392 0.03676470588235294 0.042483660130718956
0 0.6844362745098039 0.9199346405228759 0.023284313725490197 0.0196078431372549
0 0.6813725490196079 0.9411764705882353 0.024509803921568627 0.022875816993464054
0 0.664828431372549 0.9468954248366014 0.01838235294117647 0.014705882352941176
0 0.6593137254901961 0.9681372549019608 0.0392156862745098 0.03758169934640523
0 0.6587009803921569 0.9910130718954249 0.030637254901960783 0.01797385620915033
0 0.6881127450980392 0.9746732026143791 0.03799019607843137 0.04411764705882353
0 0.7683823529411764 0.5073529411764706 0.0196078431372549 0.04084967320261438
0 0.7855392156862745 0.5049019607843137 0.01715686274509804 0.022875816993464054
0 0.803921568627451 0.5130718954248367 0.022058823529411763 0.022875816993464054
0 0.7977941176470588 0.5253267973856209 0.022058823529411763 0.01797385620915033
0 0.8302696078431372 0.5334967320261438 0.0428921568627451 0.03431372549019608
0 0.7849264705882353 0.5302287581699346 0.015931372549019607 0.024509803921568627
0 0.7579656862745098 0.5294117647058824 0.025735294117647058 0.022875816993464054
0 0.7628676470588235 0.5473856209150327 0.023284313725490197 0.022875816993464054
0 0.78125 0.5506535947712419 0.015931372549019607 0.022875816993464054
0 0.8063725490196079 0.5531045751633987 0.044117647058823525 0.04084967320261438
0 0.8345588235294118 0.5604575163398693 0.014705882352941176 0.0196078431372549
0 0.8455882352941176 0.553921568627451 0.022058823529411763 0.016339869281045753
0 0.8590686274509803 0.5784313725490197 0.049019607843137254 0.042483660130718956
0 0.8290441176470588 0.5890522875816994 0.04044117647058824 0.04411764705882353
0 0.7837009803921569 0.5776143790849674 0.028186274509803922 0.04084967320261438
0 0.8137254901960784 0.6151960784313726 0.0196078431372549 0.03431372549019608
0 0.8265931372549019 0.6258169934640523 0.01838235294117647 0.022875816993464054
0 0.8633578431372549 0.6053921568627452 0.020833333333333332 0.01797385620915033
0 0.8572303921568627 0.6200980392156863 0.01838235294117647 0.01797385620915033
0 0.8768382352941176 0.6151960784313726 0.020833333333333332 0.01797385620915033
0 0.9013480392156863 0.6045751633986929 0.01838235294117647 0.022875816993464054
0 0.9160539215686274 0.5816993464052288 0.015931372549019607 0.022875816993464054
0 0.9736519607843137 0.5751633986928105 0.020833333333333332 0.016339869281045753
0 0.9920343137254902 0.5849673202614379 0.015931372549019607 0.022875816993464054
0 0.9803921568627451 0.5882352941176471 0.022058823529411763 0.016339869281045753
0 0.9828431372549019 0.6119281045751634 0.03431372549019608 0.04411764705882353
0 0.9785539215686274 0.6405228758169935 0.04044117647058824 0.0392156862745098
0 0.9908088235294118 0.7263071895424836 0.01838235294117647 0.03758169934640523
0 0.8927696078431372 0.7336601307189543 0.025735294117647058 0.0196078431372549
0 0.9080882352941176 0.7475490196078431 0.031862745098039214 0.03431372549019608
0 0.9093137254901961 0.7720588235294118 0.031862745098039214 0.02777777777777778
0 0.8529411764705882 0.7434640522875817 0.03431372549019608 0.03594771241830066
0 0.8799019607843137 0.75 0.024509803921568627 0.032679738562091505
0 0.9877450980392156 0.8080065359477124 0.022058823529411763 0.021241830065359478
0 0.9626225490196079 0.8104575163398693 0.023284313725490197 0.022875816993464054
0 0.9779411764705882 0.8267973856209151 0.02696078431372549 0.026143790849673203
0 0.9099264705882353 0.7990196078431373 0.025735294117647058 0.026143790849673203
0 0.9350490196078431 0.8055555555555556 0.029411764705882353 0.03594771241830066
0 0.9136029411764706 0.8276143790849674 0.0428921568627451 0.03431372549019608
0 0.9669117647058824 0.8374183006535948 0.0196078431372549 0.021241830065359478
0 0.9865196078431372 0.8496732026143791 0.02696078431372549 0.026143790849673203
0 0.9834558823529411 0.8660130718954249 0.01838235294117647 0.0196078431372549
0 0.9515931372549019 0.8586601307189543 0.0428921568627451 0.04738562091503268
0 0.7886029411764706 0.7606209150326798 0.030637254901960783 0.04411764705882353
0 0.8174019607843137 0.7867647058823529 0.024509803921568627 0.02777777777777778
0 0.8394607843137255 0.7867647058823529 0.022058823529411763 0.03104575163398693
0 0.8572303921568627 0.8006535947712419 0.025735294117647058 0.022875816993464054
0 0.8823529411764706 0.8178104575163399 0.03676470588235294 0.04411764705882353
0 0.9031862745098039 0.8455882352941176 0.022058823529411763 0.024509803921568627
0 0.7077205882352942 0.7908496732026145 0.028186274509803922 0.029411764705882353
0 0.7303921568627451 0.7973856209150327 0.031862745098039214 0.049019607843137254
0 0.7567401960784313 0.7941176470588236 0.025735294117647058 0.029411764705882353
0 0.7573529411764706 0.8120915032679739 0.0196078431372549 0.0196078431372549
0 0.7824754901960784 0.7908496732026145 0.020833333333333332 0.032679738562091505
0 0.7996323529411764 0.7941176470588236 0.020833333333333332 0.029411764705882353
0 0.7781862745098039 0.815359477124183 0.024509803921568627 0.026143790849673203
0 0.8333333333333334 0.8137254901960784 0.024509803921568627 0.026143790849673203
0 0.8125 0.8202614379084967 0.03431372549019608 0.029411764705882353
0 0.7052696078431372 0.8169934640522876 0.013480392156862746 0.026143790849673203
0 0.7126225490196079 0.8316993464052288 0.015931372549019607 0.0196078431372549
0 0.7218137254901961 0.8366013071895425 0.01715686274509804 0.026143790849673203
0 0.7512254901960784 0.8243464052287582 0.02696078431372549 0.021241830065359478
0 0.7383578431372549 0.8374183006535948 0.023284313725490197 0.021241830065359478
0 0.7604166666666666 0.8447712418300654 0.03553921568627451 0.032679738562091505
0 0.7254901960784313 0.8619281045751634 0.041666666666666664 0.03431372549019608
0 0.7267156862745098 0.8839869281045752 0.029411764705882353 0.022875816993464054
0 0.7132352941176471 0.8978758169934641 0.024509803921568627 0.03758169934640523
0 0.7316176470588235 0.9011437908496732 0.022058823529411763 0.01797385620915033
0 0.7524509803921569 0.8962418300653595 0.029411764705882353 0.03104575163398693
0 0.7512254901960784 0.8660130718954249 0.012254901960784314 0.0196078431372549
0 0.7365196078431372 0.9191176470588236 0.03431372549019608 0.02777777777777778
0 0.7230392156862745 0.9517973856209151 0.0392156862745098 0.03104575163398693
0 0.7077205882352942 0.9321895424836601 0.03553921568627451 0.03104575163398693
0 0.7291666666666666 0.9779411764705883 0.024509803921568627 0.02777777777777778
0 0.7113970588235294 0.9746732026143791 0.028186274509803922 0.03431372549019608
0 0.7408088235294118 0.9419934640522876 0.030637254901960783 0.02777777777777778
0 0.7647058823529411 0.9575163398692811 0.03431372549019608 0.04575163398692811
0 0.7475490196078431 0.9779411764705883 0.012254901960784314 0.01797385620915033
0 0.7640931372549019 0.9901960784313726 0.028186274509803922 0.0196078431372549
0 0.7947303921568627 0.8349673202614379 0.025735294117647058 0.026143790849673203
0 0.7886029411764706 0.8488562091503268 0.020833333333333332 0.021241830065359478
0 0.803921568627451 0.8504901960784313 0.012254901960784314 0.01797385620915033
0 0.8002450980392157 0.863562091503268 0.024509803921568627 0.024509803921568627
0 0.7714460784313726 0.8660130718954249 0.015931372549019607 0.016339869281045753
0 0.7818627450980392 0.869281045751634 0.014705882352941176 0.026143790849673203
0 0.7708333333333334 0.8872549019607844 0.02696078431372549 0.029411764705882353
0 0.7953431372549019 0.8823529411764706 0.022058823529411763 0.03594771241830066
0 0.8167892156862745 0.888888888888889 0.025735294117647058 0.029411764705882353
0 0.7696078431372549 0.9109477124183006 0.01715686274509804 0.02777777777777778
0 0.758578431372549 0.9264705882352942 0.012254901960784314 0.022875816993464054
0 0.7855392156862745 0.9003267973856209 0.01715686274509804 0.016339869281045753
0 0.7922794117647058 0.9084967320261438 0.01838235294117647 0.016339869281045753
0 0.8075980392156863 0.9076797385620915 0.01715686274509804 0.021241830065359478
0 0.7935049019607843 0.9297385620915033 0.028186274509803922 0.029411764705882353
0 0.7873774509803921 0.9632352941176471 0.03308823529411765 0.04411764705882353
0 0.7843137254901961 0.9910130718954249 0.022058823529411763 0.01797385620915033
0 0.8106617647058824 0.9861111111111112 0.03553921568627451 0.02777777777777778
0 0.8069852941176471 0.9534313725490197 0.013480392156862746 0.024509803921568627
0 0.8125 0.9264705882352942 0.014705882352941176 0.026143790849673203
0 0.8431372549019608 0.8431372549019608 0.031862745098039214 0.032679738562091505
0 0.8247549019607843 0.8562091503267975 0.03676470588235294 0.03594771241830066
0 0.8321078431372549 0.8823529411764706 0.01715686274509804 0.022875816993464054
0 0.8639705882352942 0.8758169934640523 0.0392156862745098 0.0392156862745098
0 0.866421568627451 0.8496732026143791 0.0196078431372549 0.022875816993464054
0 0.8817401960784313 0.8594771241830066 0.01838235294117647 0.026143790849673203
0 0.8952205882352942 0.8676470588235294 0.015931372549019607 0.029411764705882353
0 0.9142156862745098 0.8733660130718954 0.024509803921568627 0.03758169934640523
0 0.9387254901960784 0.8815359477124183 0.024509803921568627 0.01797385620915033
0 0.954656862745098 0.8978758169934641 0.03431372549019608 0.02777777777777778
0 0.9803921568627451 0.9019607843137255 0.022058823529411763 0.0196078431372549
0 0.9932598039215687 0.8995098039215687 0.013480392156862746 0.02777777777777778
0 0.9742647058823529 0.928921568627451 0.022058823529411763 0.014705882352941176
0 0.9926470588235294 0.9281045751633987 0.014705882352941176 0.016339869281045753
0 0.9926470588235294 0.9166666666666667 0.014705882352941176 0.0196078431372549
0 0.9785539215686274 0.940359477124183 0.020833333333333332 0.014705882352941176
0 0.9240196078431372 0.8962418300653595 0.02696078431372549 0.024509803921568627
0 0.8958333333333334 0.8946078431372549 0.03676470588235294 0.03104575163398693
0 0.8590686274509803 0.9076797385620915 0.044117647058823525 0.04738562091503268
0 0.8308823529411764 0.9256535947712419 0.03431372549019608 0.04084967320261438
0 0.8376225490196079 0.9076797385620915 0.015931372549019607 0.02777777777777778
0 0.8192401960784313 0.9444444444444444 0.020833333333333332 0.029411764705882353
0 0.8308823529411764 0.9591503267973857 0.01715686274509804 0.016339869281045753
0 0.8302696078431372 0.977124183006536 0.03308823529411765 0.032679738562091505
0 0.8590686274509803 0.9705882352941176 0.044117647058823525 0.042483660130718956
0 0.8737745098039216 0.9370915032679739 0.02696078431372549 0.021241830065359478
0 0.8915441176470588 0.917483660130719 0.023284313725490197 0.02777777777777778
0 0.892156862745098 0.9387254901960784 0.0196078431372549 0.024509803921568627
0 0.9050245098039216 0.9428104575163399 0.01838235294117647 0.0196078431372549
0 0.9099264705882353 0.9117647058823529 0.01838235294117647 0.0196078431372549
0 0.9399509803921569 0.9223856209150327 0.041666666666666664 0.04084967320261438
0 0.9497549019607843 0.9526143790849674 0.03431372549019608 0.029411764705882353
0 0.9736519607843137 0.9673202614379085 0.03799019607843137 0.03594771241830066
0 0.9497549019607843 0.9812091503267975 0.031862745098039214 0.03104575163398693
0 0.9209558823529411 0.9354575163398693 0.020833333333333332 0.01797385620915033
0 0.9227941176470588 0.9599673202614379 0.03431372549019608 0.03758169934640523
0 0.9037990196078431 0.9795751633986929 0.0428921568627451 0.03758169934640523
0 0.013480392156862746 0.940359477124183 0.012254901960784314 0.02777777777777778
0 0.004901960784313725 0.9411764705882353 0.007352941176470588 0.026143790849673203
