0 0.7034313725490197 0.2071078431372549 0.05065359477124183 0.024509803921568627
0 0.863562091503268 0.4767156862745098 0.06372549019607843 0.029411764705882353
0 0.8374183006535948 0.4932598039215686 0.04084967320261438 0.020833333333333332
0 0.7990196078431373 0.4840686274509804 0.06209150326797386 0.029411764705882353
0 0.6299019607843137 0.5134803921568627 0.04084967320261438 0.022058823529411763
0 0.5931372549019608 0.5189950980392157 0.042483660130718956 0.023284313725490197
0 0.8717320261437909 0.6488970588235294 0.08006535947712419 0.0428921568627451
0 0.8267973856209151 0.6495098039215687 0.029411764705882353 0.022058823529411763
0 0.798202614379085 0.6507352941176471 0.03431372549019608 0.0196078431372549
0 0.18709150326797386 0.6856617647058824 0.04411764705882353 0.020833333333333332
0 0.14705882352941177 0.6917892156862745 0.03594771241830066 0.023284313725490197
