0 0.04718137254901961 0.8243464052287582 0.07475490196078431 0.06045751633986928
0 0.02022058823529412 0.8676470588235294 0.03553921568627451 0.029411764705882353
0 0.055759803921568624 0.8651960784313726 0.03799019607843137 0.04411764705882353
0 0.06311274509803921 0.9060457516339869 0.03799019607843137 0.02777777777777778
0 0.10294117647058823 0.8643790849673203 0.07107843137254902 0.06862745098039216
0 0.1090686274509804 0.8169934640522876 0.0392156862745098 0.029411764705882353
0 0.15134803921568626 0.8447712418300654 0.028186274509803922 0.029411764705882353
0 0.16544117647058823 0.8823529411764706 0.029411764705882353 0.029411764705882353
0 0.17463235294117646 0.8513071895424836 0.028186274509803922 0.026143790849673203
0 0.20465686274509803 0.8129084967320261 0.06862745098039216 0.06699346405228758
0 0.24019607843137256 0.8382352941176471 0.022058823529411763 0.05228758169934641
0 0.25919117647058826 0.8627450980392157 0.030637254901960783 0.026143790849673203
0 0.28370098039215685 0.8586601307189543 0.028186274509803922 0.03431372549019608
0 0.2806372549019608 0.8120915032679739 0.06862745098039216 0.08496732026143791
0 0.14338235294117646 0.8717320261437909 0.031862745098039214 0.02777777777777778
0 0.3946078431372549 0.6870915032679739 0.041666666666666664 0.06045751633986928
0 0.40441176470588236 0.7271241830065359 0.06372549019607843 0.058823529411764705
0 0.39644607843137253 0.7785947712418301 0.05759803921568627 0.05392156862745098
0 0.3860294117647059 0.8047385620915033 0.03676470588235294 0.024509803921568627
0 0.3909313725490196 0.8227124183006537 0.0392156862745098 0.024509803921568627
0 0.4332107843137255 0.8267973856209151 0.05759803921568627 0.04575163398692811
0 0.4368872549019608 0.857843137254902 0.04044117647058824 0.029411764705882353
0 0.3946078431372549 0.8496732026143791 0.056372549019607844 0.03594771241830066
0 0.42830882352941174 0.7630718954248367 0.020833333333333332 0.04575163398692811
0 0.45036764705882354 0.7941176470588236 0.03799019607843137 0.029411764705882353
0 0.48284313725490197 0.7794117647058824 0.029411764705882353 0.058823529411764705
0 0.45036764705882354 0.7459150326797386 0.05024509803921569 0.07352941176470588
0 0.47549019607843135 0.7312091503267975 0.0392156862745098 0.04084967320261438
0 0.5098039215686274 0.7728758169934641 0.0196078431372549 0.03594771241830066
0 0.5324754901960784 0.7785947712418301 0.030637254901960783 0.024509803921568627
0 0.5416666666666666 0.7238562091503268 0.07598039215686274 0.06535947712418301
0 0.6090686274509803 0.6454248366013072 0.03676470588235294 0.08823529411764706
0 0.6458333333333334 0.6004901960784313 0.029411764705882353 0.04084967320261438
0 0.6348039215686274 0.638888888888889 0.022058823529411763 0.04575163398692811
0 0.5833333333333334 0.6666666666666667 0.024509803921568627 0.049019607843137254
0 0.5919117647058824 0.7230392156862745 0.029411764705882353 0.03431372549019608
0 0.6311274509803921 0.7181372549019608 0.0392156862745098 0.07026143790849673
0 0.6568627450980392 0.6413398692810458 0.0392156862745098 0.04738562091503268
0 0.664828431372549 0.6748366013071896 0.03799019607843137 0.058823529411764705
0 0.6776960784313726 0.7271241830065359 0.051470588235294115 0.08823529411764706
0 0.7555147058823529 0.6699346405228759 0.04534313725490196 0.042483660130718956
0 0.5588235294117647 0.7663398692810458 0.03676470588235294 0.022875816993464054
0 0.6066176470588235 0.7647058823529412 0.061274509803921566 0.05555555555555556
0 0.5723039215686274 0.7843137254901961 0.03431372549019608 0.029411764705882353
0 0.5551470588235294 0.8014705882352942 0.03676470588235294 0.02777777777777778
0 0.5759803921568627 0.8267973856209151 0.07107843137254902 0.049019607843137254
0 0.6060049019607843 0.8055555555555556 0.0428921568627451 0.0392156862745098
0 0.6507352941176471 0.7761437908496732 0.029411764705882353 0.029411764705882353
0 0.6593137254901961 0.8112745098039216 0.049019607843137254 0.05065359477124183
0 0.7126225490196079 0.7524509803921569 0.06004901960784314 0.06372549019607843
0 0.7095588235294118 0.7009803921568628 0.024509803921568627 0.049019607843137254
0 0.7598039215686274 0.7426470588235294 0.044117647058823525 0.08006535947712419
0 0.7352941176470588 0.7818627450980392 0.02696078431372549 0.02777777777777778
0 0.6985294117647058 0.798202614379085 0.03431372549019608 0.03104575163398693
0 0.7886029411764706 0.7165032679738562 0.028186274509803922 0.03758169934640523
0 0.6311274509803921 0.6772875816993464 0.03676470588235294 0.03104575163398693
0 0.7928921568627451 0.75 0.02696078431372549 0.032679738562091505
0 0.8241421568627451 0.7320261437908497 0.05269607843137255 0.04575163398692811
0 0.8621323529411764 0.7254901960784313 0.028186274509803922 0.03594771241830066
0 0.8259803921568627 0.7908496732026145 0.07352941176470588 0.06209150326797386
0 0.8455882352941176 0.755718954248366 0.044117647058823525 0.03431372549019608
0 0.8952205882352942 0.7573529411764706 0.06004901960784314 0.06045751633986928
0 0.8939950980392156 0.7140522875816994 0.028186274509803922 0.03594771241830066
0 0.9332107843137255 0.613562091503268 0.030637254901960783 0.03431372549019608
0 0.9442401960784313 0.6478758169934641 0.028186274509803922 0.05392156862745098
0 0.9142156862745098 0.6772875816993464 0.031862745098039214 0.03104575163398693
0 0.9356617647058824 0.7083333333333334 0.05269607843137255 0.06699346405228758
0 0.9522058823529411 0.7573529411764706 0.056372549019607844 0.04738562091503268
0 0.9301470588235294 0.792483660130719 0.031862745098039214 0.0392156862745098
0 0.9613970588235294 0.798202614379085 0.030637254901960783 0.024509803921568627
0 0.9767156862745098 0.7851307189542484 0.029411764705882353 0.024509803921568627
0 0.9889705882352942 0.7647058823529412 0.022058823529411763 0.029411764705882353
0 0.977328431372549 0.6397058823529412 0.023284313725490197 0.04084967320261438
0 0.9705882352941176 0.6772875816993464 0.02696078431372549 0.03758169934640523
0 0.875 0.7957516339869282 0.03431372549019608 0.0392156862745098
0 0.8952205882352942 0.7941176470588236 0.030637254901960783 0.026143790849673203
0 0.985906862745098 0.7205882352941176 0.028186274509803922 0.058823529411764705
0 0.9791666666666666 0.7344771241830066 0.024509803921568627 0.04411764705882353
