0 0.5702614379084967 0.21323529411764705 0.0196078431372549 0.031862745098039214
0 0.6282679738562091 0.553921568627451 0.04738562091503268 0.061274509803921566
0 0.7777777777777778 0.5563725490196079 0.058823529411764705 0.051470588235294115
0 0.7483660130718954 0.5625 0.022875816993464054 0.031862745098039214
0 0.21241830065359477 0.45526960784313725 0.026143790849673203 0.028186274509803922
0 0.16666666666666669 0.5343137254901961 0.03594771241830066 0.024509803921568627
0 0.4665032679738562 0.6642156862745098 0.024509803921568627 0.029411764705882353
0 0.43709150326797386 0.6825980392156863 0.03431372549019608 0.0196078431372549
0 0.34885620915032683 0.6691176470588235 0.04411764705882353 0.0196078431372549
0 0.43300653594771243 0.7610294117647058 0.022875816993464054 0.02696078431372549
0 0.46405228758169936 0.7892156862745098 0.026143790849673203 0.02696078431372549
0 0.41013071895424835 0.8314950980392157 0.0392156862745098 0.03799019607843137
0 0.4395424836601307 0.8388480392156863 0.032679738562091505 0.023284313725490197
0 0.4256535947712418 0.8566176470588235 0.03104575163398693 0.01715686274509804
0 0.4199346405228758 0.8780637254901961 0.026143790849673203 0.025735294117647058
0 0.43300653594771243 0.9240196078431372 0.022875816993464054 0.02696078431372549
0 0.4281045751633987 0.9534313725490196 0.032679738562091505 0.0196078431372549
0 0.42483660130718953 0.9865196078431372 0.022875816993464054 0.02696078431372549
0 0.4534313725490196 0.9583333333333334 0.024509803921568627 0.02696078431372549
0 0.4526143790849673 0.9338235294117647 0.022875816993464054 0.02696078431372549
0 0.43300653594771243 0.9699754901960784 0.0196078431372549 0.020833333333333332
0 0.440359477124183 0.8964460784313726 0.024509803921568627 0.025735294117647058
0 0.45179738562091504 0.8719362745098039 0.02777777777777778 0.025735294117647058
0 0.45996732026143794 0.8946078431372549 0.024509803921568627 0.024509803921568627
0 0.4493464052287582 0.9828431372549019 0.029411764705882353 0.0196078431372549
0 0.6642156862745098 0.9877450980392156 0.04084967320261438 0.024509803921568627
0 0.4624183006535948 0.7261029411764706 0.022875816993464054 0.023284313725490197
0 0.4485294117647059 0.7316176470588235 0.02777777777777778 0.024509803921568627
0 0.440359477124183 0.7126225490196079 0.021241830065359478 0.020833333333333332
0 0.6576797385620915 0.5 0.03758169934640523 0.0196078431372549
