0 0.6513480392156863 0.03758169934640523 0.06004901960784314 0.04575163398692811
0 0.6795343137254902 0.07352941176470588 0.0625 0.05228758169934641
0 0.7120098039215687 0.04166666666666667 0.05392156862745098 0.05065359477124183
0 0.18259803921568626 0.02696078431372549 0.03676470588235294 0.05065359477124183
0 0.18627450980392157 0.10294117647058824 0.04656862745098039 0.05555555555555556
0 0.20588235294117646 0.14052287581699346 0.024509803921568627 0.049019607843137254
0 0.17034313725490197 0.16258169934640523 0.03431372549019608 0.03758169934640523
0 0.1948529411764706 0.1895424836601307 0.022058823529411763 0.042483660130718956
0 0.16911764705882354 0.20751633986928106 0.02696078431372549 0.04575163398692811
0 0.21629901960784315 0.2181372549019608 0.028186274509803922 0.06699346405228758
0 0.05330882352941176 0.022058823529411766 0.030637254901960783 0.04084967320261438
0 0.018995098039215685 0.08660130718954248 0.03308823529411765 0.08823529411764706
0 0.0508578431372549 0.08251633986928104 0.03553921568627451 0.08333333333333334
0 0.07475490196078431 0.11437908496732027 0.0196078431372549 0.06535947712418301
0 0.012254901960784314 0.19035947712418302 0.022058823529411763 0.08986928104575163
0 0.030637254901960783 0.24101307189542484 0.0392156862745098 0.09313725490196079
0 0.05759803921568627 0.1919934640522876 0.02696078431372549 0.07352941176470588
0 0.02696078431372549 0.30800653594771243 0.022058823529411763 0.04084967320261438
0 0.04718137254901961 0.3235294117647059 0.025735294117647058 0.042483660130718956
0 0.025122549019607844 0.35947712418300654 0.04779411764705882 0.09150326797385622
0 0.11948529411764705 0.40032679738562094 0.028186274509803922 0.06862745098039216
0 0.09313725490196079 0.4011437908496732 0.029411764705882353 0.03758169934640523
0 0.03860294117647059 0.4411764705882353 0.04534313725490196 0.07516339869281045
0 0.08700980392156862 0.4624183006535948 0.03676470588235294 0.08496732026143791
0 0.13970588235294118 0.47794117647058826 0.029411764705882353 0.04738562091503268
0 0.12316176470588235 0.5049019607843137 0.03799019607843137 0.032679738562091505
0 0.056372549019607844 0.5024509803921569 0.031862745098039214 0.04084967320261438
0 0.015318627450980392 0.5130718954248367 0.028186274509803922 0.058823529411764705
0 0.03982843137254902 0.5277777777777778 0.020833333333333332 0.049019607843137254
0 0.0625 0.5449346405228759 0.029411764705882353 0.03758169934640523
0 0.023284313725490197 0.5637254901960784 0.031862745098039214 0.0392156862745098
0 0.03553921568627451 0.6160130718954249 0.022058823529411763 0.06535947712418301
0 0.0625 0.630718954248366 0.031862745098039214 0.042483660130718956
0 0.0625 0.5849673202614379 0.03676470588235294 0.04575163398692811
0 0.0857843137254902 0.5996732026143791 0.022058823529411763 0.04575163398692811
0 0.09681372549019608 0.5522875816993464 0.024509803921568627 0.05555555555555556
0 0.13664215686274508 0.553921568627451 0.03799019607843137 0.08496732026143791
0 0.1096813725490196 0.6200980392156863 0.030637254901960783 0.07026143790849673
0 0.030637254901960783 0.6797385620915033 0.02696078431372549 0.05555555555555556
0 0.0857843137254902 0.7107843137254902 0.0196078431372549 0.049019607843137254
0 0.1256127450980392 0.7287581699346406 0.028186274509803922 0.06862745098039216
0 0.15073529411764705 0.7647058823529412 0.022058823529411763 0.058823529411764705
0 0.17463235294117646 0.7761437908496732 0.020833333333333332 0.05555555555555556
0 0.08517156862745098 0.7941176470588236 0.04779411764705882 0.11437908496732027
0 0.009191176470588236 0.738562091503268 0.015931372549019607 0.06209150326797386
0 0.016544117647058824 0.8341503267973857 0.023284313725490197 0.05065359477124183
0 0.031862745098039214 0.8480392156862745 0.02696078431372549 0.0392156862745098
0 0.02267156862745098 0.9076797385620915 0.03799019607843137 0.06372549019607843
0 0.04350490196078431 0.8815359477124183 0.030637254901960783 0.03431372549019608
0 0.0741421568627451 0.8676470588235294 0.03308823529411765 0.03594771241830066
0 0.07291666666666667 0.9027777777777778 0.023284313725490197 0.05392156862745098
0 0.08333333333333333 0.9468954248366014 0.029411764705882353 0.06372549019607843
0 0.014093137254901961 0.9558823529411765 0.025735294117647058 0.06209150326797386
0 0.03982843137254902 0.9689542483660131 0.030637254901960783 0.04575163398692811
0 0.11397058823529412 0.9379084967320261 0.031862745098039214 0.042483660130718956
0 0.11519607843137254 0.9812091503267975 0.029411764705882353 0.03758169934640523
0 0.13909313725490197 0.9452614379084968 0.020833333333333332 0.05392156862745098
0 0.17401960784313725 0.9084967320261438 0.0392156862745098 0.08496732026143791
0 0.20526960784313725 0.923202614379085 0.030637254901960783 0.06862745098039216
0 0.18566176470588236 0.9624183006535948 0.020833333333333332 0.049019607843137254
0 0.2261029411764706 0.9795751633986929 0.04044117647058824 0.04084967320261438
0 0.24142156862745098 0.9591503267973857 0.0392156862745098 0.058823529411764705
0 0.2604166666666667 0.9338235294117647 0.030637254901960783 0.07679738562091504
0 0.26286764705882354 0.8586601307189543 0.025735294117647058 0.06045751633986928
0 0.28431372549019607 0.8464052287581699 0.024509803921568627 0.058823529411764705
0 0.10845588235294118 0.8978758169934641 0.04044117647058824 0.03104575163398693
0 0.13848039215686275 0.8970588235294118 0.031862745098039214 0.049019607843137254
0 0.12316176470588235 0.852124183006536 0.01838235294117647 0.04738562091503268
0 0.1556372549019608 0.8619281045751634 0.0392156862745098 0.03758169934640523
0 0.17830882352941177 0.8390522875816994 0.0428921568627451 0.05392156862745098
0 0.2113970588235294 0.7859477124183006 0.0428921568627451 0.042483660130718956
0 0.23590686274509803 0.8333333333333334 0.030637254901960783 0.06535947712418301
0 0.26776960784313725 0.7957516339869282 0.023284313725490197 0.049019607843137254
0 0.27267156862745096 0.7565359477124183 0.03553921568627451 0.05555555555555556
0 0.22794117647058823 0.678921568627451 0.03431372549019608 0.08333333333333334
0 0.2536764705882353 0.6911764705882353 0.0196078431372549 0.05228758169934641
0 0.2738970588235294 0.696078431372549 0.028186274509803922 0.06862745098039216
0 0.2757352941176471 0.6258169934640523 0.03676470588235294 0.058823529411764705
0 0.2493872549019608 0.6102941176470589 0.025735294117647058 0.06045751633986928
0 0.1875 0.5179738562091504 0.03676470588235294 0.07516339869281045
0 0.2389705882352941 0.5318627450980392 0.031862745098039214 0.07352941176470588
0 0.18137254901960784 0.4256535947712418 0.031862745098039214 0.06699346405228758
0 0.21568627450980393 0.4428104575163399 0.03676470588235294 0.0784313725490196
0 0.20404411764705882 0.37663398692810457 0.025735294117647058 0.057189542483660136
0 0.23345588235294118 0.33251633986928103 0.03553921568627451 0.07026143790849673
0 0.18933823529411764 0.29983660130718953 0.030637254901960783 0.05392156862745098
0 0.5257352941176471 0.02777777777777778 0.029411764705882353 0.05228758169934641
0 0.41911764705882354 0.06127450980392157 0.031862745098039214 0.07352941176470588
0 0.4068627450980392 0.11764705882352941 0.024509803921568627 0.049019607843137254
0 0.4221813725490196 0.14297385620915032 0.020833333333333332 0.057189542483660136
0 0.3995098039215686 0.18627450980392157 0.03431372549019608 0.09803921568627451
0 0.42401960784313725 0.3235294117647059 0.029411764705882353 0.07189542483660132
0 0.5465686274509803 0.10457516339869281 0.0392156862745098 0.07189542483660132
0 0.5753676470588235 0.10702614379084968 0.03308823529411765 0.07352941176470588
0 0.7843137254901961 0.02369281045751634 0.02696078431372549 0.04411764705882353
0 0.8743872549019608 0.018790849673202614 0.03553921568627451 0.03431372549019608
0 0.9019607843137255 0.014705882352941176 0.02696078431372549 0.026143790849673203
0 0.7689950980392157 0.049019607843137254 0.03799019607843137 0.07516339869281045
0 0.7518382352941176 0.07026143790849673 0.025735294117647058 0.049019607843137254
0 0.7310049019607843 0.09477124183006536 0.03308823529411765 0.032679738562091505
0 0.7218137254901961 0.14133986928104575 0.03431372549019608 0.06372549019607843
0 0.7775735294117647 0.12908496732026145 0.030637254901960783 0.06209150326797386
0 0.7542892156862745 0.12254901960784315 0.028186274509803922 0.06209150326797386
0 0.8051470588235294 0.09640522875816994 0.044117647058823525 0.11111111111111112
0 0.8223039215686274 0.04575163398692811 0.024509803921568627 0.058823529411764705
0 0.8480392156862745 0.040032679738562095 0.03431372549019608 0.07026143790849673
0 0.8799019607843137 0.06127450980392157 0.03676470588235294 0.04411764705882353
0 0.860906862745098 0.1053921568627451 0.025735294117647058 0.05392156862745098
0 0.8363970588235294 0.10049019607843138 0.028186274509803922 0.05392156862745098
0 0.8455882352941176 0.15114379084967322 0.02696078431372549 0.06045751633986928
0 0.8235294117647058 0.18137254901960784 0.044117647058823525 0.06535947712418301
0 0.7996323529411764 0.1985294117647059 0.025735294117647058 0.05065359477124183
0 0.7175245098039216 0.24101307189542484 0.04534313725490196 0.08006535947712419
0 0.6133578431372549 0.2042483660130719 0.030637254901960783 0.06535947712418301
0 0.7647058823529411 0.29248366013071897 0.03676470588235294 0.058823529411764705
0 0.7450980392156863 0.33986928104575165 0.03676470588235294 0.042483660130718956
0 0.6893382352941176 0.3161764705882353 0.03799019607843137 0.07352941176470588
0 0.6819852941176471 0.3758169934640523 0.03553921568627451 0.05228758169934641
0 0.7377450980392157 0.39542483660130723 0.049019607843137254 0.04575163398692811
0 0.6194852941176471 0.3562091503267974 0.03308823529411765 0.06535947712418301
0 0.6427696078431372 0.3709150326797386 0.028186274509803922 0.05555555555555556
0 0.5533088235294118 0.37745098039215685 0.03308823529411765 0.05228758169934641
0 0.5514705882352942 0.43709150326797386 0.03431372549019608 0.05392156862745098
0 0.5428921568627451 0.47875816993464054 0.029411764705882353 0.06209150326797386
0 0.5177696078431373 0.434640522875817 0.030637254901960783 0.07189542483660132
0 0.4834558823529412 0.4019607843137255 0.04044117647058824 0.06209150326797386
0 0.4258578431372549 0.4950980392156863 0.028186274509803922 0.07516339869281045
0 0.4185049019607843 0.5522875816993464 0.030637254901960783 0.07189542483660132
0 0.44730392156862747 0.5400326797385621 0.024509803921568627 0.04738562091503268
0 0.4926470588235294 0.4795751633986928 0.024509803921568627 0.06372549019607843
0 0.48713235294117646 0.5400326797385621 0.020833333333333332 0.057189542483660136
0 0.4693627450980392 0.5204248366013072 0.022058823529411763 0.04738562091503268
0 0.4675245098039216 0.5759803921568628 0.023284313725490197 0.057189542483660136
0 0.49019607843137253 0.6062091503267975 0.029411764705882353 0.06862745098039216
0 0.5349264705882353 0.5645424836601307 0.030637254901960783 0.06045751633986928
0 0.6047794117647058 0.6062091503267975 0.025735294117647058 0.058823529411764705
0 0.5729166666666666 0.6372549019607844 0.030637254901960783 0.058823529411764705
0 0.5189950980392157 0.630718954248366 0.028186274509803922 0.06535947712418301
0 0.42034313725490197 0.6936274509803921 0.024509803921568627 0.06372549019607843
0 0.5287990196078431 0.6879084967320261 0.030637254901960783 0.06209150326797386
0 0.5606617647058824 0.7058823529411765 0.04779411764705882 0.0784313725490196
0 0.6200980392156863 0.6797385620915033 0.049019607843137254 0.0392156862745098
0 0.6544117647058824 0.6511437908496732 0.02696078431372549 0.057189542483660136
0 0.6678921568627451 0.7075163398692811 0.044117647058823525 0.05555555555555556
0 0.6985294117647058 0.6977124183006537 0.03676470588235294 0.08496732026143791
0 0.5814950980392157 0.7483660130718954 0.023284313725490197 0.04575163398692811
0 0.5704656862745098 0.7883986928104575 0.04044117647058824 0.08006535947712419
0 0.5992647058823529 0.7222222222222222 0.041666666666666664 0.05228758169934641
0 0.6096813725490196 0.7900326797385621 0.03553921568627451 0.08006535947712419
0 0.4325980392156863 0.8717320261437909 0.022058823529411763 0.057189542483660136
0 0.6299019607843137 0.8186274509803921 0.031862745098039214 0.058823529411764705
0 0.6537990196078431 0.7647058823529412 0.03799019607843137 0.07516339869281045
0 0.6544117647058824 0.8186274509803921 0.02696078431372549 0.05228758169934641
0 0.6875 0.7687908496732027 0.031862745098039214 0.06045751633986928
0 0.7175245098039216 0.7883986928104575 0.03553921568627451 0.08333333333333334
0 0.7579656862745098 0.7883986928104575 0.05024509803921569 0.05392156862745098
0 0.7487745098039216 0.8357843137254902 0.0392156862745098 0.04084967320261438
0 0.7738970588235294 0.7279411764705882 0.05514705882352941 0.06372549019607843
0 0.7953431372549019 0.7630718954248367 0.02696078431372549 0.058823529411764705
0 0.7910539215686274 0.8178104575163399 0.028186274509803922 0.05392156862745098
0 0.8247549019607843 0.7647058823529412 0.031862745098039214 0.08169934640522876
0 0.8284313725490196 0.9142156862745099 0.024509803921568627 0.05392156862745098
0 0.7861519607843137 0.880718954248366 0.03553921568627451 0.058823529411764705
0 0.7953431372549019 0.9370915032679739 0.02696078431372549 0.06045751633986928
0 0.7634803921568627 0.9281045751633987 0.04656862745098039 0.09477124183006536
0 0.75 0.9803921568627452 0.05392156862745098 0.0392156862745098
0 0.7083333333333334 0.9534313725490197 0.044117647058823525 0.07352941176470588
0 0.6899509803921569 0.8643790849673203 0.03676470588235294 0.07516339869281045
0 0.6678921568627451 0.8946078431372549 0.029411764705882353 0.06372549019607843
0 0.6415441176470588 0.9044117647058824 0.03308823529411765 0.04738562091503268
0 0.6519607843137255 0.9607843137254902 0.02696078431372549 0.058823529411764705
0 0.8884803921568627 0.9011437908496732 0.044117647058823525 0.07679738562091504
0 0.8725490196078431 0.7205882352941176 0.0392156862745098 0.07516339869281045
0 0.9295343137254902 0.9477124183006537 0.03799019607843137 0.08823529411764706
0 0.9577205882352942 0.9746732026143791 0.030637254901960783 0.05065359477124183
0 0.9613970588235294 0.9215686274509804 0.03308823529411765 0.06535947712418301
0 0.9926470588235294 0.8897058823529412 0.014705882352941176 0.07679738562091504
0 0.9883578431372549 0.8357843137254902 0.01838235294117647 0.05065359477124183
0 0.9638480392156863 0.8660130718954249 0.03308823529411765 0.058823529411764705
0 0.991421568627451 0.08169934640522876 0.01715686274509804 0.05555555555555556
0 0.977328431372549 0.10049019607843138 0.030637254901960783 0.06045751633986928
0 0.985906862745098 0.184640522875817 0.028186274509803922 0.07189542483660132
0 0.9589460784313726 0.13316993464052287 0.023284313725490197 0.05392156862745098
0 0.9411764705882353 0.14869281045751634 0.03431372549019608 0.058823529411764705
0 0.9068627450980392 0.12173202614379085 0.029411764705882353 0.05065359477124183
0 0.8866421568627451 0.1388888888888889 0.025735294117647058 0.058823529411764705
0 0.8780637254901961 0.17892156862745098 0.0428921568627451 0.06699346405228758
0 0.9203431372549019 0.17565359477124184 0.049019607843137254 0.06699346405228758
0 0.9564950980392156 0.19526143790849673 0.025735294117647058 0.04084967320261438
0 0.9730392156862745 0.22303921568627452 0.02696078431372549 0.057189542483660136
0 0.9852941176470588 0.28513071895424835 0.029411764705882353 0.09967320261437909
0 0.9613970588235294 0.2622549019607843 0.03308823529411765 0.04084967320261438
0 0.8259803921568627 0.26062091503267976 0.02696078431372549 0.06045751633986928
0 0.8547794117647058 0.25571895424836605 0.03553921568627451 0.08986928104575163
0 0.8872549019607843 0.2818627450980392 0.024509803921568627 0.06045751633986928
0 0.8988970588235294 0.32107843137254904 0.030637254901960783 0.05392156862745098
0 0.9528186274509803 0.3284313725490196 0.030637254901960783 0.06209150326797386
0 0.9791666666666666 0.352124183006536 0.031862745098039214 0.057189542483660136
0 0.9338235294117647 0.2303921568627451 0.02696078431372549 0.04575163398692811
0 0.9111519607843137 0.2099673202614379 0.030637254901960783 0.04084967320261438
0 0.8939950980392156 0.22875816993464054 0.04779411764705882 0.042483660130718956
0 0.9080882352941176 0.2581699346405229 0.03676470588235294 0.026143790849673203
0 0.9301470588235294 0.2777777777777778 0.0392156862745098 0.05555555555555556
0 0.9240196078431372 0.3464052287581699 0.029411764705882353 0.07189542483660132
0 0.96875 0.3937908496732026 0.03308823529411765 0.06535947712418301
0 0.9448529411764706 0.40441176470588236 0.022058823529411763 0.05065359477124183
0 0.9068627450980392 0.39869281045751637 0.02696078431372549 0.05555555555555556
0 0.9375 0.4444444444444445 0.041666666666666664 0.06862745098039216
0 0.9589460784313726 0.5 0.023284313725490197 0.049019607843137254
0 0.7916666666666666 0.3741830065359477 0.041666666666666664 0.07189542483660132
0 0.8253676470588235 0.434640522875817 0.03553921568627451 0.05228758169934641
0 0.7861519607843137 0.45016339869281047 0.05024509803921569 0.08660130718954248
0 0.8075980392156863 0.5269607843137255 0.029411764705882353 0.06372549019607843
0 0.8278186274509803 0.9795751633986929 0.03799019607843137 0.03431372549019608
