0 0.07169117647058823 0.18218954248366015 0.025735294117647058 0.03104575163398693
0 0.9613970588235294 0.244281045751634 0.03308823529411765 0.03431372549019608
0 0.9754901960784313 0.2728758169934641 0.0392156862745098 0.032679738562091505
0 0.9871323529411764 0.29820261437908496 0.025735294117647058 0.03758169934640523
0 0.9221813725490196 0.21895424836601307 0.028186274509803922 0.026143790849673203
0 0.9295343137254902 0.24673202614379086 0.04534313725490196 0.042483660130718956
0 0.9393382352941176 0.27941176470588236 0.023284313725490197 0.026143790849673203
0 0.9001225490196079 0.29983660130718953 0.028186274509803922 0.02777777777777778
0 0.897671568627451 0.25326797385620914 0.028186274509803922 0.0196078431372549
0 0.8982843137254902 0.22875816993464054 0.022058823529411763 0.022875816993464054
0 0.9246323529411764 0.2957516339869281 0.025735294117647058 0.022875816993464054
0 0.8731617647058824 0.20016339869281047 0.030637254901960783 0.03104575163398693
0 0.8743872549019608 0.2303921568627451 0.03799019607843137 0.04575163398692811
0 0.8633578431372549 0.25571895424836605 0.025735294117647058 0.02777777777777778
0 0.8762254901960784 0.3014705882352941 0.0196078431372549 0.024509803921568627
0 0.8504901960784313 0.29820261437908496 0.031862745098039214 0.024509803921568627
0 0.8449754901960784 0.2581699346405229 0.025735294117647058 0.026143790849673203
0 0.8412990196078431 0.2107843137254902 0.03308823529411765 0.026143790849673203
0 0.8492647058823529 0.19035947712418302 0.022058823529411763 0.02777777777777778
0 0.8321078431372549 0.18218954248366015 0.014705882352941176 0.03758169934640523
0 0.8137254901960784 0.17401960784313725 0.024509803921568627 0.02777777777777778
0 0.8100490196078431 0.21405228758169936 0.044117647058823525 0.06535947712418301
0 0.8382352941176471 0.24591503267973858 0.041666666666666664 0.04084967320261438
0 0.8241421568627451 0.2900326797385621 0.030637254901960783 0.02777777777777778
0 0.7916666666666666 0.26552287581699346 0.05392156862745098 0.04411764705882353
0 0.8020833333333334 0.2965686274509804 0.020833333333333332 0.024509803921568627
0 0.7861519607843137 0.2973856209150327 0.020833333333333332 0.022875816993464054
0 0.767156862745098 0.29983660130718953 0.02696078431372549 0.021241830065359478
0 0.7604166666666666 0.2107843137254902 0.028186274509803922 0.03594771241830066
0 0.7886029411764706 0.184640522875817 0.023284313725490197 0.022875816993464054
0 0.7941176470588235 0.1642156862745098 0.02696078431372549 0.024509803921568627
0 0.7555147058823529 0.1707516339869281 0.028186274509803922 0.02777777777777778
0 0.7420343137254902 0.15849673202614378 0.028186274509803922 0.026143790849673203
0 0.727328431372549 0.1781045751633987 0.028186274509803922 0.0196078431372549
0 0.7463235294117647 0.19281045751633988 0.031862745098039214 0.022875816993464054
0 0.75 0.2508169934640523 0.051470588235294115 0.04738562091503268
0 0.7867647058823529 0.2377450980392157 0.02696078431372549 0.02777777777777778
0 0.7242647058823529 0.20506535947712418 0.031862745098039214 0.02777777777777778
0 0.6936274509803921 0.14052287581699346 0.0392156862745098 0.0392156862745098
0 0.7199754901960784 0.1519607843137255 0.020833333333333332 0.032679738562091505
0 0.696078431372549 0.16830065359477125 0.031862745098039214 0.026143790849673203
0 0.7009803921568627 0.1895424836601307 0.022058823529411763 0.022875816993464054
0 0.6825980392156863 0.19035947712418302 0.024509803921568627 0.021241830065359478
0 0.6887254901960784 0.20915032679738563 0.02696078431372549 0.022875816993464054
0 0.7052696078431372 0.2181372549019608 0.030637254901960783 0.024509803921568627
0 0.6825980392156863 0.23937908496732027 0.051470588235294115 0.04411764705882353
0 0.6525735294117647 0.1323529411764706 0.028186274509803922 0.022875816993464054
0 0.6703431372549019 0.16013071895424838 0.02696078431372549 0.022875816993464054
0 0.7212009803921569 0.24101307189542484 0.028186274509803922 0.02777777777777778
0 0.7034313725490196 0.2647058823529412 0.022058823529411763 0.0196078431372549
0 0.7089460784313726 0.28104575163398693 0.020833333333333332 0.022875816993464054
0 0.7230392156862745 0.2900326797385621 0.014705882352941176 0.024509803921568627
0 0.6629901960784313 0.2034313725490196 0.029411764705882353 0.02777777777777778
0 0.647671568627451 0.16830065359477125 0.030637254901960783 0.022875816993464054
0 0.6390931372549019 0.14787581699346405 0.028186274509803922 0.021241830065359478
0 0.625 0.16176470588235295 0.0196078431372549 0.032679738562091505
0 0.6078431372549019 0.19526143790849673 0.051470588235294115 0.04411764705882353
0 0.6403186274509803 0.21323529411764708 0.023284313725490197 0.021241830065359478
0 0.6439950980392157 0.19526143790849673 0.020833333333333332 0.014705882352941176
0 0.6439950980392157 0.1854575163398693 0.028186274509803922 0.021241830065359478
0 0.6323529411764706 0.2246732026143791 0.02696078431372549 0.024509803921568627
0 0.6305147058823529 0.2450980392156863 0.020833333333333332 0.022875816993464054
0 0.6115196078431372 0.2549019607843137 0.03431372549019608 0.022875816993464054
0 0.6207107843137255 0.2720588235294118 0.028186274509803922 0.024509803921568627
0 0.5925245098039216 0.24019607843137256 0.028186274509803922 0.022875816993464054
0 0.5716911764705882 0.25571895424836605 0.028186274509803922 0.024509803921568627
0 0.5759803921568627 0.27369281045751637 0.022058823529411763 0.014705882352941176
0 0.5943627450980392 0.2687908496732026 0.022058823529411763 0.02777777777777778
0 0.5839460784313726 0.22058823529411764 0.025735294117647058 0.026143790849673203
0 0.5931372549019608 0.12745098039215685 0.03431372549019608 0.022875816993464054
0 0.6053921568627451 0.1568627450980392 0.02696078431372549 0.032679738562091505
0 0.5882352941176471 0.1642156862745098 0.02696078431372549 0.024509803921568627
0 0.5759803921568627 0.17401960784313725 0.01715686274509804 0.03431372549019608
0 0.5569852941176471 0.13398692810457516 0.030637254901960783 0.022875816993464054
0 0.5428921568627451 0.12336601307189543 0.02696078431372549 0.03758169934640523
0 0.5263480392156863 0.12336601307189543 0.015931372549019607 0.024509803921568627
0 0.5422794117647058 0.15441176470588236 0.01838235294117647 0.03431372549019608
0 0.5600490196078431 0.1527777777777778 0.024509803921568627 0.021241830065359478
0 0.5600490196078431 0.16993464052287582 0.024509803921568627 0.0196078431372549
0 0.5575980392156863 0.1895424836601307 0.0196078431372549 0.0196078431372549
0 0.5729166666666666 0.20016339869281047 0.025735294117647058 0.024509803921568627
0 0.5435049019607843 0.21650326797385622 0.025735294117647058 0.021241830065359478
0 0.5637254901960784 0.2173202614379085 0.0196078431372549 0.026143790849673203
0 0.5453431372549019 0.2426470588235294 0.03431372549019608 0.02777777777777778
0 0.5373774509803921 0.2720588235294118 0.028186274509803922 0.02777777777777778
0 0.5318627450980392 0.19362745098039216 0.029411764705882353 0.02777777777777778
0 0.5318627450980392 0.1707516339869281 0.02696078431372549 0.024509803921568627
0 0.5232843137254902 0.1454248366013072 0.024509803921568627 0.032679738562091505
0 0.4987745098039216 0.12581699346405228 0.02696078431372549 0.022875816993464054
0 0.5042892156862745 0.14787581699346405 0.020833333333333332 0.02777777777777778
0 0.46875 0.13970588235294118 0.030637254901960783 0.024509803921568627
0 0.48284313725490197 0.15359477124183007 0.024509803921568627 0.026143790849673203
0 0.45588235294117646 0.16176470588235295 0.029411764705882353 0.026143790849673203
0 0.4644607843137255 0.1919934640522876 0.051470588235294115 0.04411764705882353
0 0.5091911764705882 0.1707516339869281 0.023284313725490197 0.024509803921568627
0 0.49754901960784315 0.1919934640522876 0.0196078431372549 0.02777777777777778
0 0.49754901960784315 0.2107843137254902 0.02696078431372549 0.0196078431372549
0 0.5220588235294118 0.2099673202614379 0.0196078431372549 0.01797385620915033
0 0.5073529411764706 0.23447712418300654 0.05392156862745098 0.04411764705882353
0 0.5091911764705882 0.26633986928104575 0.025735294117647058 0.029411764705882353
0 0.4883578431372549 0.26715686274509803 0.023284313725490197 0.024509803921568627
0 0.4650735294117647 0.2549019607843137 0.023284313725490197 0.0196078431372549
0 0.45465686274509803 0.2426470588235294 0.022058823529411763 0.01797385620915033
0 0.6574754901960784 0.2761437908496732 0.05024509803921569 0.04575163398692811
0 0.6911764705882353 0.2777777777777778 0.024509803921568627 0.026143790849673203
0 0.6875 0.29248366013071897 0.0196078431372549 0.022875816993464054
0 0.41605392156862747 0.21323529411764708 0.030637254901960783 0.024509803921568627
0 0.3792892156862745 0.1919934640522876 0.025735294117647058 0.021241830065359478
0 0.35355392156862747 0.1772875816993464 0.03308823529411765 0.021241830065359478
0 0.4270833333333333 0.15522875816993464 0.015931372549019607 0.022875816993464054
0 0.352328431372549 0.1968954248366013 0.03799019607843137 0.024509803921568627
0 0.32536764705882354 0.21895424836601307 0.025735294117647058 0.0196078431372549
0 0.3639705882352941 0.21977124183006536 0.022058823529411763 0.03104575163398693
0 0.3903186274509804 0.23529411764705882 0.028186274509803922 0.022875816993464054
0 0.2965686274509804 0.2361111111111111 0.024509803921568627 0.024509803921568627
0 0.3425245098039216 0.22140522875816995 0.025735294117647058 0.021241830065359478
0 0.032475490196078434 0.238562091503268 0.03308823529411765 0.03594771241830066
