0 0.08088235294117647 0.4436274509803922 0.0392156862745098 0.02777777777777778
0 0.044730392156862746 0.45179738562091504 0.030637254901960783 0.021241830065359478
0 0.011642156862745098 0.45588235294117646 0.020833333333333332 0.0196078431372549
0 0.024509803921568627 0.4754901960784314 0.0392156862745098 0.03594771241830066
0 0.07169117647058823 0.48366013071895425 0.05759803921568627 0.04575163398692811
0 0.15379901960784315 0.46486928104575165 0.06004901960784314 0.04738562091503268
0 0.2034313725490196 0.4575163398692811 0.044117647058823525 0.042483660130718956
0 0.1838235294117647 0.7573529411764706 0.05392156862745098 0.04411764705882353
0 0.22426470588235295 0.7230392156862745 0.031862745098039214 0.04084967320261438
0 0.19607843137254902 0.7189542483660131 0.029411764705882353 0.026143790849673203
0 0.1488970588235294 0.7165032679738562 0.04779411764705882 0.04084967320261438
0 0.12377450980392157 0.7516339869281046 0.051470588235294115 0.03594771241830066
0 0.05514705882352941 0.7704248366013072 0.056372549019607844 0.03758169934640523
0 0.015318627450980392 0.7459150326797386 0.028186274509803922 0.02777777777777778
0 0.056372549019607844 0.7303921568627452 0.05392156862745098 0.049019607843137254
0 0.09191176470588235 0.7303921568627452 0.022058823529411763 0.029411764705882353
0 0.1053921568627451 0.704248366013072 0.029411764705882353 0.022875816993464054
0 0.1605392156862745 0.6764705882352942 0.058823529411764705 0.049019607843137254
0 0.09926470588235294 0.6821895424836601 0.041666666666666664 0.03758169934640523
0 0.1256127450980392 0.6683006535947713 0.01838235294117647 0.032679738562091505
0 0.017769607843137254 0.6821895424836601 0.030637254901960783 0.03104575163398693
0 0.06862745098039216 0.6968954248366013 0.03431372549019608 0.04411764705882353
0 0.10600490196078431 0.6421568627450981 0.0625 0.058823529411764705
0 0.14950980392156862 0.6266339869281046 0.029411764705882353 0.03104575163398693
0 0.1948529411764706 0.6519607843137255 0.024509803921568627 0.032679738562091505
0 0.22487745098039216 0.6609477124183006 0.0428921568627451 0.06699346405228758
0 0.20404411764705882 0.6299019607843137 0.020833333333333332 0.03104575163398693
0 0.2389705882352941 0.6184640522875817 0.02696078431372549 0.03431372549019608
0 0.061274509803921566 0.6364379084967321 0.049019607843137254 0.07352941176470588
0 0.032475490196078434 0.6527777777777778 0.020833333333333332 0.04411764705882353
0 0.013480392156862746 0.6323529411764706 0.024509803921568627 0.022875816993464054
0 0.009191176470588236 0.5980392156862745 0.015931372549019607 0.032679738562091505
0 0.04044117647058824 0.6004901960784313 0.056372549019607844 0.05392156862745098
0 0.08762254901960784 0.5947712418300654 0.028186274509803922 0.026143790849673203
0 0.12193627450980392 0.5898692810457516 0.03308823529411765 0.049019607843137254
0 0.18627450980392157 0.6045751633986929 0.024509803921568627 0.0392156862745098
0 0.15196078431372548 0.5947712418300654 0.03431372549019608 0.029411764705882353
0 0.1917892156862745 0.571078431372549 0.028186274509803922 0.02777777777777778
0 0.2757352941176471 0.6143790849673203 0.041666666666666664 0.042483660130718956
0 0.3131127450980392 0.5825163398692811 0.04779411764705882 0.05392156862745098
0 0.36151960784313725 0.5563725490196079 0.056372549019607844 0.05392156862745098
0 0.0778186274509804 0.5645424836601307 0.05024509803921569 0.04084967320261438
0 0.04656862745098039 0.5465686274509804 0.02696078431372549 0.03104575163398693
0 0.022058823529411763 0.5375816993464052 0.031862745098039214 0.0392156862745098
0 0.025122549019607844 0.5678104575163399 0.028186274509803922 0.024509803921568627
0 0.00857843137254902 0.553921568627451 0.014705882352941176 0.042483660130718956
0 0.05759803921568627 0.5179738562091504 0.0196078431372549 0.029411764705882353
0 0.08639705882352941 0.5277777777777778 0.04779411764705882 0.04575163398692811
0 0.1133578431372549 0.4877450980392157 0.025735294117647058 0.021241830065359478
0 0.13786764705882354 0.5400326797385621 0.05514705882352941 0.04738562091503268
0 0.1795343137254902 0.5514705882352942 0.028186274509803922 0.03104575163398693
0 0.1488970588235294 0.565359477124183 0.025735294117647058 0.022875816993464054
0 0.17340686274509803 0.5024509803921569 0.025735294117647058 0.024509803921568627
0 0.19424019607843138 0.5228758169934641 0.01838235294117647 0.032679738562091505
0 0.2150735294117647 0.5073529411764706 0.030637254901960783 0.024509803921568627
0 0.21384803921568626 0.5351307189542484 0.020833333333333332 0.03431372549019608
0 0.2340686274509804 0.5147058823529412 0.02696078431372549 0.0196078431372549
0 0.13848039215686275 0.5408496732026143 0.056372549019607844 0.04575163398692811
0 0.28431372549019607 0.44689542483660133 0.031862745098039214 0.021241830065359478
0 0.3897058823529412 0.4681372549019608 0.058823529411764705 0.04084967320261438
0 0.4485294117647059 0.48447712418300654 0.061274509803921566 0.04738562091503268
0 0.4650735294117647 0.5163398692810458 0.03553921568627451 0.026143790849673203
0 0.3988970588235294 0.5073529411764706 0.04779411764705882 0.03431372549019608
0 0.39828431372549017 0.5343137254901961 0.031862745098039214 0.022875816993464054
0 0.4074754901960784 0.5563725490196079 0.030637254901960783 0.02777777777777778
0 0.45036764705882354 0.5392156862745098 0.030637254901960783 0.022875816993464054
0 0.2689950980392157 0.5465686274509804 0.023284313725490197 0.024509803921568627
0 0.30453431372549017 0.5449346405228759 0.05269607843137255 0.04738562091503268
0 0.20894607843137256 0.6029411764705882 0.028186274509803922 0.022875816993464054
0 0.23590686274509803 0.5637254901960784 0.04044117647058824 0.06535947712418301
0 0.26409313725490197 0.5669934640522876 0.025735294117647058 0.026143790849673203
0 0.29901960784313725 0.47875816993464054 0.049019607843137254 0.0392156862745098
0 0.31433823529411764 0.45915032679738566 0.030637254901960783 0.022875816993464054
0 0.34191176470588236 0.4624183006535948 0.024509803921568627 0.016339869281045753
0 0.11764705882352941 0.4534313725490196 0.031862745098039214 0.021241830065359478
0 0.29411764705882354 0.5130718954248367 0.022058823529411763 0.0196078431372549
0 0.2542892156862745 0.5212418300653595 0.013480392156862746 0.026143790849673203
0 0.2512254901960784 0.4893790849673203 0.03676470588235294 0.024509803921568627
0 0.23958333333333334 0.46486928104575165 0.01838235294117647 0.01797385620915033
0 0.2579656862745098 0.45669934640522875 0.025735294117647058 0.02777777777777778
0 0.42830882352941174 0.5269607843137255 0.03799019607843137 0.03431372549019608
0 0.025735294117647058 0.5089869281045751 0.022058823529411763 0.03431372549019608
0 0.49754901960784315 0.46895424836601307 0.02696078431372549 0.0196078431372549
0 0.5202205882352942 0.4877450980392157 0.0428921568627451 0.03431372549019608
0 0.5582107843137255 0.4812091503267974 0.03308823529411765 0.02777777777777778
0 0.5882352941176471 0.4746732026143791 0.02696078431372549 0.024509803921568627
0 0.6372549019607843 0.4812091503267974 0.051470588235294115 0.03431372549019608
0 0.6924019607843137 0.4869281045751634 0.05392156862745098 0.04575163398692811
0 0.6078431372549019 0.505718954248366 0.049019607843137254 0.04084967320261438
0 0.5612745098039216 0.5343137254901961 0.06372549019607843 0.058823529411764705
0 0.5122549019607843 0.5236928104575164 0.0196078431372549 0.04738562091503268
0 0.49142156862745096 0.5310457516339869 0.02696078431372549 0.022875816993464054
0 0.522671568627451 0.5465686274509804 0.020833333333333332 0.03758169934640523
0 0.5649509803921569 0.5866013071895425 0.058823529411764705 0.049019607843137254
0 0.5968137254901961 0.5727124183006536 0.02696078431372549 0.024509803921568627
0 0.6158088235294118 0.5571895424836601 0.03308823529411765 0.029411764705882353
0 0.6427696078431372 0.5678104575163399 0.025735294117647058 0.024509803921568627
0 0.6158088235294118 0.5874183006535948 0.03308823529411765 0.03104575163398693
0 0.6513480392156863 0.5204248366013072 0.05759803921568627 0.04411764705882353
0 0.6973039215686274 0.542483660130719 0.056372549019607844 0.049019607843137254
0 0.6966911764705882 0.5980392156862745 0.03308823529411765 0.042483660130718956
0 0.7408088235294118 0.4812091503267974 0.03553921568627451 0.02777777777777778
0 0.7616421568627451 0.49264705882352944 0.05269607843137255 0.03104575163398693
0 0.7616421568627451 0.5171568627450981 0.025735294117647058 0.021241830065359478
0 0.7512254901960784 0.5571895424836601 0.058823529411764705 0.05228758169934641
0 0.7248774509803921 0.5857843137254902 0.023284313725490197 0.021241830065359478
0 0.7824754901960784 0.5253267973856209 0.028186274509803922 0.024509803921568627
0 0.7910539215686274 0.5433006535947713 0.020833333333333332 0.03758169934640523
0 0.7977941176470588 0.5857843137254902 0.049019607843137254 0.03758169934640523
0 0.8167892156862745 0.6160130718954249 0.028186274509803922 0.029411764705882353
0 0.8406862745098039 0.6004901960784313 0.03676470588235294 0.03104575163398693
0 0.8443627450980392 0.5800653594771242 0.029411764705882353 0.022875816993464054
0 0.8125 0.5498366013071896 0.0392156862745098 0.04084967320261438
0 0.8394607843137255 0.5588235294117647 0.02696078431372549 0.026143790849673203
0 0.8051470588235294 0.4852941176470588 0.031862745098039214 0.022875816993464054
0 0.8235294117647058 0.4746732026143791 0.029411764705882353 0.021241830065359478
0 0.8866421568627451 0.4852941176470588 0.03799019607843137 0.026143790849673203
0 0.9178921568627451 0.4812091503267974 0.029411764705882353 0.024509803921568627
0 0.9430147058823529 0.5016339869281046 0.04779411764705882 0.049019607843137254
0 0.829656862745098 0.5073529411764706 0.061274509803921566 0.04411764705882353
0 0.8890931372549019 0.5236928104575164 0.05514705882352941 0.04084967320261438
0 0.8560049019607843 0.5408496732026143 0.025735294117647058 0.0392156862745098
0 0.8927696078431372 0.5678104575163399 0.0625 0.04738562091503268
0 0.9215686274509803 0.6143790849673203 0.031862745098039214 0.0392156862745098
0 0.9307598039215687 0.5947712418300654 0.023284313725490197 0.029411764705882353
0 0.9479166666666666 0.5800653594771242 0.023284313725490197 0.022875816993464054
0 0.977328431372549 0.5988562091503268 0.04534313725490196 0.057189542483660136
0 0.977328431372549 0.6323529411764706 0.03308823529411765 0.026143790849673203
0 0.9393382352941176 0.5531045751633987 0.025735294117647058 0.02777777777777778
0 0.9742647058823529 0.5416666666666666 0.051470588235294115 0.04084967320261438
0 0.9803921568627451 0.4950980392156863 0.03676470588235294 0.029411764705882353
