0 0.05147058823529412 0.02696078431372549 0.04084967320261438 0.0196078431372549
0 0.05065359477124183 0.056372549019607844 0.029411764705882353 0.02696078431372549
0 0.10784313725490197 0.00980392156862745 0.029411764705882353 0.014705882352941176
0 0.12745098039215685 0.030637254901960783 0.026143790849673203 0.022058823529411763
0 0.12581699346405228 0.05759803921568627 0.03594771241830066 0.01715686274509804
0 0.2916666666666667 0.01715686274509804 0.03758169934640523 0.022058823529411763
0 0.29983660130718953 0.030637254901960783 0.03104575163398693 0.014705882352941176
0 0.3227124183006536 0.01715686274509804 0.03431372549019608 0.014705882352941176
0 0.3496732026143791 0.00857843137254902 0.032679738562091505 0.014705882352941176
0 0.3431372549019608 0.02389705882352941 0.029411764705882353 0.013480392156862746
0 0.42647058823529416 0.009191176470588236 0.07516339869281045 0.015931372549019607
0 0.513888888888889 0.012254901960784314 0.03431372549019608 0.014705882352941176
