0 0.023284313725490197 0.6887254901960784 0.03676470588235294 0.04411764705882353
0 0.04718137254901961 0.7197712418300654 0.028186274509803922 0.06045751633986928
0 0.027573529411764705 0.7369281045751634 0.030637254901960783 0.058823529411764705
0 0.11029411764705882 0.852124183006536 0.0392156862745098 0.08333333333333334
0 0.07965686274509803 0.8553921568627452 0.03676470588235294 0.06699346405228758
0 0.1323529411764706 0.9468954248366014 0.03676470588235294 0.09313725490196079
0 0.09313725490196079 0.9493464052287582 0.0392156862745098 0.05555555555555556
0 0.012254901960784314 0.880718954248366 0.01715686274509804 0.04575163398692811
0 0.020833333333333332 0.9656862745098039 0.024509803921568627 0.022875816993464054
0 0.07230392156862744 0.9084967320261438 0.0196078431372549 0.029411764705882353
0 0.10355392156862744 0.9101307189542484 0.013480392156862746 0.026143790849673203
