0 0.05759803921568627 0.026143790849673203 0.022058823529411763 0.04575163398692811
0 0.12377450980392157 0.2426470588235294 0.0196078431372549 0.05065359477124183
0 0.06311274509803921 0.0857843137254902 0.020833333333333332 0.04738562091503268
0 0.03553921568627451 0.0661764705882353 0.031862745098039214 0.06699346405228758
0 0.06311274509803921 0.12663398692810457 0.01838235294117647 0.03431372549019608
0 0.014705882352941176 0.09477124183006536 0.01715686274509804 0.0196078431372549
0 0.0196078431372549 0.11764705882352941 0.014705882352941176 0.026143790849673203
0 0.05759803921568627 0.14460784313725492 0.0196078431372549 0.03431372549019608
0 0.06985294117647059 0.17401960784313725 0.01715686274509804 0.04084967320261438
0 0.02696078431372549 0.17320261437908496 0.031862745098039214 0.08169934640522876
0 0.08639705882352941 0.20751633986928106 0.020833333333333332 0.03594771241830066
0 0.09803921568627451 0.23692810457516342 0.0196078431372549 0.042483660130718956
0 0.10355392156862744 0.2712418300653595 0.01838235294117647 0.042483660130718956
0 0.08455882352941177 0.2712418300653595 0.0196078431372549 0.04575163398692811
0 0.06004901960784314 0.2303921568627451 0.02696078431372549 0.026143790849673203
0 0.015318627450980392 0.2426470588235294 0.028186274509803922 0.07679738562091504
0 0.04718137254901961 0.25163398692810457 0.01838235294117647 0.029411764705882353
0 0.0392156862745098 0.2687908496732026 0.014705882352941176 0.024509803921568627
0 0.06678921568627451 0.28513071895424835 0.020833333333333332 0.04084967320261438
0 0.08884803921568628 0.33415032679738566 0.025735294117647058 0.06699346405228758
0 0.055759803921568624 0.32679738562091504 0.030637254901960783 0.07516339869281045
0 0.0661764705882353 0.37990196078431376 0.0196078431372549 0.04084967320261438
0 0.03002450980392157 0.3145424836601307 0.030637254901960783 0.08660130718954248
0 0.012254901960784314 0.3366013071895425 0.022058823529411763 0.07189542483660132
0 0.029411764705882353 0.3839869281045752 0.0196078431372549 0.042483660130718956
0 0.05698529411764706 0.39869281045751637 0.020833333333333332 0.03594771241830066
0 0.07598039215686274 0.3611111111111111 0.01715686274509804 0.029411764705882353
0 0.09068627450980392 0.38562091503267976 0.0196078431372549 0.026143790849673203
0 0.09987745098039215 0.41911764705882354 0.028186274509803922 0.06045751633986928
0 0.07904411764705882 0.3970588235294118 0.015931372549019607 0.03594771241830066
0 0.05759803921568627 0.43137254901960786 0.0196078431372549 0.032679738562091505
0 0.08026960784313725 0.43137254901960786 0.013480392156862746 0.032679738562091505
0 0.015931372549019607 0.43137254901960786 0.029411764705882353 0.0784313725490196
0 0.0428921568627451 0.42401960784313725 0.01715686274509804 0.03431372549019608
0 0.044730392156862746 0.4632352941176471 0.020833333333333332 0.03104575163398693
0 0.05514705882352941 0.49183006535947715 0.0196078431372549 0.04575163398692811
0 0.08026960784313725 0.4901960784313726 0.030637254901960783 0.07516339869281045
0 0.09926470588235294 0.4803921568627451 0.014705882352941176 0.05228758169934641
0 0.09681372549019608 0.5571895424836601 0.02696078431372549 0.07516339869281045
0 0.1213235294117647 0.5433006535947713 0.02696078431372549 0.03758169934640523
0 0.12683823529411764 0.5841503267973857 0.025735294117647058 0.04738562091503268
0 0.025735294117647058 0.5130718954248367 0.03431372549019608 0.08169934640522876
0 0.05943627450980392 0.5433006535947713 0.030637254901960783 0.03758169934640523
0 0.02022058823529412 0.5669934640522876 0.023284313725490197 0.022875816993464054
0 0.02267156862745098 0.5882352941176471 0.015931372549019607 0.032679738562091505
0 0.00857843137254902 0.6029411764705882 0.014705882352941176 0.042483660130718956
0 0.00857843137254902 0.5016339869281046 0.014705882352941176 0.05555555555555556
0 0.04534313725490196 0.5808823529411765 0.02696078431372549 0.03431372549019608
0 0.06678921568627451 0.5906862745098039 0.03553921568627451 0.07679738562091504
0 0.08823529411764705 0.6323529411764706 0.041666666666666664 0.0784313725490196
0 0.1170343137254902 0.6413398692810458 0.025735294117647058 0.05392156862745098
0 0.02389705882352941 0.6421568627450981 0.03308823529411765 0.06535947712418301
0 0.05269607843137255 0.6699346405228759 0.03431372549019608 0.07516339869281045
0 0.09129901960784313 0.7050653594771242 0.03553921568627451 0.07679738562091504
0 0.06924019607843138 0.7091503267973857 0.025735294117647058 0.04575163398692811
0 0.023284313725490197 0.7132352941176471 0.031862745098039214 0.03758169934640523
0 0.04779411764705882 0.7361111111111112 0.01715686274509804 0.024509803921568627
0 0.05943627450980392 0.7483660130718954 0.013480392156862746 0.026143790849673203
0 0.07904411764705882 0.7818627450980392 0.025735294117647058 0.05065359477124183
0 0.015931372549019607 0.7598039215686275 0.014705882352941176 0.0392156862745098
0 0.030637254901960783 0.732843137254902 0.0196078431372549 0.02777777777777778
0 0.037377450980392156 0.7606209150326798 0.01838235294117647 0.02777777777777778
0 0.04534313725490196 0.7859477124183006 0.022058823529411763 0.042483660130718956
0 0.025735294117647058 0.7892156862745098 0.01715686274509804 0.03594771241830066
0 0.012867647058823529 0.7965686274509804 0.020833333333333332 0.03104575163398693
0 0.07536764705882353 0.8308823529411765 0.028186274509803922 0.057189542483660136
0 0.0508578431372549 0.8267973856209151 0.020833333333333332 0.0392156862745098
0 0.03676470588235294 0.8243464052287582 0.01715686274509804 0.03431372549019608
0 0.01838235294117647 0.829248366013072 0.014705882352941176 0.03431372549019608
0 0.029411764705882353 0.8676470588235294 0.031862745098039214 0.05555555555555556
0 0.052083333333333336 0.8627450980392157 0.023284313725490197 0.04575163398692811
0 0.03676470588235294 0.9142156862745099 0.03431372549019608 0.06699346405228758
0 0.06311274509803921 0.875 0.01838235294117647 0.03104575163398693
0 0.007965686274509803 0.857843137254902 0.013480392156862746 0.03594771241830066
0 0.014093137254901961 0.9142156862745099 0.01838235294117647 0.03431372549019608
0 0.007352941176470588 0.9501633986928105 0.012254901960784314 0.02777777777777778
0 0.05698529411764706 0.9248366013071896 0.025735294117647058 0.05228758169934641
0 0.018995098039215685 0.9583333333333334 0.013480392156862746 0.03104575163398693
0 0.03125 0.9648692810457516 0.015931372549019607 0.03104575163398693
0 0.049019607843137254 0.9673202614379085 0.02696078431372549 0.042483660130718956
0 0.061887254901960786 0.9869281045751634 0.023284313725490197 0.026143790849673203
0 0.009191176470588236 0.9738562091503268 0.015931372549019607 0.0196078431372549
0 0.07720588235294118 0.8897058823529412 0.014705882352941176 0.03104575163398693
0 0.08026960784313725 0.8651960784313726 0.01838235294117647 0.02777777777777778
