0 0.16605392156862744 0.03349673202614379 0.023284313725490197 0.021241830065359478
0 0.13786764705882354 0.011437908496732027 0.023284313725490197 0.0196078431372549
0 0.09620098039215687 0.013071895424836602 0.028186274509803922 0.022875816993464054
0 0.1096813725490196 0.028594771241830068 0.020833333333333332 0.03431372549019608
0 0.125 0.06454248366013073 0.031862745098039214 0.057189542483660136
0 0.14767156862745098 0.04493464052287582 0.020833333333333332 0.03104575163398693
0 0.16973039215686275 0.09967320261437909 0.01838235294117647 0.04575163398692811
0 0.15196078431372548 0.08169934640522876 0.01715686274509804 0.03594771241830066
0 0.16237745098039216 0.1315359477124183 0.020833333333333332 0.03758169934640523
0 0.11029411764705882 0.09068627450980392 0.024509803921568627 0.03104575163398693
0 0.09252450980392157 0.06209150326797386 0.028186274509803922 0.026143790849673203
0 0.08088235294117647 0.031862745098039214 0.02696078431372549 0.03104575163398693
