0 0.04718137254901961 0.016339869281045753 0.025735294117647058 0.029411764705882353
0 0.061887254901960786 0.024509803921568627 0.01838235294117647 0.03594771241830066
0 0.0900735294117647 0.05392156862745098 0.0428921568627451 0.10130718954248366
0 0.0508578431372549 0.08251633986928104 0.04534313725490196 0.10620915032679738
0 0.0857843137254902 0.14215686274509803 0.024509803921568627 0.058823529411764705
0 0.10110294117647059 0.18300653594771243 0.01838235294117647 0.05228758169934641
0 0.011029411764705881 0.12254901960784315 0.0196078431372549 0.049019607843137254
0 0.03982843137254902 0.1568627450980392 0.023284313725490197 0.04575163398692811
0 0.058823529411764705 0.16748366013071897 0.0196078431372549 0.04411764705882353
0 0.06985294117647059 0.19362745098039216 0.03431372549019608 0.05392156862745098
0 0.041666666666666664 0.2034313725490196 0.02696078431372549 0.04411764705882353
0 0.09129901960784313 0.22140522875816995 0.025735294117647058 0.03104575163398693
0 0.061274509803921566 0.2434640522875817 0.024509803921568627 0.04575163398692811
0 0.04350490196078431 0.2630718954248366 0.025735294117647058 0.06209150326797386
0 0.07659313725490197 0.28513071895424835 0.06004901960784314 0.09640522875816994
0 0.20649509803921567 0.022875816993464054 0.025735294117647058 0.042483660130718956
0 0.2310049019607843 0.021241830065359478 0.03553921568627451 0.0392156862745098
0 0.26838235294117646 0.04656862745098039 0.03676470588235294 0.08986928104575163
0 0.29840686274509803 0.04820261437908497 0.030637254901960783 0.07679738562091504
0 0.3290441176470588 0.09967320261437909 0.020833333333333332 0.042483660130718956
0 0.29840686274509803 0.11764705882352941 0.03308823529411765 0.06862745098039216
0 0.3174019607843137 0.17892156862745098 0.041666666666666664 0.10620915032679738
0 0.2702205882352941 0.10130718954248366 0.028186274509803922 0.022875816993464054
0 0.27205882352941174 0.12990196078431374 0.0196078431372549 0.04084967320261438
0 0.24509803921568626 0.12745098039215685 0.03676470588235294 0.10130718954248366
0 0.23713235294117646 0.059640522875817 0.028186274509803922 0.04411764705882353
0 0.2193627450980392 0.09150326797385622 0.022058823529411763 0.05555555555555556
0 0.21017156862745098 0.12581699346405228 0.03553921568627451 0.05555555555555556
0 0.20036764705882354 0.19934640522875818 0.05759803921568627 0.09150326797385622
0 0.23161764705882354 0.19607843137254902 0.014705882352941176 0.0392156862745098
0 0.2469362745098039 0.1895424836601307 0.020833333333333332 0.032679738562091505
0 0.2659313725490196 0.1715686274509804 0.01715686274509804 0.0392156862745098
0 0.28308823529411764 0.16339869281045752 0.0196078431372549 0.0392156862745098
0 0.2861519607843137 0.22794117647058823 0.04779411764705882 0.10294117647058824
0 0.32598039215686275 0.25245098039215685 0.02696078431372549 0.04411764705882353
0 0.24816176470588236 0.21650326797385622 0.030637254901960783 0.04084967320261438
0 0.19607843137254902 0.2581699346405229 0.02696078431372549 0.032679738562091505
0 0.20833333333333334 0.27532679738562094 0.024509803921568627 0.04084967320261438
0 0.23958333333333334 0.2834967320261438 0.0428921568627451 0.09967320261437909
0 0.2659313725490196 0.2949346405228758 0.01715686274509804 0.04411764705882353
0 0.2892156862745098 0.30228758169934644 0.03431372549019608 0.05228758169934641
0 0.31433823529411764 0.3194444444444445 0.03553921568627451 0.09640522875816994
0 0.3284313725490196 0.3741830065359477 0.03676470588235294 0.058823529411764705
0 0.1948529411764706 0.3047385620915033 0.02696078431372549 0.04411764705882353
0 0.21997549019607843 0.33986928104575165 0.023284313725490197 0.049019607843137254
0 0.2420343137254902 0.3504901960784314 0.028186274509803922 0.04084967320261438
0 0.258578431372549 0.33496732026143794 0.0196078431372549 0.042483660130718956
0 0.2769607843137255 0.3504901960784314 0.029411764705882353 0.04411764705882353
0 0.2971813725490196 0.37254901960784315 0.028186274509803922 0.05555555555555556
0 0.18137254901960784 0.35294117647058826 0.022058823529411763 0.058823529411764705
0 0.20159313725490197 0.3611111111111111 0.025735294117647058 0.06209150326797386
0 0.2230392156862745 0.3880718954248366 0.022058823529411763 0.05065359477124183
0 0.24509803921568626 0.3880718954248366 0.024509803921568627 0.04084967320261438
0 0.2653186274509804 0.38643790849673204 0.025735294117647058 0.04738562091503268
0 0.30269607843137253 0.4150326797385621 0.02696078431372549 0.05228758169934641
0 0.36213235294117646 0.34558823529411764 0.020833333333333332 0.05065359477124183
0 0.39276960784313725 0.3031045751633987 0.020833333333333332 0.05392156862745098
0 0.1685049019607843 0.4068627450980392 0.030637254901960783 0.0784313725490196
0 0.1917892156862745 0.41911764705882354 0.028186274509803922 0.05392156862745098
0 0.1482843137254902 0.4223856209150327 0.029411764705882353 0.04084967320261438
0 0.14215686274509803 0.4746732026143791 0.02696078431372549 0.07026143790849673
0 0.16727941176470587 0.46486928104575165 0.028186274509803922 0.04738562091503268
0 0.19730392156862744 0.49101307189542487 0.041666666666666664 0.09313725490196079
0 0.16544117647058823 0.5179738562091504 0.031862745098039214 0.07516339869281045
0 0.22977941176470587 0.4297385620915033 0.023284313725490197 0.049019607843137254
0 0.2542892156862745 0.4395424836601307 0.028186274509803922 0.06209150326797386
0 0.2806372549019608 0.4419934640522876 0.02696078431372549 0.06045751633986928
0 0.23161764705882354 0.4820261437908497 0.03431372549019608 0.06862745098039216
0 0.27818627450980393 0.4959150326797386 0.02696078431372549 0.04738562091503268
0 0.25612745098039214 0.5253267973856209 0.029411764705882353 0.024509803921568627
0 0.18504901960784315 0.5955882352941176 0.044117647058823525 0.11274509803921569
0 0.22058823529411764 0.6053921568627452 0.022058823529411763 0.05392156862745098
0 0.2077205882352941 0.6495098039215687 0.030637254901960783 0.08006535947712419
0 0.1488970588235294 0.5784313725490197 0.028186274509803922 0.05228758169934641
0 0.1556372549019608 0.6372549019607844 0.022058823529411763 0.05228758169934641
0 0.17401960784313725 0.6699346405228759 0.0392156862745098 0.0392156862745098
0 0.20649509803921567 0.7132352941176471 0.020833333333333332 0.04738562091503268
0 0.18995098039215685 0.7205882352941176 0.024509803921568627 0.05228758169934641
0 0.17340686274509803 0.7589869281045751 0.023284313725490197 0.05392156862745098
0 0.15379901960784315 0.7728758169934641 0.01838235294117647 0.05228758169934641
0 0.13664215686274508 0.7434640522875817 0.025735294117647058 0.06209150326797386
0 0.1213235294117647 0.7851307189542484 0.0196078431372549 0.05065359477124183
0 0.016544117647058824 0.792483660130719 0.030637254901960783 0.11437908496732027
0 0.034926470588235295 0.8357843137254902 0.023284313725490197 0.05392156862745098
0 0.00980392156862745 0.8733660130718954 0.01715686274509804 0.04084967320261438
0 0.011029411764705881 0.9191176470588236 0.0196078431372549 0.05392156862745098
0 0.024509803921568627 0.9060457516339869 0.022058823529411763 0.06372549019607843
0 0.15625 0.8316993464052288 0.020833333333333332 0.058823529411764705
0 0.1758578431372549 0.8161764705882353 0.020833333333333332 0.05392156862745098
0 0.16482843137254902 0.8660130718954249 0.028186274509803922 0.042483660130718956
0 0.19424019607843138 0.8562091503267975 0.03553921568627451 0.03594771241830066
0 0.258578431372549 0.8611111111111112 0.024509803921568627 0.05555555555555556
0 0.2769607843137255 0.9133986928104575 0.029411764705882353 0.06209150326797386
0 0.26838235294117646 0.9640522875816994 0.0196078431372549 0.05228758169934641
0 0.2463235294117647 0.9803921568627452 0.024509803921568627 0.0392156862745098
0 0.22549019607843138 0.9730392156862745 0.022058823529411763 0.05392156862745098
0 0.20649509803921567 0.9861111111111112 0.020833333333333332 0.02777777777777778
0 0.16911764705882354 0.9526143790849674 0.041666666666666664 0.0392156862745098
0 0.21323529411764705 0.9411764705882353 0.024509803921568627 0.05228758169934641
0 0.2340686274509804 0.9248366013071896 0.024509803921568627 0.05228758169934641
0 0.21262254901960784 0.8897058823529412 0.023284313725490197 0.05065359477124183
0 0.1948529411764706 0.9011437908496732 0.031862745098039214 0.05065359477124183
0 0.3425245098039216 0.8562091503267975 0.0428921568627451 0.05228758169934641
0 0.6752450980392157 0.9558823529411765 0.0196078431372549 0.049019607843137254
0 0.5128676470588235 0.9722222222222222 0.025735294117647058 0.05555555555555556
0 0.46691176470588236 0.9795751633986929 0.029411764705882353 0.04084967320261438
0 0.44424019607843135 0.9722222222222222 0.025735294117647058 0.049019607843137254
0 0.47610294117647056 0.9419934640522876 0.03799019607843137 0.07026143790849673
0 0.4497549019607843 0.9035947712418301 0.029411764705882353 0.032679738562091505
0 0.4693627450980392 0.8823529411764706 0.029411764705882353 0.04575163398692811
0 0.477328431372549 0.8496732026143791 0.020833333333333332 0.04575163398692811
0 0.45465686274509803 0.8423202614379085 0.03431372549019608 0.07026143790849673
0 0.5386029411764706 0.7777777777777778 0.028186274509803922 0.05228758169934641
0 0.5202205882352942 0.7181372549019608 0.023284313725490197 0.05065359477124183
0 0.4417892156862745 0.7434640522875817 0.03553921568627451 0.09803921568627451
0 0.46691176470588236 0.755718954248366 0.022058823529411763 0.03758169934640523
0 0.4258578431372549 0.7851307189542484 0.015931372549019607 0.04084967320261438
0 0.4172794117647059 0.7410130718954249 0.015931372549019607 0.04738562091503268
0 0.4252450980392157 0.6495098039215687 0.03431372549019608 0.10947712418300654
0 0.4564950980392157 0.6200980392156863 0.04044117647058824 0.09640522875816994
0 0.44730392156862747 0.6805555555555556 0.022058823529411763 0.03431372549019608
0 0.6378676470588235 0.4485294117647059 0.023284313725490197 0.05392156862745098
0 0.4411764705882353 0.5580065359477124 0.03431372549019608 0.09640522875816994
0 0.414828431372549 0.5465686274509804 0.01838235294117647 0.04738562091503268
0 0.4154411764705882 0.4893790849673203 0.01715686274509804 0.05065359477124183
0 0.4368872549019608 0.4746732026143791 0.020833333333333332 0.04411764705882353
0 0.4540441176470588 0.4722222222222222 0.020833333333333332 0.042483660130718956
0 0.4227941176470588 0.41911764705882354 0.029411764705882353 0.07026143790849673
0 0.4491421568627451 0.43790849673202614 0.025735294117647058 0.03594771241830066
0 0.4479166666666667 0.4019607843137255 0.030637254901960783 0.042483660130718956
0 0.46629901960784315 0.3937908496732026 0.020833333333333332 0.042483660130718956
0 0.4571078431372549 0.3513071895424837 0.01715686274509804 0.04575163398692811
0 0.49816176470588236 0.3276143790849673 0.023284313725490197 0.04738562091503268
0 0.4620098039215686 0.30718954248366015 0.024509803921568627 0.058823529411764705
0 0.46629901960784315 0.2508169934640523 0.023284313725490197 0.04411764705882353
0 0.4387254901960784 0.33088235294117646 0.01715686274509804 0.04084967320261438
0 0.9056372549019608 0.5114379084967321 0.03431372549019608 0.0392156862745098
0 0.7757352941176471 0.06781045751633988 0.0196078431372549 0.03758169934640523
0 0.7107843137254902 0.11029411764705882 0.031862745098039214 0.06372549019607843
0 0.6115196078431372 0.19281045751633988 0.022058823529411763 0.049019607843137254
0 0.5459558823529411 0.03022875816993464 0.030637254901960783 0.057189542483660136
0 0.4074754901960784 0.024509803921568627 0.015931372549019607 0.04575163398692811
0 0.7034313725490196 0.2058823529411765 0.024509803921568627 0.029411764705882353
