0 0.32536764705882354 0.010620915032679739 0.020833333333333332 0.01797385620915033
0 0.34987745098039214 0.021241830065359478 0.023284313725490197 0.029411764705882353
0 0.34129901960784315 0.03839869281045752 0.015931372549019607 0.02777777777777778
0 0.3388480392156863 0.06290849673202614 0.01838235294117647 0.03758169934640523
0 0.4258578431372549 0.1919934640522876 0.023284313725490197 0.02777777777777778
0 0.44424019607843135 0.2246732026143791 0.030637254901960783 0.03758169934640523
0 0.258578431372549 0.015522875816993464 0.049019607843137254 0.02777777777777778
0 0.2113970588235294 0.0196078431372549 0.023284313725490197 0.03594771241830066
0 0.24142156862745098 0.042483660130718956 0.024509803921568627 0.04575163398692811
0 0.26409313725490197 0.05392156862745098 0.015931372549019607 0.0392156862745098
0 0.28860294117647056 0.07924836601307189 0.03308823529411765 0.04738562091503268
0 0.22732843137254902 0.058823529411764705 0.020833333333333332 0.0392156862745098
0 0.27512254901960786 0.10212418300653595 0.020833333333333332 0.02777777777777778
0 0.26715686274509803 0.11683006535947713 0.024509803921568627 0.024509803921568627
0 0.15196078431372548 0.018790849673202614 0.024509803921568627 0.02777777777777778
0 0.17095588235294118 0.014705882352941176 0.015931372549019607 0.026143790849673203
0 0.03002450980392157 0.007352941176470588 0.030637254901960783 0.011437908496732027
0 0.042279411764705885 0.029411764705882353 0.030637254901960783 0.0392156862745098
0 0.016544117647058824 0.022875816993464054 0.020833333333333332 0.03594771241830066
0 0.0392156862745098 0.07516339869281045 0.02696078431372549 0.05555555555555556
0 0.02022058823529412 0.0857843137254902 0.03799019607843137 0.06699346405228758
0 0.06801470588235294 0.09640522875816994 0.020833333333333332 0.04575163398692811
0 0.13786764705882354 0.059640522875817 0.025735294117647058 0.04411764705882353
0 0.27941176470588236 0.14052287581699346 0.031862745098039214 0.026143790849673203
0 0.29473039215686275 0.19035947712418302 0.04534313725490196 0.07352941176470588
0 0.3327205882352941 0.1895424836601307 0.023284313725490197 0.029411764705882353
0 0.3333333333333333 0.2173202614379085 0.01715686274509804 0.0392156862745098
0 0.3517156862745098 0.23366013071895425 0.0196078431372549 0.03594771241830066
0 0.34068627450980393 0.2638888888888889 0.02696078431372549 0.05065359477124183
0 0.31924019607843135 0.2377450980392157 0.015931372549019607 0.03104575163398693
0 0.3131127450980392 0.25980392156862747 0.025735294117647058 0.042483660130718956
0 0.2763480392156863 0.2246732026143791 0.025735294117647058 0.05065359477124183
0 0.24754901960784315 0.1568627450980392 0.014705882352941176 0.03594771241830066
0 0.258578431372549 0.18790849673202614 0.02696078431372549 0.026143790849673203
0 0.2959558823529412 0.24101307189542484 0.023284313725490197 0.024509803921568627
0 0.29105392156862747 0.2622549019607843 0.020833333333333332 0.01797385620915033
0 0.31433823529411764 0.31209150326797386 0.030637254901960783 0.06862745098039216
0 0.3425245098039216 0.32189542483660133 0.028186274509803922 0.06862745098039216
0 0.36642156862745096 0.3194444444444445 0.024509803921568627 0.05392156862745098
0 0.1605392156862745 0.07761437908496732 0.0196078431372549 0.03758169934640523
0 0.18627450980392157 0.07761437908496732 0.029411764705882353 0.02777777777777778
0 0.19117647058823528 0.10620915032679738 0.029411764705882353 0.0392156862745098
0 0.15073529411764705 0.10702614379084968 0.03431372549019608 0.02777777777777778
0 0.10784313725490197 0.1053921568627451 0.02696078431372549 0.024509803921568627
0 0.07169117647058823 0.1593137254901961 0.025735294117647058 0.03104575163398693
0 0.11090686274509803 0.13643790849673204 0.03308823529411765 0.03104575163398693
0 0.13664215686274508 0.13562091503267976 0.028186274509803922 0.03594771241830066
0 0.1605392156862745 0.1576797385620915 0.0196078431372549 0.03758169934640523
0 0.1636029411764706 0.13316993464052287 0.023284313725490197 0.03104575163398693
0 0.2230392156862745 0.16176470588235295 0.0392156862745098 0.049019607843137254
0 0.19730392156862744 0.1650326797385621 0.01715686274509804 0.03594771241830066
0 0.2071078431372549 0.2099673202614379 0.041666666666666664 0.07026143790849673
0 0.2193627450980392 0.24591503267973858 0.0196078431372549 0.04084967320261438
0 0.24325980392156862 0.2107843137254902 0.020833333333333332 0.049019607843137254
0 0.2542892156862745 0.26633986928104575 0.03308823529411765 0.058823529411764705
0 0.2806372549019608 0.27532679738562094 0.02696078431372549 0.04084967320261438
0 0.17524509803921567 0.19934640522875818 0.01715686274509804 0.04575163398692811
0 0.13725490196078433 0.16584967320261437 0.024509803921568627 0.03758169934640523
0 0.13848039215686275 0.2042483660130719 0.029411764705882353 0.042483660130718956
0 0.15808823529411764 0.20669934640522877 0.022058823529411763 0.04084967320261438
0 0.09068627450980392 0.2034313725490196 0.024509803921568627 0.04084967320261438
0 0.1525735294117647 0.2508169934640523 0.030637254901960783 0.04738562091503268
0 0.17708333333333334 0.28022875816993464 0.020833333333333332 0.05065359477124183
0 0.2028186274509804 0.286764705882353 0.028186274509803922 0.06045751633986928
0 0.23223039215686275 0.286764705882353 0.03308823529411765 0.05065359477124183
0 0.06372549019607843 0.2058823529411765 0.029411764705882353 0.06209150326797386
0 0.03799019607843137 0.18872549019607843 0.0196078431372549 0.04084967320261438
0 0.011642156862745098 0.184640522875817 0.020833333333333332 0.0392156862745098
0 0.00857843137254902 0.22303921568627452 0.014705882352941176 0.05065359477124183
0 0.044117647058823525 0.23529411764705882 0.031862745098039214 0.0392156862745098
0 0.03370098039215686 0.2630718954248366 0.03553921568627451 0.049019607843137254
0 0.055759803921568624 0.29983660130718953 0.025735294117647058 0.04738562091503268
0 0.07598039215686274 0.27941176470588236 0.0392156862745098 0.05228758169934641
0 0.10110294117647059 0.26715686274509803 0.030637254901960783 0.06699346405228758
0 0.14522058823529413 0.28594771241830064 0.025735294117647058 0.05228758169934641
0 0.1642156862745098 0.31209150326797386 0.022058823529411763 0.04575163398692811
0 0.12683823529411764 0.2573529411764706 0.020833333333333332 0.04084967320261438
0 0.12377450980392157 0.3031045751633987 0.022058823529411763 0.04084967320261438
0 0.1133578431372549 0.3276143790849673 0.028186274509803922 0.05392156862745098
0 0.13602941176470587 0.35947712418300654 0.022058823529411763 0.0392156862745098
0 0.14215686274509803 0.33088235294117646 0.031862745098039214 0.03104575163398693
0 0.09129901960784313 0.32516339869281047 0.023284313725490197 0.0392156862745098
0 0.07475490196078431 0.33333333333333337 0.0196078431372549 0.04575163398692811
0 0.01715686274509804 0.38071895424836605 0.031862745098039214 0.05228758169934641
0 0.010416666666666666 0.43137254901960786 0.01838235294117647 0.06209150326797386
0 0.05698529411764706 0.4068627450980392 0.025735294117647058 0.03594771241830066
0 0.0900735294117647 0.4150326797385621 0.025735294117647058 0.05228758169934641
0 0.07720588235294118 0.4493464052287582 0.029411764705882353 0.05228758169934641
0 0.1213235294117647 0.43300653594771243 0.031862745098039214 0.05555555555555556
0 0.14338235294117646 0.4207516339869281 0.029411764705882353 0.04084967320261438
0 0.15318627450980393 0.3790849673202614 0.022058823529411763 0.049019607843137254
0 0.17095588235294118 0.3602941176470588 0.01838235294117647 0.03431372549019608
0 0.19669117647058823 0.3194444444444445 0.030637254901960783 0.03431372549019608
0 0.20159313725490197 0.35866013071895425 0.03553921568627451 0.03758169934640523
0 0.22855392156862744 0.32598039215686275 0.025735294117647058 0.05392156862745098
0 0.17279411764705882 0.3978758169934641 0.0196078431372549 0.03431372549019608
0 0.19791666666666666 0.39869281045751637 0.030637254901960783 0.042483660130718956
0 0.04779411764705882 0.5098039215686274 0.02696078431372549 0.049019607843137254
0 0.29901960784313725 0.38643790849673204 0.0392156862745098 0.04411764705882353
0 0.321078431372549 0.36764705882352944 0.022058823529411763 0.026143790849673203
0 0.34558823529411764 0.3872549019607843 0.029411764705882353 0.06209150326797386
0 0.38112745098039214 0.39215686274509803 0.041666666666666664 0.08169934640522876
0 0.3633578431372549 0.44526143790849676 0.030637254901960783 0.057189542483660136
0 0.3841911764705882 0.49101307189542487 0.03308823529411765 0.03104575163398693
0 0.33578431372549017 0.4305555555555556 0.022058823529411763 0.04411764705882353
0 0.31004901960784315 0.44526143790849676 0.041666666666666664 0.04411764705882353
0 0.24448529411764705 0.4109477124183007 0.030637254901960783 0.06045751633986928
0 0.27941176470588236 0.42401960784313725 0.031862745098039214 0.03758169934640523
0 0.2659313725490196 0.4632352941176471 0.03676470588235294 0.06372549019607843
0 0.3002450980392157 0.47385620915032683 0.02696078431372549 0.042483660130718956
0 0.22426470588235295 0.4477124183006536 0.049019607843137254 0.06209150326797386
0 0.25674019607843135 0.4934640522875817 0.023284313725490197 0.049019607843137254
0 0.26286764705882354 0.5302287581699346 0.0428921568627451 0.04411764705882353
0 0.28799019607843135 0.5040849673202614 0.0196078431372549 0.03758169934640523
0 0.2977941176470588 0.5400326797385621 0.0196078431372549 0.04084967320261438
0 0.1838235294117647 0.4624183006535948 0.041666666666666664 0.05228758169934641
0 0.2107843137254902 0.5032679738562091 0.022058823529411763 0.05228758169934641
0 0.23345588235294118 0.5032679738562091 0.020833333333333332 0.042483660130718956
0 0.1017156862745098 0.4477124183006536 0.02696078431372549 0.022875816993464054
0 0.15073529411764705 0.4616013071895425 0.0196078431372549 0.04084967320261438
0 0.1256127450980392 0.4861111111111111 0.06004901960784314 0.06045751633986928
0 0.1801470588235294 0.5089869281045751 0.044117647058823525 0.07026143790849673
0 0.2310049019607843 0.5522875816993464 0.020833333333333332 0.049019607843137254
0 0.27450980392156865 0.5604575163398693 0.024509803921568627 0.042483660130718956
0 0.3272058823529412 0.5637254901960784 0.049019607843137254 0.06862745098039216
0 0.3841911764705882 0.5645424836601307 0.030637254901960783 0.05065359477124183
0 0.3756127450980392 0.5825163398692811 0.025735294117647058 0.04084967320261438
0 0.3682598039215686 0.6176470588235294 0.01838235294117647 0.0392156862745098
0 0.4068627450980392 0.6421568627450981 0.024509803921568627 0.05555555555555556
0 0.4411764705882353 0.6511437908496732 0.031862745098039214 0.06372549019607843
0 0.3952205882352941 0.6830065359477124 0.023284313725490197 0.05228758169934641
0 0.4252450980392157 0.7214052287581699 0.041666666666666664 0.08660130718954248
0 0.3952205882352941 0.7205882352941176 0.025735294117647058 0.026143790849673203
0 0.43443627450980393 0.7900326797385621 0.03799019607843137 0.04738562091503268
0 0.15625 0.5514705882352942 0.025735294117647058 0.057189542483660136
0 0.17892156862745098 0.5563725490196079 0.024509803921568627 0.02777777777777778
0 0.18504901960784315 0.5874183006535948 0.022058823529411763 0.04738562091503268
0 0.2107843137254902 0.6070261437908497 0.031862745098039214 0.03758169934640523
0 0.25919117647058826 0.5955882352941176 0.030637254901960783 0.05392156862745098
0 0.2420343137254902 0.6119281045751634 0.020833333333333332 0.04738562091503268
0 0.2892156862745098 0.5972222222222222 0.024509803921568627 0.04738562091503268
0 0.28431372549019607 0.6405228758169935 0.022058823529411763 0.04575163398692811
0 0.3247549019607843 0.6331699346405228 0.022058823529411763 0.04411764705882353
0 0.3492647058823529 0.6168300653594772 0.01715686274509804 0.03431372549019608
0 0.3553921568627451 0.6421568627450981 0.029411764705882353 0.03594771241830066
0 0.34620098039215685 0.6740196078431373 0.04779411764705882 0.04738562091503268
0 0.34681372549019607 0.7001633986928105 0.029411764705882353 0.024509803921568627
0 0.3682598039215686 0.7075163398692811 0.01838235294117647 0.0392156862745098
0 0.3756127450980392 0.7475490196078431 0.023284313725490197 0.05065359477124183
0 0.40441176470588236 0.7777777777777778 0.024509803921568627 0.049019607843137254
0 0.3860294117647059 0.8031045751633987 0.024509803921568627 0.05392156862745098
0 0.3112745098039216 0.6584967320261438 0.024509803921568627 0.049019607843137254
0 0.3137254901960784 0.6968954248366013 0.0392156862745098 0.04738562091503268
0 0.34129901960784315 0.7279411764705882 0.03308823529411765 0.03104575163398693
0 0.35661764705882354 0.7393790849673203 0.024509803921568627 0.024509803921568627
0 0.28308823529411764 0.6862745098039216 0.02696078431372549 0.049019607843137254
0 0.26348039215686275 0.6486928104575164 0.0196078431372549 0.04575163398692811
0 0.24019607843137256 0.6617647058823529 0.044117647058823525 0.08169934640522876
0 0.27267156862745096 0.7214052287581699 0.04044117647058824 0.04411764705882353
0 0.2665441176470588 0.7565359477124183 0.03308823529411765 0.03594771241830066
0 0.3131127450980392 0.7663398692810458 0.03308823529411765 0.06862745098039216
0 0.34129901960784315 0.7728758169934641 0.023284313725490197 0.042483660130718956
0 0.36151960784313725 0.7941176470588236 0.0196078431372549 0.04575163398692811
0 0.2935049019607843 0.7810457516339869 0.025735294117647058 0.042483660130718956
0 0.22549019607843138 0.7001633986928105 0.029411764705882353 0.04411764705882353
0 0.1997549019607843 0.6372549019607844 0.03431372549019608 0.05555555555555556
0 0.19362745098039216 0.6625816993464052 0.02696078431372549 0.03758169934640523
0 0.18075980392156862 0.6911764705882353 0.023284313725490197 0.03594771241830066
0 0.18504901960784315 0.7320261437908497 0.024509803921568627 0.049019607843137254
0 0.08823529411764705 0.5236928104575164 0.056372549019607844 0.04738562091503268
0 0.1256127450980392 0.5588235294117647 0.03553921568627451 0.0392156862745098
0 0.1256127450980392 0.5955882352941176 0.025735294117647058 0.04411764705882353
0 0.15870098039215685 0.5931372549019608 0.025735294117647058 0.029411764705882353
0 0.15134803921568626 0.6168300653594772 0.030637254901960783 0.03758169934640523
0 0.052083333333333336 0.553921568627451 0.025735294117647058 0.022875816993464054
0 0.015931372549019607 0.5743464052287582 0.029411764705882353 0.02777777777777778
0 0.007965686274509803 0.6070261437908497 0.013480392156862746 0.04084967320261438
0 0.02389705882352941 0.625 0.025735294117647058 0.02777777777777778
0 0.0428921568627451 0.6070261437908497 0.0196078431372549 0.04738562091503268
0 0.07107843137254902 0.5996732026143791 0.03676470588235294 0.07516339869281045
0 0.09068627450980392 0.5629084967320261 0.03431372549019608 0.02777777777777778
0 0.10477941176470588 0.6168300653594772 0.023284313725490197 0.057189542483660136
0 0.12622549019607843 0.6348039215686274 0.02696078431372549 0.03431372549019608
0 0.15625 0.6568627450980392 0.0428921568627451 0.0392156862745098
0 0.1403186274509804 0.690359477124183 0.04534313725490196 0.03758169934640523
0 0.09313725490196079 0.6470588235294118 0.0196078431372549 0.042483660130718956
0 0.1053921568627451 0.678921568627451 0.044117647058823525 0.04084967320261438
0 0.05392156862745098 0.6478758169934641 0.022058823529411763 0.05065359477124183
0 0.03553921568627451 0.6650326797385621 0.01715686274509804 0.0392156862745098
0 0.013480392156862746 0.6699346405228759 0.022058823529411763 0.049019607843137254
0 0.011029411764705881 0.7181372549019608 0.0196078431372549 0.04084967320261438
0 0.037377450980392156 0.7148692810457516 0.020833333333333332 0.04084967320261438
0 0.0661764705882353 0.7622549019607844 0.029411764705882353 0.05065359477124183
0 0.042279411764705885 0.7704248366013072 0.03799019607843137 0.04738562091503268
0 0.11580882352941177 0.8178104575163399 0.025735294117647058 0.05065359477124183
0 0.37745098039215685 0.6699346405228759 0.01715686274509804 0.032679738562091505
0 0.20404411764705882 0.8047385620915033 0.04534313725490196 0.06045751633986928
0 0.2512254901960784 0.829248366013072 0.022058823529411763 0.05392156862745098
0 0.289828431372549 0.8864379084967321 0.04044117647058824 0.057189542483660136
0 0.33026960784313725 0.9117647058823529 0.03799019607843137 0.03594771241830066
0 0.29044117647058826 0.9452614379084968 0.044117647058823525 0.06699346405228758
0 0.23774509803921567 0.8725490196078431 0.031862745098039214 0.029411764705882353
0 0.19669117647058823 0.8790849673202614 0.03553921568627451 0.058823529411764705
0 0.17830882352941177 0.9362745098039216 0.025735294117647058 0.04575163398692811
0 0.15502450980392157 0.9313725490196079 0.025735294117647058 0.05228758169934641
0 0.10845588235294118 0.9681372549019608 0.023284313725490197 0.04738562091503268
0 0.20649509803921567 0.9264705882352942 0.028186274509803922 0.032679738562091505
0 0.43137254901960786 0.8251633986928105 0.031862745098039214 0.04575163398692811
0 0.4154411764705882 0.8390522875816994 0.0196078431372549 0.03431372549019608
0 0.4172794117647059 0.8733660130718954 0.03799019607843137 0.04738562091503268
0 0.44730392156862747 0.9052287581699346 0.0196078431372549 0.03594771241830066
0 0.3841911764705882 0.8545751633986929 0.028186274509803922 0.03594771241830066
0 0.2542892156862745 0.917483660130719 0.03799019607843137 0.02777777777777778
0 0.2389705882352941 0.9428104575163399 0.03431372549019608 0.042483660130718956
0 0.33578431372549017 0.9795751633986929 0.02696078431372549 0.04084967320261438
0 0.4730392156862745 0.8480392156862745 0.031862745098039214 0.029411764705882353
0 0.4895833333333333 0.7336601307189543 0.030637254901960783 0.06209150326797386
0 0.49816176470588236 0.8202614379084967 0.030637254901960783 0.06209150326797386
0 0.5410539215686274 0.7965686274509804 0.028186274509803922 0.03104575163398693
0 0.5551470588235294 0.7728758169934641 0.024509803921568627 0.042483660130718956
0 0.5980392156862745 0.7851307189542484 0.031862745098039214 0.04411764705882353
0 0.5747549019607843 0.8071895424836601 0.022058823529411763 0.03594771241830066
0 0.5968137254901961 0.8374183006535948 0.022058823529411763 0.03758169934640523
0 0.6237745098039216 0.857843137254902 0.02696078431372549 0.032679738562091505
0 0.6158088235294118 0.8766339869281046 0.030637254901960783 0.024509803921568627
0 0.6317401960784313 0.9011437908496732 0.04044117647058824 0.03758169934640523
0 0.5232843137254902 0.8594771241830066 0.029411764705882353 0.06535947712418301
0 0.5502450980392157 0.8684640522875817 0.031862745098039214 0.04738562091503268
0 0.4797794117647059 0.8717320261437909 0.028186274509803922 0.03431372549019608
0 0.5024509803921569 0.8856209150326798 0.0392156862745098 0.0392156862745098
0 0.5490196078431373 0.9133986928104575 0.029411764705882353 0.026143790849673203
0 0.5618872549019608 0.9419934640522876 0.020833333333333332 0.03431372549019608
0 0.5802696078431372 0.8962418300653595 0.023284313725490197 0.05392156862745098
0 0.6011029411764706 0.9076797385620915 0.015931372549019607 0.04411764705882353
0 0.6133578431372549 0.9387254901960784 0.020833333333333332 0.04084967320261438
0 0.579656862745098 0.9460784313725491 0.0196078431372549 0.04575163398692811
0 0.5974264705882353 0.9640522875816994 0.020833333333333332 0.0392156862745098
0 0.6501225490196079 0.9493464052287582 0.030637254901960783 0.03594771241830066
0 0.6525735294117647 0.9812091503267975 0.04779411764705882 0.03758169934640523
0 0.5974264705882353 0.4493464052287582 0.04044117647058824 0.058823529411764705
0 0.5980392156862745 0.49673202614379086 0.0196078431372549 0.0392156862745098
0 0.6825980392156863 0.3946078431372549 0.03431372549019608 0.04411764705882353
0 0.8504901960784313 0.6454248366013072 0.024509803921568627 0.042483660130718956
