0 0.35375816993464054 0.4142156862745098 0.04738562091503268 0.024509803921568627
0 0.30800653594771243 0.5189950980392157 0.024509803921568627 0.013480392156862746
0 0.05473856209150327 0.7738970588235294 0.024509803921568627 0.015931372549019607
0 0.032679738562091505 0.7787990196078431 0.0196078431372549 0.011029411764705881
0 0.021241830065359478 0.789828431372549 0.03594771241830066 0.01838235294117647
0 0.011437908496732027 0.8051470588235294 0.0196078431372549 0.014705882352941176
0 0.0392156862745098 0.8014705882352942 0.022875816993464054 0.00980392156862745
0 0.04411764705882353 0.7928921568627451 0.022875816993464054 0.00980392156862745
0 0.05473856209150327 0.7849264705882353 0.021241830065359478 0.013480392156862746
0 0.07434640522875817 0.7861519607843137 0.021241830065359478 0.011029411764705881
0 0.09722222222222222 0.7775735294117647 0.021241830065359478 0.011029411764705881
0 0.11519607843137256 0.7787990196078431 0.021241830065359478 0.011029411764705881
0 0.13480392156862744 0.78125 0.02777777777777778 0.015931372549019607
0 0.09558823529411765 0.7886029411764706 0.01797385620915033 0.011029411764705881
0 0.11029411764705882 0.7879901960784313 0.024509803921568627 0.012254901960784314
0 0.08415032679738563 0.7965686274509803 0.02777777777777778 0.014705882352941176
0 0.0727124183006536 0.8088235294117647 0.021241830065359478 0.0196078431372549
0 0.12091503267973856 0.7965686274509803 0.0196078431372549 0.00980392156862745
0 0.13725490196078433 0.7910539215686274 0.022875816993464054 0.011029411764705881
0 0.15604575163398693 0.7806372549019608 0.021241830065359478 0.012254901960784314
0 0.17320261437908496 0.7781862745098039 0.0196078431372549 0.012254901960784314
0 0.19362745098039216 0.7781862745098039 0.024509803921568627 0.012254901960784314
0 0.22303921568627452 0.7634803921568627 0.02777777777777778 0.012254901960784314
0 0.22140522875816995 0.7738970588235294 0.01797385620915033 0.011029411764705881
0 0.20751633986928106 0.7708333333333334 0.0196078431372549 0.012254901960784314
0 0.25326797385620914 0.7634803921568627 0.0196078431372549 0.012254901960784314
0 0.16911764705882354 0.7867647058823529 0.01797385620915033 0.00980392156862745
0 0.20915032679738563 0.7861519607843137 0.022875816993464054 0.013480392156862746
0 0.22957516339869283 0.7849264705882353 0.01797385620915033 0.011029411764705881
0 0.24019607843137256 0.7702205882352942 0.022875816993464054 0.011029411764705881
0 0.2434640522875817 0.7806372549019608 0.022875816993464054 0.012254901960784314
0 0.2573529411764706 0.7757352941176471 0.01797385620915033 0.012254901960784314
0 0.2712418300653595 0.7696078431372549 0.026143790849673203 0.012254901960784314
0 0.3031045751633987 0.7689950980392157 0.04738562091503268 0.020833333333333332
0 0.33333333333333337 0.7781862745098039 0.032679738562091505 0.01715686274509804
0 0.3570261437908497 0.7818627450980392 0.02777777777777778 0.014705882352941176
0 0.3790849673202614 0.7818627450980392 0.022875816993464054 0.012254901960784314
0 0.40032679738562094 0.7837009803921569 0.032679738562091505 0.01838235294117647
0 0.28104575163398693 0.7800245098039216 0.026143790849673203 0.013480392156862746
0 0.2679738562091503 0.7855392156862745 0.0196078431372549 0.00980392156862745
0 0.24591503267973858 0.7922794117647058 0.021241830065359478 0.011029411764705881
0 0.18627450980392157 0.789828431372549 0.022875816993464054 0.011029411764705881
0 0.20506535947712418 0.7971813725490196 0.021241830065359478 0.011029411764705881
0 0.13970588235294118 0.8125 0.024509803921568627 0.012254901960784314
0 0.18300653594771243 0.7996323529411764 0.0196078431372549 0.011029411764705881
0 0.1895424836601307 0.8069852941176471 0.022875816993464054 0.015931372549019607
0 0.2099673202614379 0.8057598039215687 0.01797385620915033 0.011029411764705881
0 0.18790849673202614 0.8235294117647058 0.029411764705882353 0.014705882352941176
0 0.16339869281045752 0.8265931372549019 0.029411764705882353 0.025735294117647058
0 0.14297385620915032 0.829656862745098 0.01797385620915033 0.014705882352941176
0 0.1650326797385621 0.8088235294117647 0.029411764705882353 0.014705882352941176
0 0.20833333333333334 0.8167892156862745 0.021241830065359478 0.015931372549019607
0 0.22957516339869283 0.8125 0.03104575163398693 0.01715686274509804
0 0.24673202614379086 0.8045343137254902 0.022875816993464054 0.013480392156862746
0 0.3031045751633987 0.7849264705882353 0.021241830065359478 0.013480392156862746
0 0.3104575163398693 0.7928921568627451 0.022875816993464054 0.0196078431372549
0 0.3292483660130719 0.789828431372549 0.024509803921568627 0.013480392156862746
0 0.2818627450980392 0.7953431372549019 0.03104575163398693 0.0196078431372549
0 0.25245098039215685 0.8143382352941176 0.01797385620915033 0.015931372549019607
0 0.26552287581699346 0.8082107843137255 0.021241830065359478 0.011029411764705881
0 0.23366013071895425 0.8265931372549019 0.03594771241830066 0.01838235294117647
0 0.24591503267973858 0.8345588235294118 0.01797385620915033 0.00980392156862745
0 0.26715686274509803 0.8333333333333334 0.021241830065359478 0.024509803921568627
0 0.2696078431372549 0.8180147058823529 0.029411764705882353 0.013480392156862746
0 0.29411764705882354 0.8125 0.022875816993464054 0.012254901960784314
0 0.30637254901960786 0.8088235294117647 0.021241830065359478 0.01715686274509804
0 0.3243464052287582 0.8020833333333334 0.02777777777777778 0.013480392156862746
0 0.3227124183006536 0.8088235294117647 0.021241830065359478 0.012254901960784314
0 0.35294117647058826 0.8033088235294118 0.029411764705882353 0.015931372549019607
0 0.37745098039215685 0.8014705882352942 0.022875816993464054 0.0196078431372549
0 0.3929738562091503 0.7996323529411764 0.021241830065359478 0.013480392156862746
0 0.3970588235294118 0.8112745098039216 0.029411764705882353 0.01715686274509804
0 0.34395424836601307 0.8161764705882353 0.024509803921568627 0.014705882352941176
0 0.3741830065359477 0.8137254901960784 0.022875816993464054 0.0196078431372549
0 0.37173202614379086 0.8259803921568627 0.021241830065359478 0.014705882352941176
0 0.3946078431372549 0.8241421568627451 0.03104575163398693 0.015931372549019607
0 0.41830065359477125 0.8223039215686274 0.022875816993464054 0.012254901960784314
0 0.35784313725490197 0.8419117647058824 0.0196078431372549 0.014705882352941176
0 0.34395424836601307 0.84375 0.014705882352941176 0.015931372549019607
0 0.33333333333333337 0.8278186274509803 0.032679738562091505 0.01838235294117647
0 0.2916666666666667 0.8229166666666666 0.02777777777777778 0.015931372549019607
0 0.3047385620915033 0.8321078431372549 0.02777777777777778 0.014705882352941176
0 0.3186274509803922 0.8394607843137255 0.0196078431372549 0.00980392156862745
0 0.28921568627450983 0.8382352941176471 0.026143790849673203 0.014705882352941176
0 0.4207516339869281 0.7745098039215687 0.01797385620915033 0.012254901960784314
0 0.434640522875817 0.7830882352941176 0.016339869281045753 0.012254901960784314
0 0.4616013071895425 0.7647058823529411 0.024509803921568627 0.012254901960784314
0 0.4869281045751634 0.767156862745098 0.026143790849673203 0.012254901960784314
0 0.5081699346405228 0.7665441176470588 0.026143790849673203 0.013480392156862746
0 0.5163398692810458 0.7745098039215687 0.022875816993464054 0.00980392156862745
0 0.5253267973856209 0.7818627450980392 0.024509803921568627 0.01715686274509804
0 0.5457516339869282 0.7824754901960784 0.022875816993464054 0.015931372549019607
0 0.5645424836601307 0.7763480392156863 0.02777777777777778 0.013480392156862746
0 0.5825163398692811 0.7830882352941176 0.021241830065359478 0.012254901960784314
0 0.6143790849673203 0.7800245098039216 0.032679738562091505 0.03308823529411765
0 0.5898692810457516 0.7959558823529411 0.032679738562091505 0.013480392156862746
0 0.6029411764705882 0.8094362745098039 0.0196078431372549 0.020833333333333332
0 0.6021241830065359 0.8308823529411764 0.02777777777777778 0.01715686274509804
0 0.607843137254902 0.8449754901960784 0.016339869281045753 0.015931372549019607
0 0.4763071895424837 0.7886029411764706 0.04084967320261438 0.023284313725490197
0 0.5040849673202614 0.7855392156862745 0.01797385620915033 0.012254901960784314
0 0.5016339869281046 0.7941176470588235 0.016339869281045753 0.00980392156862745
0 0.5294117647058824 0.7965686274509803 0.026143790849673203 0.012254901960784314
0 0.44607843137254904 0.7996323529411764 0.042483660130718956 0.020833333333333332
0 0.4444444444444445 0.8143382352941176 0.026143790849673203 0.011029411764705881
0 0.45179738562091504 0.821078431372549 0.01797385620915033 0.012254901960784314
0 0.4665032679738562 0.8223039215686274 0.01797385620915033 0.014705882352941176
0 0.4869281045751634 0.8118872549019608 0.0392156862745098 0.020833333333333332
0 0.4852941176470588 0.8333333333333334 0.022875816993464054 0.01715686274509804
0 0.5130718954248367 0.8259803921568627 0.029411764705882353 0.014705882352941176
0 0.5212418300653595 0.8082107843137255 0.022875816993464054 0.011029411764705881
0 0.5392156862745098 0.8075980392156863 0.0196078431372549 0.012254901960784314
0 0.5759803921568628 0.8106617647058824 0.014705882352941176 0.011029411764705881
0 0.5620915032679739 0.8155637254901961 0.022875816993464054 0.013480392156862746
0 0.5498366013071896 0.8247549019607843 0.03431372549019608 0.024509803921568627
0 0.5400326797385621 0.8400735294117647 0.03104575163398693 0.023284313725490197
0 0.5204248366013072 0.8394607843137255 0.01797385620915033 0.014705882352941176
0 0.5718954248366013 0.8455882352941176 0.0392156862745098 0.02696078431372549
0 0.5776143790849674 0.8314950980392157 0.024509803921568627 0.020833333333333332
0 0.6895424836601307 0.7910539215686274 0.022875816993464054 0.013480392156862746
0 0.7099673202614379 0.7922794117647058 0.024509803921568627 0.013480392156862746
0 0.732843137254902 0.7910539215686274 0.02777777777777778 0.013480392156862746
0 0.7549019607843137 0.7879901960784313 0.0196078431372549 0.014705882352941176
0 0.7728758169934641 0.7910539215686274 0.026143790849673203 0.013480392156862746
0 0.7450980392156863 0.798406862745098 0.029411764705882353 0.011029411764705881
0 0.7549019607843137 0.8075980392156863 0.0392156862745098 0.0196078431372549
0 0.7124183006535948 0.8174019607843137 0.032679738562091505 0.01715686274509804
0 0.8341503267973857 0.8100490196078431 0.04738562091503268 0.02696078431372549
0 0.8464052287581699 0.7855392156862745 0.022875816993464054 0.012254901960784314
0 0.8995098039215687 0.8045343137254902 0.02777777777777778 0.015931372549019607
0 0.9354575163398693 0.8100490196078431 0.021241830065359478 0.012254901960784314
0 0.948529411764706 0.8161764705882353 0.01797385620915033 0.00980392156862745
0 0.9558823529411765 0.8069852941176471 0.022875816993464054 0.011029411764705881
0 0.9795751633986929 0.8118872549019608 0.01797385620915033 0.00857843137254902
0 0.9754901960784313 0.8216911764705882 0.022875816993464054 0.013480392156862746
0 0.9779411764705883 0.8345588235294118 0.014705882352941176 0.014705882352941176
0 0.988562091503268 0.8419117647058824 0.022875816993464054 0.022058823529411763
0 0.9673202614379085 0.8431372549019608 0.0196078431372549 0.022058823529411763
0 0.9550653594771242 0.829656862745098 0.014705882352941176 0.012254901960784314
0 0.9370915032679739 0.821078431372549 0.02777777777777778 0.014705882352941176
0 0.9117647058823529 0.8265931372549019 0.029411764705882353 0.013480392156862746
0 0.9338235294117647 0.835171568627451 0.02777777777777778 0.013480392156862746
0 0.9526143790849674 0.8425245098039216 0.013071895424836602 0.015931372549019607
0 0.9910130718954249 0.8174019607843137 0.01797385620915033 0.012254901960784314
