0 0.10232843137254902 0.05147058823529412 0.020833333333333332 0.01797385620915033
0 0.1213235294117647 0.05800653594771242 0.02696078431372549 0.024509803921568627
0 0.10723039215686274 0.06944444444444445 0.01838235294117647 0.01797385620915033
0 0.6813725490196079 0.0923202614379085 0.029411764705882353 0.02777777777777778
0 0.9430147058823529 0.10784313725490197 0.023284313725490197 0.022875816993464054
0 0.9797794117647058 0.10620915032679738 0.01838235294117647 0.016339869281045753
0 0.9828431372549019 0.14133986928104575 0.022058823529411763 0.03431372549019608
0 0.9650735294117647 0.14297385620915032 0.013480392156862746 0.01797385620915033
0 0.9295343137254902 0.13480392156862744 0.023284313725490197 0.01797385620915033
0 0.9436274509803921 0.14215686274509803 0.014705882352941176 0.022875816993464054
0 0.9129901960784313 0.11437908496732027 0.022058823529411763 0.022875816993464054
0 0.8946078431372549 0.10294117647058824 0.014705882352941176 0.016339869281045753
0 0.9007352941176471 0.1315359477124183 0.029411764705882353 0.03431372549019608
0 0.8774509803921569 0.11356209150326797 0.029411764705882353 0.021241830065359478
0 0.8590686274509803 0.12826797385620917 0.01715686274509804 0.01797385620915033
0 0.9950980392156863 0.1053921568627451 0.00980392156862745 0.011437908496732027
0 0.96875 0.11683006535947713 0.01838235294117647 0.014705882352941176
0 0.9761029411764706 0.03104575163398693 0.04044117647058824 0.026143790849673203
0 0.9712009803921569 0.15522875816993464 0.015931372549019607 0.013071895424836602
0 0.009191176470588236 0.5923202614379085 0.015931372549019607 0.03758169934640523
0 0.9362745098039216 0.015522875816993464 0.044117647058823525 0.02777777777777778
0 0.9699754901960784 0.00980392156862745 0.023284313725490197 0.016339869281045753
0 0.8939950980392156 0.010620915032679739 0.011029411764705881 0.01797385620915033
0 0.8167892156862745 0.00980392156862745 0.028186274509803922 0.016339869281045753
0 0.8676470588235294 0.008169934640522876 0.022058823529411763 0.013071895424836602
0 0.8425245098039216 0.00980392156862745 0.013480392156862746 0.016339869281045753
0 0.7352941176470588 0.008169934640522876 0.029411764705882353 0.013071895424836602
0 0.6629901960784313 0.024509803921568627 0.022058823529411763 0.026143790849673203
