0 0.04656862745098039 0.11601307189542484 0.07107843137254902 0.07516339869281045
0 0.8927696078431372 0.1568627450980392 0.05759803921568627 0.06535947712418301
0 0.9405637254901961 0.1911764705882353 0.05024509803921569 0.058823529411764705
0 0.9718137254901961 0.2312091503267974 0.056372549019607844 0.06372549019607843
0 0.9319852941176471 0.23366013071895425 0.025735294117647058 0.042483660130718956
0 0.9050245098039216 0.21568627450980393 0.01838235294117647 0.049019607843137254
0 0.8780637254901961 0.20506535947712418 0.03308823529411765 0.03104575163398693
0 0.8480392156862745 0.16830065359477125 0.041666666666666664 0.042483660130718956
0 0.8284313725490196 0.19281045751633988 0.031862745098039214 0.0392156862745098
0 0.9791666666666666 0.1911764705882353 0.024509803921568627 0.029411764705882353
0 0.13848039215686275 0.11111111111111112 0.03431372549019608 0.042483660130718956
0 0.02267156862745098 0.1454248366013072 0.0428921568627451 0.04575163398692811
