0 0.15012254901960784 0.3480392156862745 0.03308823529411765 0.05228758169934641
0 0.11090686274509803 0.607843137254902 0.028186274509803922 0.026143790849673203
0 0.1323529411764706 0.6241830065359477 0.03431372549019608 0.03594771241830066
0 0.19669117647058823 0.32598039215686275 0.05024509803921569 0.03758169934640523
0 0.2230392156862745 0.2965686274509804 0.024509803921568627 0.024509803921568627
0 0.24080882352941177 0.3357843137254902 0.03308823529411765 0.02777777777777778
0 0.25183823529411764 0.35947712418300654 0.03308823529411765 0.026143790849673203
0 0.28370098039215685 0.3643790849673203 0.030637254901960783 0.029411764705882353
0 0.31556372549019607 0.3480392156862745 0.0428921568627451 0.032679738562091505
0 0.3915441176470588 0.4035947712418301 0.04534313725490196 0.026143790849673203
0 0.3860294117647059 0.37990196078431376 0.02696078431372549 0.024509803921568627
0 0.4932598039215686 0.31290849673202614 0.028186274509803922 0.04084967320261438
0 0.5533088235294118 0.34068627450980393 0.04534313725490196 0.06372549019607843
0 0.5202205882352942 0.38071895424836605 0.025735294117647058 0.029411764705882353
0 0.5962009803921569 0.33088235294117646 0.025735294117647058 0.02777777777777778
0 0.6323529411764706 0.3423202614379085 0.024509803921568627 0.04084967320261438
0 0.5833333333333334 0.37173202614379086 0.03431372549019608 0.024509803921568627
0 0.5962009803921569 0.4076797385620915 0.06004901960784314 0.06045751633986928
0 0.9822303921568627 0.29248366013071897 0.03308823529411765 0.032679738562091505
0 0.9583333333333334 0.6683006535947713 0.02696078431372549 0.026143790849673203
0 0.8449754901960784 0.5923202614379085 0.023284313725490197 0.024509803921568627
0 0.798406862745098 0.5988562091503268 0.028186274509803922 0.02777777777777778
0 0.7751225490196079 0.619281045751634 0.028186274509803922 0.029411764705882353
0 0.7622549019607843 0.6004901960784313 0.031862745098039214 0.03104575163398693
0 0.8498774509803921 0.3602941176470588 0.025735294117647058 0.05392156862745098
0 0.8725490196078431 0.411764705882353 0.02696078431372549 0.022875816993464054
0 0.8596813725490196 0.4297385620915033 0.028186274509803922 0.026143790849673203
0 0.8382352941176471 0.440359477124183 0.024509803921568627 0.03104575163398693
0 0.8743872549019608 0.45915032679738566 0.023284313725490197 0.032679738562091505
0 0.767156862745098 0.3562091503267974 0.02696078431372549 0.029411764705882353
0 0.7444852941176471 0.3292483660130719 0.025735294117647058 0.024509803921568627
0 0.7555147058823529 0.40032679738562094 0.028186274509803922 0.022875816993464054
0 0.7849264705882353 0.4297385620915033 0.06004901960784314 0.05228758169934641
0 0.8118872549019608 0.3937908496732026 0.030637254901960783 0.026143790849673203
0 0.8290441176470588 0.411764705882353 0.020833333333333332 0.029411764705882353
0 0.7420343137254902 0.41911764705882354 0.025735294117647058 0.02777777777777778
0 0.735906862745098 0.4387254901960784 0.03553921568627451 0.02777777777777778
0 0.7212009803921569 0.45669934640522875 0.028186274509803922 0.024509803921568627
0 0.7058823529411764 0.42483660130718953 0.022058823529411763 0.032679738562091505
0 0.9123774509803921 0.369281045751634 0.03308823529411765 0.026143790849673203
0 0.7628676470588235 0.4534313725490196 0.025735294117647058 0.01797385620915033
0 0.9001225490196079 0.7312091503267975 0.06004901960784314 0.06045751633986928
0 0.9761029411764706 0.7663398692810458 0.04779411764705882 0.049019607843137254
0 0.9705882352941176 0.8316993464052288 0.058823529411764705 0.049019607843137254
0 0.8952205882352942 0.8276143790849674 0.05759803921568627 0.05392156862745098
0 0.8633578431372549 0.8080065359477124 0.01838235294117647 0.03431372549019608
0 0.8725490196078431 0.7614379084967321 0.014705882352941176 0.029411764705882353
0 0.8860294117647058 0.7973856209150327 0.0196078431372549 0.022875816993464054
0 0.8253676470588235 0.763888888888889 0.028186274509803922 0.024509803921568627
0 0.8278186274509803 0.7859477124183006 0.030637254901960783 0.022875816993464054
0 0.8014705882352942 0.8325163398692811 0.06862745098039216 0.04738562091503268
0 0.7653186274509803 0.803921568627451 0.05759803921568627 0.032679738562091505
0 0.7169117647058824 0.829248366013072 0.058823529411764705 0.04084967320261438
0 0.7181372549019608 0.7312091503267975 0.02696078431372549 0.03104575163398693
0 0.7003676470588235 0.8071895424836601 0.03308823529411765 0.03594771241830066
0 0.6911764705882353 0.7630718954248367 0.03676470588235294 0.0392156862745098
0 0.6495098039215687 0.7851307189542484 0.06372549019607843 0.05065359477124183
0 0.5955882352941176 0.7598039215686275 0.029411764705882353 0.022875816993464054
0 0.6243872549019608 0.7524509803921569 0.028186274509803922 0.02777777777777778
0 0.5912990196078431 0.7785947712418301 0.03308823529411765 0.021241830065359478
0 0.6139705882352942 0.8031045751633987 0.051470588235294115 0.04084967320261438
0 0.5882352941176471 0.8218954248366014 0.051470588235294115 0.03594771241830066
0 0.6513480392156863 0.8259803921568628 0.04779411764705882 0.03758169934640523
0 0.9050245098039216 0.8643790849673203 0.028186274509803922 0.026143790849673203
0 0.7824754901960784 0.9509803921568628 0.03553921568627451 0.026143790849673203
0 0.8063725490196079 0.9624183006535948 0.02696078431372549 0.022875816993464054
0 0.1446078431372549 0.7148692810457516 0.02696078431372549 0.03758169934640523
