0 0.11151960784313725 0.45098039215686275 0.044117647058823525 0.03594771241830066
0 0.10723039215686274 0.5008169934640523 0.03799019607843137 0.03431372549019608
0 0.061887254901960786 0.5 0.04044117647058824 0.032679738562091505
0 0.07230392156862744 0.4632352941176471 0.03676470588235294 0.03431372549019608
0 0.028799019607843136 0.47303921568627455 0.04779411764705882 0.03431372549019608
0 0.25245098039215685 0.48447712418300654 0.044117647058823525 0.03431372549019608
0 0.21629901960784315 0.505718954248366 0.03553921568627451 0.03758169934640523
0 0.2389705882352941 0.5302287581699346 0.04656862745098039 0.04411764705882353
0 0.2928921568627451 0.5155228758169935 0.056372549019607844 0.05065359477124183
0 0.3204656862745098 0.5588235294117647 0.05759803921568627 0.04575163398692811
0 0.31495098039215685 0.6070261437908497 0.03676470588235294 0.05392156862745098
0 0.2181372549019608 0.5866013071895425 0.05392156862745098 0.049019607843137254
0 0.2689950980392157 0.638888888888889 0.028186274509803922 0.05555555555555556
0 0.27267156862745096 0.5915032679738562 0.03553921568627451 0.049019607843137254
0 0.21200980392156862 0.6323529411764706 0.049019607843137254 0.0392156862745098
0 0.18137254901960784 0.5988562091503268 0.022058823529411763 0.05065359477124183
0 0.1482843137254902 0.6070261437908497 0.0392156862745098 0.04084967320261438
0 0.020833333333333332 0.7883986928104575 0.03676470588235294 0.04411764705882353
0 0.3474264705882353 0.5964052287581699 0.030637254901960783 0.06209150326797386
0 0.3645833333333333 0.6266339869281046 0.03308823529411765 0.05065359477124183
0 0.39705882352941174 0.6446078431372549 0.03676470588235294 0.04738562091503268
0 0.41973039215686275 0.5498366013071896 0.0428921568627451 0.03758169934640523
0 0.46078431372549017 0.559640522875817 0.041666666666666664 0.03431372549019608
0 0.5055147058823529 0.5849673202614379 0.05024509803921569 0.0392156862745098
0 0.4834558823529412 0.6617647058823529 0.0428921568627451 0.0392156862745098
0 0.4767156862745098 0.7026143790849674 0.03676470588235294 0.0392156862745098
0 0.44056372549019607 0.6797385620915033 0.03308823529411765 0.05228758169934641
0 0.4411764705882353 0.5923202614379085 0.058823529411764705 0.04411764705882353
0 0.4325980392156863 0.6274509803921569 0.044117647058823525 0.0392156862745098
0 0.5318627450980392 0.6299019607843137 0.041666666666666664 0.07679738562091504
0 0.39767156862745096 0.5849673202614379 0.03799019607843137 0.03594771241830066
0 0.3897058823529412 0.8602941176470589 0.056372549019607844 0.04411764705882353
0 0.44056372549019607 0.9199346405228759 0.05024509803921569 0.042483660130718956
0 0.9258578431372549 0.9297385620915033 0.06740196078431372 0.05228758169934641
0 0.9178921568627451 0.8946078431372549 0.07352941176470588 0.04738562091503268
0 0.9522058823529411 0.8218954248366014 0.06372549019607843 0.04575163398692811
0 0.9264705882352942 0.8529411764705883 0.04656862745098039 0.049019607843137254
0 0.8468137254901961 0.9003267973856209 0.04656862745098039 0.029411764705882353
0 0.8694852941176471 0.9264705882352942 0.05024509803921569 0.032679738562091505
0 0.8774509803921569 0.9509803921568628 0.049019607843137254 0.0392156862745098
0 0.8363970588235294 0.9460784313725491 0.03308823529411765 0.029411764705882353
0 0.7959558823529411 0.9305555555555556 0.0428921568627451 0.02777777777777778
0 0.7843137254901961 0.954248366013072 0.044117647058823525 0.032679738562091505
0 0.7475490196078431 0.9125816993464052 0.031862745098039214 0.03104575163398693
0 0.6832107843137255 0.888888888888889 0.05269607843137255 0.049019607843137254
0 0.7334558823529411 0.8839869281045752 0.05024509803921569 0.042483660130718956
0 0.7818627450980392 0.8962418300653595 0.04656862745098039 0.04738562091503268
0 0.8063725490196079 0.8815359477124183 0.044117647058823525 0.04084967320261438
0 0.7769607843137255 0.8545751633986929 0.0392156862745098 0.0392156862745098
0 0.8118872549019608 0.8243464052287582 0.05514705882352941 0.04738562091503268
0 0.8645833333333334 0.8562091503267975 0.07965686274509803 0.06209150326797386
0 0.8958333333333334 0.823529411764706 0.03676470588235294 0.03594771241830066
0 0.8578431372549019 0.7998366013071896 0.04656862745098039 0.04738562091503268
0 0.8970588235294118 0.7883986928104575 0.049019607843137254 0.03758169934640523
0 0.9264705882352942 0.7769607843137255 0.0392156862745098 0.04411764705882353
0 0.9466911764705882 0.7467320261437909 0.03799019607843137 0.06209150326797386
0 0.985906862745098 0.8014705882352942 0.028186274509803922 0.03431372549019608
0 0.9669117647058824 0.7802287581699346 0.03676470588235294 0.03104575163398693
0 0.9883578431372549 0.7181372549019608 0.023284313725490197 0.03431372549019608
0 0.9908088235294118 0.6772875816993464 0.01838235294117647 0.03431372549019608
0 0.9632352941176471 0.6699346405228759 0.0392156862745098 0.03594771241830066
0 0.9558823529411764 0.704248366013072 0.051470588235294115 0.049019607843137254
0 0.9117647058823529 0.7287581699346406 0.03676470588235294 0.05228758169934641
0 0.8725490196078431 0.7540849673202614 0.058823529411764705 0.04411764705882353
0 0.8713235294117647 0.7148692810457516 0.04656862745098039 0.03758169934640523
0 0.8278186274509803 0.7524509803921569 0.03799019607843137 0.04084967320261438
