0 0.977328431372549 0.03758169934640523 0.028186274509803922 0.06535947712418301
0 0.991421568627451 0.07189542483660132 0.01715686274509804 0.06209150326797386
0 0.9485294117647058 0.06127450980392157 0.03431372549019608 0.07352941176470588
0 0.8848039215686274 0.03349673202614379 0.022058823529411763 0.05065359477124183
0 0.9246323529411764 0.04493464052287582 0.015931372549019607 0.03104575163398693
0 0.9264705882352942 0.07761437908496732 0.01715686274509804 0.03758169934640523
0 0.8927696078431372 0.07761437908496732 0.03553921568627451 0.07352941176470588
0 0.9221813725490196 0.11437908496732027 0.01838235294117647 0.03594771241830066
0 0.9356617647058824 0.11764705882352941 0.01838235294117647 0.042483660130718956
0 0.9662990196078431 0.11519607843137256 0.023284313725490197 0.04738562091503268
0 0.9767156862745098 0.14379084967320263 0.022058823529411763 0.0392156862745098
0 0.9883578431372549 0.15441176470588236 0.01838235294117647 0.04411764705882353
0 0.9810049019607843 0.18709150326797386 0.01838235294117647 0.024509803921568627
0 0.9558823529411764 0.15522875816993464 0.022058823529411763 0.042483660130718956
0 0.9375 0.16176470588235295 0.014705882352941176 0.0392156862745098
0 0.9448529411764706 0.18137254901960784 0.01715686274509804 0.03594771241830066
0 0.9252450980392156 0.1576797385620915 0.0196078431372549 0.04411764705882353
0 0.9050245098039216 0.13725490196078433 0.03308823529411765 0.058823529411764705
0 0.8897058823529411 0.18790849673202614 0.022058823529411763 0.058823529411764705
0 0.9031862745098039 0.1911764705882353 0.0196078431372549 0.049019607843137254
0 0.9191176470588235 0.20261437908496732 0.014705882352941176 0.0392156862745098
0 0.9270833333333334 0.2246732026143791 0.013480392156862746 0.03758169934640523
0 0.914828431372549 0.24918300653594772 0.01838235294117647 0.03431372549019608
0 0.9399509803921569 0.2581699346405229 0.0196078431372549 0.04575163398692811
0 0.7310049019607843 0.42728758169934644 0.01838235294117647 0.04411764705882353
0 0.7616421568627451 0.45996732026143794 0.020833333333333332 0.06045751633986928
0 0.7310049019607843 0.47385620915032683 0.015931372549019607 0.03594771241830066
0 0.7408088235294118 0.4673202614379085 0.01838235294117647 0.042483660130718956
0 0.7291666666666666 0.5073529411764706 0.01715686274509804 0.03758169934640523
0 0.7591911764705882 0.5098039215686274 0.01838235294117647 0.0196078431372549
0 0.75 0.5334967320261438 0.014705882352941176 0.03104575163398693
0 0.9105392156862745 0.5302287581699346 0.01715686274509804 0.04084967320261438
0 0.9215686274509803 0.5498366013071896 0.014705882352941176 0.02777777777777778
0 0.9319852941176471 0.5866013071895425 0.01838235294117647 0.032679738562091505
0 0.9473039215686274 0.6168300653594772 0.02696078431372549 0.057189542483660136
0 0.9736519607843137 0.6029411764705882 0.023284313725490197 0.022875816993464054
0 0.9675245098039216 0.6707516339869282 0.03553921568627451 0.04738562091503268
0 0.9227941176470588 0.6437908496732027 0.029411764705882353 0.06862745098039216
0 0.9080882352941176 0.619281045751634 0.0196078431372549 0.042483660130718956
0 0.897671568627451 0.6045751633986929 0.01838235294117647 0.049019607843137254
0 0.866421568627451 0.573529411764706 0.014705882352941176 0.0392156862745098
0 0.8762254901960784 0.5155228758169935 0.014705882352941176 0.04084967320261438
0 0.8639705882352942 0.5351307189542484 0.01715686274509804 0.04084967320261438
0 0.8511029411764706 0.5857843137254902 0.01838235294117647 0.03758169934640523
0 0.8382352941176471 0.5457516339869282 0.01715686274509804 0.03594771241830066
0 0.9007352941176471 0.667483660130719 0.014705882352941176 0.03758169934640523
0 0.8872549019607843 0.6486928104575164 0.01715686274509804 0.0392156862745098
0 0.8805147058823529 0.698529411764706 0.023284313725490197 0.05065359477124183
0 0.8578431372549019 0.6838235294117647 0.014705882352941176 0.04411764705882353
0 0.8541666666666666 0.7230392156862745 0.01715686274509804 0.03431372549019608
0 0.866421568627451 0.6053921568627452 0.022058823529411763 0.03104575163398693
0 0.829656862745098 0.6094771241830066 0.01715686274509804 0.029411764705882353
0 0.8106617647058824 0.553921568627451 0.023284313725490197 0.05555555555555556
0 0.7959558823529411 0.5253267973856209 0.025735294117647058 0.06045751633986928
0 0.7689950980392157 0.5906862745098039 0.020833333333333332 0.024509803921568627
0 0.7928921568627451 0.5988562091503268 0.01715686274509804 0.04084967320261438
0 0.7892156862745098 0.6560457516339869 0.0196078431372549 0.04738562091503268
0 0.8125 0.6478758169934641 0.01715686274509804 0.04411764705882353
0 0.8155637254901961 0.6037581699346405 0.015931372549019607 0.04084967320261438
0 0.8321078431372549 0.579248366013072 0.014705882352941176 0.02777777777777778
0 0.7622549019607843 0.5408496732026143 0.014705882352941176 0.0392156862745098
0 0.758578431372549 0.6348039215686274 0.022058823529411763 0.04084967320261438
0 0.8314950980392157 0.6413398692810458 0.015931372549019607 0.03104575163398693
0 0.8633578431372549 0.6486928104575164 0.015931372549019607 0.032679738562091505
0 0.8186274509803921 0.5032679738562091 0.01715686274509804 0.042483660130718956
0 0.8002450980392157 0.6968954248366013 0.024509803921568627 0.05065359477124183
0 0.7530637254901961 0.5890522875816994 0.020833333333333332 0.05065359477124183
0 0.9160539215686274 0.2785947712418301 0.013480392156862746 0.024509803921568627
0 0.6360294117647058 0.4477124183006536 0.029411764705882353 0.05228758169934641
