0 0.009191176470588236 0.33333333333333337 0.015931372549019607 0.016339869281045753
0 0.061887254901960786 0.3300653594771242 0.020833333333333332 0.042483660130718956
0 0.04044117647058824 0.3415032679738562 0.024509803921568627 0.0196078431372549
0 0.029411764705882353 0.3553921568627451 0.022058823529411763 0.01797385620915033
0 0.011642156862745098 0.35294117647058826 0.020833333333333332 0.016339869281045753
0 0.012254901960784314 0.37254901960784315 0.022058823529411763 0.026143790849673203
0 0.06372549019607843 0.3651960784313726 0.02696078431372549 0.021241830065359478
0 0.03002450980392157 0.38480392156862747 0.04534313725490196 0.04084967320261438
0 0.012867647058823529 0.41748366013071897 0.023284313725490197 0.04411764705882353
0 0.042279411764705885 0.4109477124183007 0.04044117647058824 0.03431372549019608
0 0.030637254901960783 0.428921568627451 0.0196078431372549 0.01797385620915033
0 0.08762254901960784 0.35866013071895425 0.020833333333333332 0.04084967320261438
0 0.1053921568627451 0.34885620915032683 0.0196078431372549 0.03431372549019608
0 0.11642156862745098 0.3553921568627451 0.0196078431372549 0.02777777777777778
0 0.1329656862745098 0.35866013071895425 0.01838235294117647 0.02777777777777778
0 0.14154411764705882 0.34395424836601307 0.025735294117647058 0.02777777777777778
0 0.1881127450980392 0.3415032679738562 0.028186274509803922 0.026143790849673203
0 0.1764705882352941 0.3627450980392157 0.024509803921568627 0.022875816993464054
0 0.15931372549019607 0.36683006535947715 0.024509803921568627 0.024509803921568627
0 0.1446078431372549 0.3831699346405229 0.022058823529411763 0.021241830065359478
0 0.11887254901960784 0.3790849673202614 0.022058823529411763 0.029411764705882353
0 0.0974264705882353 0.37990196078431376 0.028186274509803922 0.024509803921568627
0 0.05392156862745098 0.3897058823529412 0.014705882352941176 0.02777777777777778
0 0.07291666666666667 0.3897058823529412 0.020833333333333332 0.03104575163398693
0 0.08946078431372549 0.41258169934640526 0.049019607843137254 0.04411764705882353
0 0.11948529411764705 0.4084967320261438 0.01838235294117647 0.0196078431372549
0 0.13970588235294118 0.40604575163398693 0.031862745098039214 0.02777777777777778
0 0.1605392156862745 0.39133986928104575 0.01715686274509804 0.02777777777777778
0 0.1764705882352941 0.3872549019607843 0.014705882352941176 0.029411764705882353
0 0.04718137254901961 0.44526143790849676 0.015931372549019607 0.03104575163398693
0 0.02144607843137255 0.4575163398692811 0.04044117647058824 0.04575163398692811
0 0.015931372549019607 0.4959150326797386 0.029411764705882353 0.03431372549019608
0 0.00857843137254902 0.5302287581699346 0.014705882352941176 0.03431372549019608
0 0.028799019607843136 0.5318627450980392 0.030637254901960783 0.05065359477124183
0 0.04595588235294117 0.5 0.028186274509803922 0.0196078431372549
0 0.052083333333333336 0.48366013071895425 0.020833333333333332 0.016339869281045753
0 0.06556372549019608 0.45996732026143794 0.025735294117647058 0.024509803921568627
0 0.06862745098039216 0.4419934640522876 0.024509803921568627 0.021241830065359478
0 0.1292892156862745 0.4387254901960784 0.015931372549019607 0.024509803921568627
0 0.14705882352941177 0.4436274509803922 0.024509803921568627 0.057189542483660136
0 0.15134803921568626 0.477124183006536 0.028186274509803922 0.016339869281045753
0 0.10049019607843138 0.4542483660130719 0.044117647058823525 0.042483660130718956
0 0.12316176470588235 0.47303921568627455 0.03553921568627451 0.04411764705882353
0 0.13602941176470587 0.49264705882352944 0.01715686274509804 0.024509803921568627
0 0.0741421568627451 0.47875816993464054 0.023284313725490197 0.022875816993464054
0 0.09313725490196079 0.4901960784313726 0.029411764705882353 0.0392156862745098
0 0.0704656862745098 0.49754901960784315 0.025735294117647058 0.024509803921568627
0 0.04963235294117647 0.5383986928104575 0.028186274509803922 0.04411764705882353
0 0.07291666666666667 0.5245098039215687 0.01838235294117647 0.026143790849673203
0 0.08823529411764705 0.5187908496732027 0.0196078431372549 0.01797385620915033
0 0.09681372549019608 0.5383986928104575 0.014705882352941176 0.03431372549019608
0 0.12009803921568628 0.5114379084967321 0.04656862745098039 0.03594771241830066
0 0.1525735294117647 0.5334967320261438 0.04534313725490196 0.03431372549019608
0 0.1488970588235294 0.49101307189542487 0.023284313725490197 0.01797385620915033
0 0.16299019607843138 0.49836601307189543 0.0196078431372549 0.0392156862745098
0 0.17708333333333334 0.5049019607843137 0.023284313725490197 0.022875816993464054
0 0.1801470588235294 0.4861111111111111 0.024509803921568627 0.01797385620915033
0 0.19117647058823528 0.3872549019607843 0.0196078431372549 0.032679738562091505
0 0.16482843137254902 0.4109477124183007 0.023284313725490197 0.01797385620915033
0 0.18321078431372548 0.4150326797385621 0.01838235294117647 0.022875816993464054
0 0.16911764705882354 0.42647058823529416 0.024509803921568627 0.0196078431372549
0 0.18933823529411764 0.43790849673202614 0.025735294117647058 0.022875816993464054
0 0.17830882352941177 0.4477124183006536 0.015931372549019607 0.0196078431372549
0 0.1642156862745098 0.4493464052287582 0.014705882352941176 0.029411764705882353
0 0.17279411764705882 0.46568627450980393 0.022058823529411763 0.016339869281045753
0 0.20159313725490197 0.4616013071895425 0.025735294117647058 0.02777777777777778
0 0.2077205882352941 0.40931372549019607 0.030637254901960783 0.024509803921568627
0 0.21691176470588236 0.3553921568627451 0.03676470588235294 0.04084967320261438
0 0.24325980392156862 0.34477124183006536 0.020833333333333332 0.0196078431372549
0 0.25674019607843135 0.36683006535947715 0.023284313725490197 0.024509803921568627
0 0.27205882352941174 0.369281045751634 0.022058823529411763 0.026143790849673203
0 0.29044117647058826 0.4011437908496732 0.04656862745098039 0.04411764705882353
0 0.2261029411764706 0.3741830065359477 0.01838235294117647 0.016339869281045753
0 0.22181372549019607 0.39215686274509803 0.02696078431372549 0.0196078431372549
0 0.22365196078431374 0.42728758169934644 0.020833333333333332 0.024509803921568627
0 0.2107843137254902 0.4411764705882353 0.0196078431372549 0.0196078431372549
0 0.22732843137254902 0.45098039215686275 0.023284313725490197 0.016339869281045753
0 0.19914215686274508 0.4812091503267974 0.020833333333333332 0.01797385620915033
0 0.21752450980392157 0.4803921568627451 0.01838235294117647 0.0196078431372549
0 0.21629901960784315 0.5106209150326797 0.05269607843137255 0.04411764705882353
0 0.1801470588235294 0.5228758169934641 0.022058823529411763 0.022875816993464054
0 0.19301470588235295 0.5465686274509804 0.0428921568627451 0.03104575163398693
0 0.21752450980392157 0.5416666666666666 0.020833333333333332 0.021241830065359478
0 0.2493872549019608 0.5408496732026143 0.04779411764705882 0.042483660130718956
0 0.11825980392156862 0.5367647058823529 0.023284313725490197 0.021241830065359478
0 0.23529411764705882 0.41258169934640526 0.01715686274509804 0.02777777777777778
0 0.25674019607843135 0.38480392156862747 0.023284313725490197 0.01797385620915033
0 0.2549019607843137 0.42647058823529416 0.044117647058823525 0.049019607843137254
0 0.24754901960784315 0.47058823529411764 0.044117647058823525 0.0392156862745098
0 0.27818627450980393 0.43790849673202614 0.0196078431372549 0.03594771241830066
0 0.2935049019607843 0.4395424836601307 0.01838235294117647 0.029411764705882353
0 0.2469362745098039 0.5040849673202614 0.020833333333333332 0.024509803921568627
0 0.2708333333333333 0.49183006535947715 0.029411764705882353 0.026143790849673203
0 0.31495098039215685 0.4395424836601307 0.0196078431372549 0.0392156862745098
0 0.3057598039215686 0.45833333333333337 0.023284313725490197 0.024509803921568627
0 0.3051470588235294 0.4722222222222222 0.022058823529411763 0.016339869281045753
0 0.29044117647058826 0.46568627450980393 0.014705882352941176 0.026143790849673203
0 0.3075980392156863 0.5032679738562091 0.051470588235294115 0.04575163398692811
0 0.28125 0.5334967320261438 0.020833333333333332 0.024509803921568627
0 0.3174019607843137 0.5359477124183006 0.044117647058823525 0.032679738562091505
0 0.29044117647058826 0.3741830065359477 0.024509803921568627 0.0196078431372549
0 0.32169117647058826 0.3978758169934641 0.020833333333333332 0.03104575163398693
0 0.3449754901960784 0.3823529411764706 0.025735294117647058 0.022875816993464054
0 0.3639705882352941 0.37990196078431376 0.0196078431372549 0.03104575163398693
0 0.38112745098039214 0.38643790849673204 0.024509803921568627 0.021241830065359478
0 0.4050245098039216 0.3888888888888889 0.025735294117647058 0.032679738562091505
0 0.34068627450980393 0.40522875816993464 0.02696078431372549 0.0196078431372549
0 0.3645833333333333 0.40604575163398693 0.023284313725490197 0.021241830065359478
0 0.3909313725490196 0.41013071895424835 0.0196078431372549 0.032679738562091505
0 0.375 0.42320261437908496 0.0196078431372549 0.022875816993464054
0 0.37683823529411764 0.4419934640522876 0.023284313725490197 0.01797385620915033
0 0.3700980392156863 0.4550653594771242 0.022058823529411763 0.021241830065359478
0 0.3517156862745098 0.42401960784313725 0.02696078431372549 0.021241830065359478
0 0.3314950980392157 0.4223856209150327 0.020833333333333332 0.021241830065359478
0 0.3321078431372549 0.4444444444444445 0.01715686274509804 0.032679738562091505
0 0.3284313725490196 0.46568627450980393 0.022058823529411763 0.022875816993464054
0 0.3517156862745098 0.47058823529411764 0.031862745098039214 0.032679738562091505
0 0.36580882352941174 0.49264705882352944 0.020833333333333332 0.024509803921568627
0 0.3480392156862745 0.4950980392156863 0.024509803921568627 0.0196078431372549
0 0.3584558823529412 0.5130718954248367 0.028186274509803922 0.026143790849673203
0 0.3786764705882353 0.5163398692810458 0.014705882352941176 0.029411764705882353
0 0.3909313725490196 0.5318627450980392 0.024509803921568627 0.021241830065359478
0 0.352328431372549 0.5416666666666666 0.025735294117647058 0.03431372549019608
0 0.35661764705882354 0.565359477124183 0.024509803921568627 0.0196078431372549
0 0.3897058823529412 0.5514705882352942 0.031862745098039214 0.021241830065359478
0 0.3958333333333333 0.5857843137254902 0.031862745098039214 0.03431372549019608
0 0.3792892156862745 0.5694444444444444 0.023284313725490197 0.021241830065359478
0 0.3388480392156863 0.5743464052287582 0.023284313725490197 0.01797385620915033
0 0.3639705882352941 0.5866013071895425 0.02696078431372549 0.022875816993464054
0 0.3737745098039216 0.6029411764705882 0.0196078431372549 0.0196078431372549
0 0.3897058823529412 0.6127450980392157 0.024509803921568627 0.0196078431372549
0 0.41360294117647056 0.630718954248366 0.03308823529411765 0.032679738562091505
0 0.3075980392156863 0.5678104575163399 0.03676470588235294 0.04738562091503268
0 0.27818627450980393 0.559640522875817 0.029411764705882353 0.03431372549019608
0 0.20526960784313725 0.5915032679738562 0.05269607843137255 0.0392156862745098
0 0.17279411764705882 0.5629084967320261 0.022058823529411763 0.03758169934640523
0 0.15134803921568626 0.579248366013072 0.03308823529411765 0.05392156862745098
0 0.25919117647058826 0.6021241830065359 0.0428921568627451 0.05065359477124183
0 0.2965686274509804 0.5906862745098039 0.03431372549019608 0.02777777777777778
0 0.3517156862745098 0.607843137254902 0.03431372549019608 0.029411764705882353
0 0.31433823529411764 0.6127450980392157 0.03799019607843137 0.032679738562091505
0 0.2824754901960784 0.6454248366013072 0.028186274509803922 0.05228758169934641
0 0.30943627450980393 0.6380718954248367 0.030637254901960783 0.02777777777777778
0 0.35110294117647056 0.6315359477124183 0.01838235294117647 0.02777777777777778
0 0.22794117647058823 0.6176470588235294 0.024509803921568627 0.0196078431372549
0 0.21691176470588236 0.6290849673202614 0.022058823529411763 0.022875816993464054
0 0.22426470588235295 0.6486928104575164 0.0196078431372549 0.022875816993464054
0 0.1838235294117647 0.6168300653594772 0.049019607843137254 0.04738562091503268
0 0.028799019607843136 0.5759803921568628 0.04779411764705882 0.03758169934640523
0 0.0661764705882353 0.5555555555555556 0.031862745098039214 0.032679738562091505
0 0.08517156862745098 0.5343137254901961 0.025735294117647058 0.0196078431372549
0 0.08823529411764705 0.5604575163398693 0.01715686274509804 0.029411764705882353
0 0.10232843137254902 0.5637254901960784 0.015931372549019607 0.022875816993464054
0 0.08884803921568628 0.5866013071895425 0.015931372549019607 0.029411764705882353
0 0.10661764705882353 0.5874183006535948 0.02696078431372549 0.03431372549019608
0 0.06678921568627451 0.5866013071895425 0.028186274509803922 0.0392156862745098
0 0.015318627450980392 0.6143790849673203 0.028186274509803922 0.049019607843137254
0 0.037377450980392156 0.6176470588235294 0.03308823529411765 0.05555555555555556
0 0.0625 0.6119281045751634 0.024509803921568627 0.021241830065359478
0 0.07720588235294118 0.6184640522875817 0.02696078431372549 0.021241830065359478
0 0.10477941176470588 0.6102941176470589 0.023284313725490197 0.021241830065359478
0 0.1213235294117647 0.6070261437908497 0.0196078431372549 0.02777777777777778
0 0.09252450980392157 0.6290849673202614 0.023284313725490197 0.0196078431372549
0 0.11397058823529412 0.6421568627450981 0.031862745098039214 0.06209150326797386
0 0.06924019607843138 0.6429738562091504 0.04044117647058824 0.04411764705882353
0 0.0704656862745098 0.6609477124183006 0.01838235294117647 0.024509803921568627
0 0.06004901960784314 0.673202614379085 0.02696078431372549 0.029411764705882353
0 0.044730392156862746 0.6544117647058824 0.015931372549019607 0.03104575163398693
0 0.022058823529411763 0.6584967320261438 0.041666666666666664 0.042483660130718956
0 0.10600490196078431 0.6764705882352942 0.025735294117647058 0.0196078431372549
0 0.13786764705882354 0.6535947712418301 0.020833333333333332 0.022875816993464054
0 0.13419117647058823 0.6740196078431373 0.023284313725490197 0.021241830065359478
0 0.16666666666666666 0.6797385620915033 0.04656862745098039 0.042483660130718956
0 0.1838235294117647 0.6552287581699346 0.041666666666666664 0.04575163398692811
0 0.15441176470588236 0.6331699346405228 0.04656862745098039 0.04738562091503268
0 0.21997549019607843 0.6740196078431373 0.028186274509803922 0.03758169934640523
0 0.25183823529411764 0.6707516339869282 0.05024509803921569 0.03758169934640523
0 0.2971813725490196 0.6830065359477124 0.04044117647058824 0.032679738562091505
0 0.3278186274509804 0.6764705882352942 0.03799019607843137 0.032679738562091505
0 0.33455882352941174 0.6527777777777778 0.02696078431372549 0.021241830065359478
0 0.3492647058823529 0.6601307189542484 0.01715686274509804 0.029411764705882353
0 0.375 0.6544117647058824 0.041666666666666664 0.03758169934640523
0 0.375 0.6233660130718954 0.022058823529411763 0.024509803921568627
0 0.41299019607843135 0.6584967320261438 0.03431372549019608 0.029411764705882353
0 0.4050245098039216 0.6764705882352942 0.028186274509803922 0.0196078431372549
0 0.36703431372549017 0.6764705882352942 0.030637254901960783 0.026143790849673203
0 0.3854166666666667 0.6895424836601307 0.01838235294117647 0.022875816993464054
0 0.023284313725490197 0.7712418300653595 0.031862745098039214 0.026143790849673203
0 0.03860294117647059 0.7565359477124183 0.025735294117647058 0.022875816993464054
0 0.052083333333333336 0.7712418300653595 0.025735294117647058 0.0196078431372549
0 0.07352941176470588 0.7630718954248367 0.02696078431372549 0.0196078431372549
0 0.09375 0.7753267973856209 0.03308823529411765 0.03104575163398693
0 0.12806372549019607 0.7859477124183006 0.028186274509803922 0.022875816993464054
0 0.14583333333333334 0.7769607843137255 0.01715686274509804 0.021241830065359478
0 0.16299019607843138 0.7687908496732027 0.024509803921568627 0.02777777777777778
0 0.18995098039215685 0.7794117647058824 0.022058823529411763 0.029411764705882353
0 0.16666666666666666 0.7851307189542484 0.02696078431372549 0.01797385620915033
0 0.1605392156862745 0.8047385620915033 0.02696078431372549 0.021241830065359478
0 0.1758578431372549 0.8316993464052288 0.03308823529411765 0.029411764705882353
0 0.3118872549019608 0.7679738562091504 0.023284313725490197 0.016339869281045753
0 0.016544117647058824 0.7965686274509804 0.025735294117647058 0.021241830065359478
0 0.034926470588235295 0.7867647058823529 0.028186274509803922 0.021241830065359478
0 0.05759803921568627 0.7900326797385621 0.024509803921568627 0.021241830065359478
0 0.0821078431372549 0.7941176470588236 0.031862745098039214 0.0196078431372549
0 0.09681372549019608 0.809640522875817 0.02696078431372549 0.021241830065359478
0 0.06862745098039216 0.815359477124183 0.03676470588235294 0.032679738562091505
0 0.03860294117647059 0.8055555555555556 0.023284313725490197 0.0196078431372549
0 0.04350490196078431 0.8227124183006537 0.020833333333333332 0.024509803921568627
0 0.025122549019607844 0.8194444444444444 0.023284313725490197 0.02777777777777778
0 0.5919117647058824 0.8129084967320261 0.031862745098039214 0.03104575163398693
0 0.6985294117647058 0.6715686274509804 0.06372549019607843 0.05228758169934641
0 0.8578431372549019 0.8194444444444444 0.031862745098039214 0.03104575163398693
0 0.8345588235294118 0.8112745098039216 0.02696078431372549 0.01797385620915033
0 0.8376225490196079 0.8333333333333334 0.023284313725490197 0.022875816993464054
