0 0.2361111111111111 0.17769607843137256 0.03104575163398693 0.03431372549019608
0 0.22712418300653595 0.22120098039215685 0.029411764705882353 0.028186274509803922
0 0.2589869281045752 0.23713235294117646 0.02777777777777778 0.03553921568627451
0 0.22549019607843138 0.25612745098039214 0.04575163398692811 0.056372549019607844
0 0.11764705882352941 0.2261029411764706 0.042483660130718956 0.05269607843137255
0 0.08660130718954248 0.21384803921568626 0.029411764705882353 0.023284313725490197
0 0.08333333333333334 0.19117647058823528 0.03594771241830066 0.029411764705882353
0 0.05310457516339869 0.2034313725490196 0.03431372549019608 0.029411764705882353
0 0.07761437908496732 0.2469362745098039 0.04738562091503268 0.0428921568627451
0 0.0392156862745098 0.25306372549019607 0.032679738562091505 0.03553921568627451
0 0.0392156862745098 0.31495098039215685 0.042483660130718956 0.031862745098039214
0 0.01715686274509804 0.3431372549019608 0.02777777777777778 0.03431372549019608
0 0.04330065359477124 0.3492647058823529 0.03758169934640523 0.03431372549019608
0 0.0661764705882353 0.3841911764705882 0.05392156862745098 0.03553921568627451
0 0.0661764705882353 0.4172794117647059 0.04738562091503268 0.03553921568627451
0 0.0857843137254902 0.42953431372549017 0.03104575163398693 0.025735294117647058
0 0.07434640522875817 0.45036764705882354 0.024509803921568627 0.025735294117647058
0 0.03839869281045752 0.4491421568627451 0.05392156862745098 0.03553921568627451
0 0.03758169934640523 0.3958333333333333 0.032679738562091505 0.031862745098039214
0 0.022875816993464054 0.3756127450980392 0.026143790849673203 0.030637254901960783
0 0.013071895424836602 0.3988970588235294 0.022875816993464054 0.028186274509803922
0 0.013071895424836602 0.4264705882352941 0.022875816993464054 0.03676470588235294
0 0.02042483660130719 0.4852941176470588 0.03758169934640523 0.05392156862745098
0 0.06944444444444445 0.517156862745098 0.03758169934640523 0.044117647058823525
0 0.026143790849673203 0.5257352941176471 0.049019607843137254 0.03431372549019608
0 0.02042483660130719 0.553921568627451 0.03758169934640523 0.03431372549019608
0 0.05065359477124183 0.5447303921568627 0.032679738562091505 0.03308823529411765
0 0.06699346405228758 0.5845588235294118 0.032679738562091505 0.03431372549019608
0 0.032679738562091505 0.5870098039215687 0.049019607843137254 0.049019607843137254
0 0.012254901960784314 0.6060049019607843 0.021241830065359478 0.05269607843137255
