0 0.15747549019607843 0.9705882352941176 0.06004901960784314 0.049019607843137254
0 0.2230392156862745 0.9281045751633987 0.029411764705882353 0.03594771241830066
0 0.25 0.9281045751633987 0.024509803921568627 0.03594771241830066
0 0.2340686274509804 0.9852941176470589 0.041666666666666664 0.022875816993464054
0 0.2034313725490196 0.9550653594771242 0.07107843137254902 0.04411764705882353
0 0.31433823529411764 0.9354575163398693 0.023284313725490197 0.021241830065359478
0 0.3314950980392157 0.9215686274509804 0.03308823529411765 0.029411764705882353
0 0.31862745098039214 0.9526143790849674 0.024509803921568627 0.029411764705882353
0 0.3082107843137255 0.982843137254902 0.04534313725490196 0.03431372549019608
0 0.34620098039215685 0.9910130718954249 0.03799019607843137 0.01797385620915033
0 0.39276960784313725 0.9787581699346406 0.04044117647058824 0.0392156862745098
0 0.4411764705882353 0.9746732026143791 0.058823529411764705 0.04411764705882353
0 0.4270833333333333 0.9330065359477124 0.06004901960784314 0.05555555555555556
0 0.3633578431372549 0.954248366013072 0.07230392156862744 0.05228758169934641
0 0.2757352941176471 0.954248366013072 0.0661764705882353 0.07189542483660132
