0 0.2855392156862745 0.025326797385620915 0.0392156862745098 0.03104575163398693
0 0.28431372549019607 0.06045751633986928 0.051470588235294115 0.049019607843137254
0 0.28125 0.09313725490196079 0.01838235294117647 0.016339869281045753
0 0.31495098039215685 0.21241830065359477 0.01715686274509804 0.03594771241830066
0 0.24877450980392157 0.09885620915032681 0.03431372549019608 0.02777777777777778
0 0.2555147058823529 0.04493464052287582 0.023284313725490197 0.024509803921568627
0 0.23651960784313725 0.016339869281045753 0.0392156862745098 0.029411764705882353
0 0.21262254901960784 0.028594771241830068 0.04044117647058824 0.04411764705882353
0 0.2077205882352941 0.06862745098039216 0.023284313725490197 0.022875816993464054
0 0.2230392156862745 0.08088235294117647 0.0196078431372549 0.021241830065359478
0 0.19424019607843138 0.08496732026143791 0.023284313725490197 0.022875816993464054
0 0.21262254901960784 0.09803921568627451 0.020833333333333332 0.022875816993464054
0 0.19056372549019607 0.10947712418300654 0.025735294117647058 0.022875816993464054
0 0.17279411764705882 0.0923202614379085 0.02696078431372549 0.021241830065359478
0 0.18321078431372548 0.05147058823529412 0.04044117647058824 0.03758169934640523
0 0.16299019607843138 0.022875816993464054 0.051470588235294115 0.0392156862745098
0 0.12377450980392157 0.022875816993464054 0.03676470588235294 0.042483660130718956
0 0.14276960784313725 0.05473856209150327 0.04534313725490196 0.04411764705882353
0 0.12071078431372549 0.07107843137254902 0.01838235294117647 0.021241830065359478
0 0.13909313725490197 0.0923202614379085 0.04044117647058824 0.03104575163398693
0 0.15196078431372548 0.11601307189542484 0.022058823529411763 0.026143790849673203
0 0.13051470588235295 0.11846405228758171 0.025735294117647058 0.021241830065359478
0 0.11887254901960784 0.14215686274509803 0.02696078431372549 0.022875816993464054
0 0.0508578431372549 0.015522875816993464 0.04044117647058824 0.02777777777777778
0 0.02022058823529412 0.02696078431372549 0.03799019607843137 0.05065359477124183
0 0.07659313725490197 0.03594771241830066 0.05269607843137255 0.0392156862745098
0 0.04595588235294117 0.05555555555555556 0.023284313725490197 0.0196078431372549
0 0.06004901960784314 0.07516339869281045 0.022058823529411763 0.022875816993464054
0 0.0900735294117647 0.0784313725490196 0.0428921568627451 0.042483660130718956
0 0.09191176470588235 0.11519607843137256 0.051470588235294115 0.04738562091503268
0 0.049019607843137254 0.10375816993464053 0.024509803921568627 0.021241830065359478
0 0.03125 0.07516339869281045 0.023284313725490197 0.0196078431372549
0 0.011642156862745098 0.07026143790849673 0.020833333333333332 0.026143790849673203
0 0.010416666666666666 0.09395424836601307 0.01838235294117647 0.021241830065359478
0 0.02022058823529412 0.12908496732026145 0.03799019607843137 0.049019607843137254
0 0.052083333333333336 0.12990196078431374 0.025735294117647058 0.024509803921568627
0 0.055759803921568624 0.1715686274509804 0.028186274509803922 0.05555555555555556
0 0.09068627450980392 0.15359477124183007 0.022058823529411763 0.022875816993464054
0 0.08517156862745098 0.18055555555555555 0.023284313725490197 0.01797385620915033
0 0.06556372549019608 0.20751633986928106 0.025735294117647058 0.022875816993464054
0 0.03799019607843137 0.20833333333333334 0.0196078431372549 0.03431372549019608
0 0.014705882352941176 0.2181372549019608 0.024509803921568627 0.024509803921568627
0 0.02267156862745098 0.1715686274509804 0.0428921568627451 0.04575163398692811
0 0.018995098039215685 0.13643790849673204 0.025735294117647058 0.03104575163398693
0 0.4650735294117647 0.058823529411764705 0.025735294117647058 0.026143790849673203
0 0.23774509803921567 0.06372549019607843 0.0196078431372549 0.022875816993464054
0 0.25306372549019607 0.07761437908496732 0.020833333333333332 0.024509803921568627
0 0.4963235294117647 0.02042483660130719 0.022058823529411763 0.024509803921568627
0 0.5104166666666666 0.07026143790849673 0.023284313725490197 0.022875816993464054
0 0.5116421568627451 0.1323529411764706 0.028186274509803922 0.042483660130718956
0 0.5502450980392157 0.04411764705882353 0.056372549019607844 0.04575163398692811
0 0.5772058823529411 0.024509803921568627 0.022058823529411763 0.026143790849673203
0 0.5949754901960784 0.022058823529411766 0.020833333333333332 0.01797385620915033
0 0.5998774509803921 0.04411764705882353 0.04779411764705882 0.03594771241830066
0 0.5808823529411765 0.06454248366013073 0.022058823529411763 0.024509803921568627
0 0.5447303921568627 0.08088235294117647 0.04779411764705882 0.04411764705882353
0 0.5857843137254902 0.0857843137254902 0.049019607843137254 0.04084967320261438
0 0.647671568627451 0.049019607843137254 0.04534313725490196 0.0392156862745098
0 0.6856617647058824 0.06372549019607843 0.03799019607843137 0.032679738562091505
0 0.6495098039215687 0.08823529411764706 0.051470588235294115 0.042483660130718956
0 0.6256127450980392 0.10457516339869281 0.020833333333333332 0.0196078431372549
0 0.6072303921568627 0.1119281045751634 0.01838235294117647 0.02777777777777778
0 0.5355392156862745 0.12009803921568628 0.0196078431372549 0.021241830065359478
0 0.5496323529411765 0.10620915032679738 0.01838235294117647 0.0196078431372549
0 0.5729166666666666 0.12663398692810457 0.05024509803921569 0.04411764705882353
0 0.5232843137254902 0.16993464052287582 0.0196078431372549 0.029411764705882353
0 0.5655637254901961 0.16666666666666669 0.05514705882352941 0.05228758169934641
0 0.5955882352941176 0.14787581699346405 0.01715686274509804 0.024509803921568627
0 0.6072303921568627 0.16339869281045752 0.030637254901960783 0.022875816993464054
0 0.6200980392156863 0.1380718954248366 0.02696078431372549 0.05065359477124183
0 0.6170343137254902 0.1854575163398693 0.023284313725490197 0.024509803921568627
0 0.6452205882352942 0.14705882352941177 0.03308823529411765 0.05555555555555556
0 0.6721813725490196 0.11683006535947713 0.020833333333333332 0.021241830065359478
0 0.6832107843137255 0.14787581699346405 0.05269607843137255 0.05065359477124183
0 0.6660539215686274 0.1772875816993464 0.013480392156862746 0.02777777777777778
0 0.6893382352941176 0.19035947712418302 0.03799019607843137 0.03431372549019608
0 0.6746323529411765 0.2099673202614379 0.023284313725490197 0.021241830065359478
0 0.6341911764705882 0.19607843137254902 0.01838235294117647 0.026143790849673203
0 0.6568627450980392 0.1919934640522876 0.0196078431372549 0.021241830065359478
0 0.6482843137254902 0.21977124183006536 0.031862745098039214 0.04084967320261438
0 0.6672794117647058 0.23366013071895425 0.020833333333333332 0.022875816993464054
0 0.5986519607843137 0.22712418300653595 0.025735294117647058 0.0196078431372549
0 0.6188725490196079 0.22630718954248366 0.0196078431372549 0.021241830065359478
0 0.6262254901960784 0.2508169934640523 0.0196078431372549 0.03104575163398693
0 0.59375 0.25163398692810457 0.04044117647058824 0.0392156862745098
0 0.5379901960784313 0.37826797385620914 0.03431372549019608 0.02777777777777778
0 0.704656862745098 0.2181372549019608 0.024509803921568627 0.021241830065359478
0 0.7107843137254902 0.1772875816993464 0.01715686274509804 0.021241830065359478
0 0.7199754901960784 0.19526143790849673 0.020833333333333332 0.024509803921568627
0 0.741421568627451 0.1985294117647059 0.024509803921568627 0.03104575163398693
0 0.7310049019607843 0.17565359477124184 0.023284313725490197 0.021241830065359478
0 0.7469362745098039 0.16339869281045752 0.023284313725490197 0.032679738562091505
0 0.7089460784313726 0.11029411764705882 0.03799019607843137 0.04738562091503268
0 0.7493872549019608 0.10457516339869281 0.04779411764705882 0.04575163398692811
0 0.7867647058823529 0.11683006535947713 0.03676470588235294 0.04411764705882353
0 0.7696078431372549 0.14297385620915032 0.0196078431372549 0.01797385620915033
0 0.7628676470588235 0.16176470588235295 0.020833333333333332 0.026143790849673203
0 0.7873774509803921 0.16584967320261437 0.020833333333333332 0.024509803921568627
0 0.7218137254901961 0.06045751633986928 0.03431372549019608 0.0392156862745098
0 0.7291666666666666 0.032679738562091505 0.022058823529411763 0.0196078431372549
0 0.7536764705882353 0.016339869281045753 0.01715686274509804 0.0196078431372549
0 0.7549019607843137 0.04656862745098039 0.041666666666666664 0.04084967320261438
0 0.9724264705882353 0.1707516339869281 0.023284313725490197 0.021241830065359478
0 0.9871323529411764 0.16176470588235295 0.013480392156862746 0.022875816993464054
0 0.9932598039215687 0.14950980392156862 0.013480392156862746 0.02777777777777778
0 0.9846813725490196 0.12581699346405228 0.023284313725490197 0.026143790849673203
0 0.9662990196078431 0.13725490196078433 0.020833333333333332 0.022875816993464054
0 0.9583333333333334 0.10457516339869281 0.044117647058823525 0.042483660130718956
0 0.9712009803921569 0.056372549019607844 0.04779411764705882 0.04411764705882353
0 0.9338235294117647 0.02042483660130719 0.04656862745098039 0.03758169934640523
0 0.9301470588235294 0.0727124183006536 0.044117647058823525 0.03758169934640523
0 0.9227941176470588 0.13071895424836602 0.0392156862745098 0.0392156862745098
0 0.9221813725490196 0.1568627450980392 0.020833333333333332 0.016339869281045753
0 0.8927696078431372 0.14052287581699346 0.0428921568627451 0.03594771241830066
0 0.8774509803921569 0.16094771241830066 0.022058823529411763 0.014705882352941176
0 0.8897058823529411 0.10294117647058824 0.029411764705882353 0.042483660130718956
0 0.8995098039215687 0.05065359477124183 0.04656862745098039 0.0392156862745098
0 0.8688725490196079 0.03022875816993464 0.0392156862745098 0.03104575163398693
0 0.8002450980392157 0.04330065359477124 0.04656862745098039 0.04084967320261438
0 0.7861519607843137 0.012254901960784314 0.020833333333333332 0.021241830065359478
0 0.8063725490196079 0.015522875816993464 0.022058823529411763 0.024509803921568627
0 0.7714460784313726 0.0784313725490196 0.04534313725490196 0.0392156862745098
0 0.8198529411764706 0.07679738562091504 0.041666666666666664 0.049019607843137254
0 0.8578431372549019 0.08088235294117647 0.049019607843137254 0.04738562091503268
0 0.8725490196078431 0.056372549019607844 0.022058823529411763 0.01797385620915033
0 0.8474264705882353 0.14869281045751634 0.030637254901960783 0.022875816993464054
0 0.8370098039215687 0.12663398692810457 0.01715686274509804 0.021241830065359478
0 0.829656862745098 0.10620915032679738 0.01715686274509804 0.0196078431372549
0 0.8149509803921569 0.1380718954248366 0.041666666666666664 0.03758169934640523
0 0.33517156862745096 0.7745098039215687 0.023284313725490197 0.04575163398692811
0 0.3431372549019608 0.7941176470588236 0.022058823529411763 0.026143790849673203
0 0.35784313725490197 0.763888888888889 0.0196078431372549 0.04411764705882353
0 0.34620098039215685 0.7287581699346406 0.03553921568627451 0.04575163398692811
0 0.33455882352941174 0.6666666666666667 0.022058823529411763 0.03594771241830066
0 0.3161764705882353 0.6544117647058824 0.029411764705882353 0.02777777777777778
0 0.3958333333333333 0.6470588235294118 0.0196078431372549 0.03594771241830066
0 0.4154411764705882 0.6413398692810458 0.029411764705882353 0.02777777777777778
0 0.45036764705882354 0.5620915032679739 0.023284313725490197 0.0196078431372549
0 0.4466911764705882 0.5473856209150327 0.028186274509803922 0.022875816993464054
0 0.4117647058823529 0.5343137254901961 0.05392156862745098 0.049019607843137254
0 0.4050245098039216 0.4959150326797386 0.025735294117647058 0.03758169934640523
0 0.38786764705882354 0.5016339869281046 0.025735294117647058 0.022875816993464054
0 0.3382352941176471 0.5228758169934641 0.058823529411764705 0.06209150326797386
0 0.3517156862745098 0.5645424836601307 0.02696078431372549 0.021241830065359478
0 0.3909313725490196 0.579248366013072 0.051470588235294115 0.04738562091503268
0 0.3547794117647059 0.5939542483660131 0.04044117647058824 0.04738562091503268
0 0.37316176470588236 0.6315359477124183 0.03553921568627451 0.04411764705882353
0 0.24877450980392157 0.4877450980392157 0.02696078431372549 0.021241830065359478
0 0.24509803921568626 0.513888888888889 0.02696078431372549 0.024509803921568627
0 0.00980392156862745 0.49754901960784315 0.01715686274509804 0.03431372549019608
