0 0.15073529411764705 0.02777777777777778 0.0392156862745098 0.05228758169934641
0 0.15808823529411764 0.09150326797385622 0.044117647058823525 0.04575163398692811
0 0.45159313725490197 0.021241830065359478 0.020833333333333332 0.029411764705882353
0 0.5410539215686274 0.059640522875817 0.04044117647058824 0.06372549019607843
0 0.5073529411764706 0.05065359477124183 0.01715686274509804 0.029411764705882353
0 0.5980392156862745 0.08905228758169935 0.03431372549019608 0.07679738562091504
0 0.5618872549019608 0.09722222222222222 0.020833333333333332 0.021241830065359478
0 0.5183823529411765 0.07352941176470588 0.012254901960784314 0.026143790849673203
0 0.5324754901960784 0.09558823529411765 0.020833333333333332 0.03104575163398693
0 0.5686274509803921 0.15849673202614378 0.014705882352941176 0.029411764705882353
0 0.5863970588235294 0.16666666666666669 0.015931372549019607 0.026143790849673203
0 0.6035539215686274 0.16830065359477125 0.013480392156862746 0.032679738562091505
0 0.6170343137254902 0.20179738562091504 0.013480392156862746 0.03431372549019608
0 0.39767156862745096 0.09150326797385622 0.020833333333333332 0.032679738562091505
0 0.4895833333333333 0.1454248366013072 0.025735294117647058 0.0392156862745098
0 0.6329656862745098 0.22875816993464054 0.023284313725490197 0.022875816993464054
0 0.6568627450980392 0.23447712418300654 0.014705882352941176 0.03758169934640523
0 0.642156862745098 0.21241830065359477 0.024509803921568627 0.0196078431372549
0 0.6513480392156863 0.2696078431372549 0.015931372549019607 0.022875816993464054
0 0.6537990196078431 0.32598039215686275 0.03308823529411765 0.05392156862745098
0 0.6280637254901961 0.34395424836601307 0.023284313725490197 0.03104575163398693
0 0.7542892156862745 0.016339869281045753 0.015931372549019607 0.029411764705882353
0 0.7769607843137255 0.03349673202614379 0.03676470588235294 0.05392156862745098
0 0.7303921568627451 0.01797385620915033 0.022058823529411763 0.029411764705882353
0 0.6991421568627451 0.03104575163398693 0.03553921568627451 0.05555555555555556
0 0.7297794117647058 0.07026143790849673 0.030637254901960783 0.06535947712418301
0 0.7555147058823529 0.06454248366013073 0.023284313725490197 0.05065359477124183
0 0.8780637254901961 0.03104575163398693 0.03308823529411765 0.058823529411764705
0 0.8443627450980392 0.025326797385620915 0.03676470588235294 0.04738562091503268
0 0.8118872549019608 0.02777777777777778 0.028186274509803922 0.05228758169934641
0 0.8474264705882353 0.07924836601307189 0.03553921568627451 0.06045751633986928
0 0.8602941176470588 0.05555555555555556 0.0196078431372549 0.029411764705882353
0 0.8841911764705882 0.0857843137254902 0.03799019607843137 0.04738562091503268
0 0.8216911764705882 0.07352941176470588 0.015931372549019607 0.029411764705882353
0 0.7977941176470588 0.0857843137254902 0.03431372549019608 0.05065359477124183
0 0.897671568627451 0.12418300653594772 0.015931372549019607 0.026143790849673203
0 0.8817401960784313 0.11764705882352941 0.013480392156862746 0.026143790849673203
0 0.7077205882352942 0.07189542483660132 0.011029411764705881 0.026143790849673203
0 0.7604166666666666 0.1053921568627451 0.013480392156862746 0.024509803921568627
0 0.7745098039215687 0.10212418300653595 0.012254901960784314 0.02777777777777778
0 0.7922794117647058 0.14379084967320263 0.03308823529411765 0.06535947712418301
0 0.8149509803921569 0.11519607843137256 0.014705882352941176 0.024509803921568627
0 0.8314950980392157 0.11029411764705882 0.011029411764705881 0.024509803921568627
0 0.8241421568627451 0.13480392156862744 0.023284313725490197 0.021241830065359478
0 0.735906862745098 0.11846405228758171 0.01838235294117647 0.03104575163398693
0 0.741421568627451 0.14950980392156862 0.014705882352941176 0.024509803921568627
0 0.7604166666666666 0.13480392156862744 0.015931372549019607 0.02777777777777778
0 0.7549019607843137 0.16094771241830066 0.01715686274509804 0.01797385620915033
0 0.767156862745098 0.16993464052287582 0.0196078431372549 0.022875816993464054
0 0.8462009803921569 0.12254901960784315 0.013480392156862746 0.022875816993464054
0 0.8676470588235294 0.11437908496732027 0.012254901960784314 0.022875816993464054
0 0.8811274509803921 0.16094771241830066 0.031862745098039214 0.06045751633986928
0 0.9227941176470588 0.16911764705882354 0.0196078431372549 0.02777777777777778
0 0.9405637254901961 0.2099673202614379 0.020833333333333332 0.03758169934640523
0 0.8082107843137255 0.16911764705882354 0.015931372549019607 0.024509803921568627
0 0.8216911764705882 0.1642156862745098 0.013480392156862746 0.02777777777777778
0 0.8455882352941176 0.1650326797385621 0.031862745098039214 0.058823529411764705
0 0.9007352941176471 0.21405228758169936 0.031862745098039214 0.07189542483660132
0 0.9246323529411764 0.2246732026143791 0.01838235294117647 0.024509803921568627
0 0.8725490196078431 0.21160130718954248 0.01715686274509804 0.03104575163398693
0 0.8504901960784313 0.21160130718954248 0.014705882352941176 0.02777777777777778
0 0.8645833333333334 0.23284313725490197 0.023284313725490197 0.03431372549019608
0 0.8321078431372549 0.19281045751633988 0.014705882352941176 0.026143790849673203
0 0.8149509803921569 0.18790849673202614 0.014705882352941176 0.026143790849673203
0 0.7977941176470588 0.18709150326797386 0.00980392156862745 0.024509803921568627
0 0.7837009803921569 0.1919934640522876 0.015931372549019607 0.03431372549019608
0 0.8174019607843137 0.2173202614379085 0.01715686274509804 0.03594771241830066
0 0.8112745098039216 0.2687908496732026 0.031862745098039214 0.03758169934640523
0 0.8792892156862745 0.25571895424836605 0.013480392156862746 0.024509803921568627
0 0.8970588235294118 0.25980392156862747 0.014705882352941176 0.026143790849673203
0 0.9375 0.2826797385620915 0.022058823529411763 0.0392156862745098
0 0.9748774509803921 0.3276143790849673 0.020833333333333332 0.03758169934640523
0 0.9534313725490196 0.3112745098039216 0.01715686274509804 0.02777777777777778
0 0.9564950980392156 0.3423202614379085 0.020833333333333332 0.01797385620915033
0 0.9620098039215687 0.36601307189542487 0.029411764705882353 0.029411764705882353
0 0.9166666666666666 0.28513071895424835 0.022058823529411763 0.02777777777777778
0 0.928921568627451 0.31209150326797386 0.022058823529411763 0.032679738562091505
0 0.9099264705882353 0.30718954248366015 0.011029411764705881 0.026143790849673203
0 0.883578431372549 0.28022875816993464 0.0196078431372549 0.03104575163398693
0 0.8768382352941176 0.30637254901960786 0.01838235294117647 0.03431372549019608
0 0.8572303921568627 0.3014705882352941 0.023284313725490197 0.04084967320261438
0 0.8382352941176471 0.29411764705882354 0.01715686274509804 0.032679738562091505
0 0.8394607843137255 0.3292483660130719 0.029411764705882353 0.03431372549019608
0 0.8216911764705882 0.3496732026143791 0.020833333333333332 0.032679738562091505
0 0.8707107843137255 0.3415032679738562 0.025735294117647058 0.0392156862745098
0 0.8952205882352942 0.33088235294117646 0.025735294117647058 0.05065359477124183
0 0.9191176470588235 0.3374183006535948 0.014705882352941176 0.02777777777777778
0 0.9393382352941176 0.33415032679738566 0.015931372549019607 0.024509803921568627
0 0.9399509803921569 0.35784313725490197 0.022058823529411763 0.026143790849673203
0 0.9209558823529411 0.37254901960784315 0.0428921568627451 0.05555555555555556
0 0.9650735294117647 0.3962418300653595 0.04534313725490196 0.04738562091503268
0 0.9779411764705882 0.4256535947712418 0.022058823529411763 0.01797385620915033
0 0.8627450980392157 0.3619281045751634 0.029411764705882353 0.03758169934640523
0 0.8498774509803921 0.3790849673202614 0.015931372549019607 0.029411764705882353
0 0.8633578431372549 0.3962418300653595 0.015931372549019607 0.021241830065359478
0 0.8909313725490196 0.40931372549019607 0.0392156862745098 0.06372549019607843
0 0.8823529411764706 0.4428104575163399 0.022058823529411763 0.03594771241830066
0 0.9209558823529411 0.4215686274509804 0.01838235294117647 0.0196078431372549
0 0.9424019607843137 0.42728758169934644 0.014705882352941176 0.02777777777777778
0 0.9571078431372549 0.45179738562091504 0.0196078431372549 0.03758169934640523
0 0.9785539215686274 0.45016339869281047 0.020833333333333332 0.03431372549019608
0 0.9779411764705882 0.48284313725490197 0.014705882352941176 0.02777777777777778
0 0.977328431372549 0.5040849673202614 0.020833333333333332 0.03758169934640523
0 0.9417892156862745 0.477124183006536 0.01838235294117647 0.032679738562091505
0 0.9166666666666666 0.47303921568627455 0.024509803921568627 0.03758169934640523
0 0.9503676470588235 0.5204248366013072 0.03308823529411765 0.06372549019607843
0 0.9742647058823529 0.5392156862745098 0.01715686274509804 0.032679738562091505
0 0.96875 0.5571895424836601 0.01838235294117647 0.022875816993464054
0 0.9846813725490196 0.6029411764705882 0.030637254901960783 0.07189542483660132
0 0.9552696078431372 0.5882352941176471 0.023284313725490197 0.029411764705882353
0 0.9650735294117647 0.6184640522875817 0.013480392156862746 0.03104575163398693
0 0.9350490196078431 0.5571895424836601 0.031862745098039214 0.049019607843137254
0 0.9240196078431372 0.5253267973856209 0.01715686274509804 0.02777777777777778
0 0.9571078431372549 0.6454248366013072 0.022058823529411763 0.029411764705882353
0 0.985906862745098 0.6478758169934641 0.01838235294117647 0.03104575163398693
0 0.9791666666666666 0.678921568627451 0.014705882352941176 0.03104575163398693
0 0.9656862745098039 0.6740196078431373 0.012254901960784314 0.03104575163398693
0 0.9840686274509803 0.7083333333333334 0.0196078431372549 0.03431372549019608
0 0.9950980392156863 0.7377450980392157 0.00980392156862745 0.02777777777777778
0 0.7420343137254902 0.4852941176470588 0.020833333333333332 0.022875816993464054
0 0.7457107843137255 0.5179738562091504 0.01838235294117647 0.026143790849673203
0 0.8143382352941176 0.6887254901960784 0.03308823529411765 0.07352941176470588
0 0.8357843137254902 0.7173202614379085 0.0196078431372549 0.026143790849673203
0 0.8363970588235294 0.7377450980392157 0.01838235294117647 0.02777777777777778
0 0.8394607843137255 0.7712418300653595 0.01715686274509804 0.03594771241830066
0 0.8547794117647058 0.8063725490196079 0.030637254901960783 0.05392156862745098
0 0.8412990196078431 0.8325163398692811 0.01838235294117647 0.04084967320261438
0 0.8566176470588235 0.8611111111111112 0.02696078431372549 0.05555555555555556
0 0.8241421568627451 0.7745098039215687 0.015931372549019607 0.032679738562091505
0 0.8161764705882353 0.7401960784313726 0.01715686274509804 0.032679738562091505
0 0.8008578431372549 0.7573529411764706 0.028186274509803922 0.05065359477124183
0 0.8174019607843137 0.7973856209150327 0.0196078431372549 0.03594771241830066
0 0.7935049019607843 0.7867647058823529 0.023284313725490197 0.02777777777777778
0 0.7653186274509803 0.7320261437908497 0.03308823529411765 0.0392156862745098
0 0.7689950980392157 0.6952614379084967 0.023284313725490197 0.03104575163398693
0 0.767156862745098 0.7630718954248367 0.029411764705882353 0.022875816993464054
0 0.897671568627451 0.880718954248366 0.023284313725490197 0.04575163398692811
0 0.9528186274509803 0.9665032679738562 0.03308823529411765 0.06372549019607843
0 0.9185049019607843 0.9354575163398693 0.025735294117647058 0.03104575163398693
0 0.8958333333333334 0.9264705882352942 0.024509803921568627 0.029411764705882353
0 0.8970588235294118 0.9665032679738562 0.029411764705882353 0.06045751633986928
0 0.9240196078431372 0.9754901960784313 0.02696078431372549 0.049019607843137254
0 0.48161764705882354 0.988562091503268 0.0196078431372549 0.022875816993464054
0 0.4583333333333333 0.9844771241830066 0.0196078431372549 0.03104575163398693
0 0.44424019607843135 0.9754901960784313 0.015931372549019607 0.03594771241830066
0 0.43443627450980393 0.948529411764706 0.01838235294117647 0.03431372549019608
0 0.4099264705882353 0.9673202614379085 0.03553921568627451 0.06535947712418301
0 0.383578431372549 0.9697712418300654 0.01715686274509804 0.03104575163398693
0 0.38235294117647056 0.9142156862745099 0.04656862745098039 0.06372549019607843
0 0.3602941176470588 0.9362745098039216 0.024509803921568627 0.0392156862745098
0 0.3425245098039216 0.9419934640522876 0.023284313725490197 0.03104575163398693
0 0.3235294117647059 0.9125816993464052 0.024509803921568627 0.04084967320261438
0 0.3363970588235294 0.9019607843137255 0.01838235294117647 0.03594771241830066
0 0.352328431372549 0.9035947712418301 0.013480392156862746 0.026143790849673203
0 0.352328431372549 0.8733660130718954 0.01838235294117647 0.03758169934640523
0 0.31004901960784315 0.8758169934640523 0.0196078431372549 0.026143790849673203
0 0.2892156862745098 0.8684640522875817 0.022058823529411763 0.03758169934640523
0 0.2579656862745098 0.9019607843137255 0.01838235294117647 0.03594771241830066
0 0.26715686274509803 0.8513071895424836 0.0196078431372549 0.032679738562091505
0 0.3370098039215686 0.8504901960784313 0.03676470588235294 0.06372549019607843
0 0.3713235294117647 0.8423202614379085 0.014705882352941176 0.03104575163398693
0 0.33578431372549017 0.8022875816993464 0.0196078431372549 0.026143790849673203
0 0.31495098039215685 0.7965686274509804 0.01715686274509804 0.04411764705882353
0 0.29901960784313725 0.8014705882352942 0.014705882352941176 0.02777777777777778
0 0.29901960784313725 0.8284313725490197 0.0196078431372549 0.032679738562091505
0 0.31004901960784315 0.8390522875816994 0.012254901960784314 0.02777777777777778
0 0.2867647058823529 0.8178104575163399 0.014705882352941176 0.03104575163398693
0 0.34068627450980393 0.7785947712418301 0.014705882352941176 0.02777777777777778
0 0.3627450980392157 0.7818627450980392 0.01715686274509804 0.03431372549019608
0 0.37745098039215685 0.7663398692810458 0.0196078431372549 0.0196078431372549
0 0.3627450980392157 0.738562091503268 0.05392156862745098 0.049019607843137254
0 0.3272058823529412 0.7508169934640523 0.0196078431372549 0.02777777777777778
0 0.3235294117647059 0.7058823529411765 0.01715686274509804 0.029411764705882353
0 0.3327205882352941 0.7197712418300654 0.011029411764705881 0.02777777777777778
0 0.3443627450980392 0.7173202614379085 0.01715686274509804 0.029411764705882353
0 0.3492647058823529 0.6715686274509804 0.03676470588235294 0.07189542483660132
0 0.37745098039215685 0.6625816993464052 0.02696078431372549 0.057189542483660136
0 0.4803921568627451 0.8619281045751634 0.024509803921568627 0.05065359477124183
0 0.5073529411764706 0.8709150326797386 0.0196078431372549 0.026143790849673203
0 0.4950980392156863 0.8439542483660131 0.0196078431372549 0.03104575163398693
0 0.5049019607843137 0.8014705882352942 0.02696078431372549 0.057189542483660136
0 0.45465686274509803 0.792483660130719 0.022058823529411763 0.032679738562091505
0 0.4767156862745098 0.7957516339869282 0.03676470588235294 0.06535947712418301
0 0.5514705882352942 0.7344771241830066 0.02696078431372549 0.03104575163398693
0 0.5919117647058824 0.6241830065359477 0.014705882352941176 0.029411764705882353
0 0.5821078431372549 0.5849673202614379 0.014705882352941176 0.032679738562091505
0 0.5104166666666666 0.75 0.011029411764705881 0.026143790849673203
0 0.5196078431372549 0.7205882352941176 0.014705882352941176 0.029411764705882353
0 0.5287990196078431 0.698529411764706 0.013480392156862746 0.02777777777777778
0 0.5441176470588235 0.7001633986928105 0.01715686274509804 0.03104575163398693
0 0.48590686274509803 0.7401960784313726 0.028186274509803922 0.042483660130718956
0 0.45526960784313725 0.7303921568627452 0.03553921568627451 0.0392156862745098
0 0.4301470588235294 0.7099673202614379 0.014705882352941176 0.03104575163398693
0 0.4227941176470588 0.6830065359477124 0.014705882352941176 0.026143790849673203
0 0.45098039215686275 0.6797385620915033 0.04656862745098039 0.058823529411764705
0 0.48161764705882354 0.6895424836601307 0.014705882352941176 0.032679738562091505
0 0.4993872549019608 0.6919934640522876 0.01838235294117647 0.021241830065359478
0 0.5122549019607843 0.7009803921568628 0.014705882352941176 0.026143790849673203
0 0.5441176470588235 0.6380718954248367 0.0392156862745098 0.05392156862745098
0 0.5416666666666666 0.673202614379085 0.01715686274509804 0.0196078431372549
0 0.548406862745098 0.6004901960784313 0.020833333333333332 0.024509803921568627
0 0.53125 0.5923202614379085 0.015931372549019607 0.03431372549019608
0 0.5147058823529411 0.6560457516339869 0.0392156862745098 0.06045751633986928
0 0.5196078431372549 0.6258169934640523 0.01715686274509804 0.022875816993464054
0 0.48713235294117646 0.6601307189542484 0.01838235294117647 0.029411764705882353
0 0.48284313725490197 0.6315359477124183 0.024509803921568627 0.03104575163398693
0 0.48284313725490197 0.5964052287581699 0.03676470588235294 0.05228758169934641
0 0.5104166666666666 0.5874183006535948 0.025735294117647058 0.05392156862745098
0 0.4803921568627451 0.5588235294117647 0.01715686274509804 0.026143790849673203
0 0.4632352941176471 0.5196078431372549 0.029411764705882353 0.05555555555555556
0 0.44485294117647056 0.5049019607843137 0.01715686274509804 0.03594771241830066
0 0.44730392156862747 0.553921568627451 0.02696078431372549 0.058823529411764705
0 0.45465686274509803 0.607843137254902 0.024509803921568627 0.04575163398692811
0 0.4362745098039216 0.6299019607843137 0.024509803921568627 0.02777777777777778
0 0.42340686274509803 0.6397058823529412 0.020833333333333332 0.02777777777777778
0 0.4307598039215686 0.5939542483660131 0.025735294117647058 0.04411764705882353
0 0.4068627450980392 0.5767973856209151 0.022058823529411763 0.04575163398692811
0 0.4142156862745098 0.5326797385620915 0.014705882352941176 0.029411764705882353
0 0.414828431372549 0.4820261437908497 0.03799019607843137 0.06862745098039216
0 0.3866421568627451 0.5261437908496732 0.03553921568627451 0.07189542483660132
0 0.3737745098039216 0.45833333333333337 0.022058823529411763 0.03431372549019608
0 0.3584558823529412 0.4387254901960784 0.013480392156862746 0.03104575163398693
0 0.3805147058823529 0.41911764705882354 0.0428921568627451 0.06699346405228758
0 0.6225490196078431 0.4035947712418301 0.022058823529411763 0.042483660130718956
0 0.6035539215686274 0.4068627450980392 0.01838235294117647 0.032679738562091505
0 0.5943627450980392 0.42647058823529416 0.022058823529411763 0.026143790849673203
0 0.5759803921568627 0.4166666666666667 0.01715686274509804 0.03594771241830066
0 0.5827205882352942 0.3741830065359477 0.020833333333333332 0.0392156862745098
