0 0.030637254901960783 0.031862745098039214 0.031862745098039214 0.04738562091503268
0 0.0661764705882353 0.03839869281045752 0.022058823529411763 0.04738562091503268
0 0.00857843137254902 0.08496732026143791 0.014705882352941176 0.05555555555555556
0 0.030637254901960783 0.10294117647058824 0.031862745098039214 0.07516339869281045
0 0.06801470588235294 0.09477124183006536 0.05024509803921569 0.042483660130718956
0 0.12193627450980392 0.08169934640522876 0.03308823529411765 0.042483660130718956
0 0.1170343137254902 0.125 0.04779411764705882 0.06372549019607843
0 0.07352941176470588 0.14297385620915032 0.041666666666666664 0.05392156862745098
0 0.11151960784313725 0.16666666666666669 0.029411764705882353 0.03594771241830066
0 0.028186274509803922 0.1650326797385621 0.02696078431372549 0.04575163398692811
0 0.0625 0.184640522875817 0.022058823529411763 0.05228758169934641
0 0.09803921568627451 0.2034313725490196 0.0392156862745098 0.05392156862745098
0 0.1292892156862745 0.21650326797385622 0.028186274509803922 0.05392156862745098
0 0.15870098039215685 0.18872549019607843 0.025735294117647058 0.057189542483660136
0 0.19730392156862744 0.2696078431372549 0.03676470588235294 0.07516339869281045
0 0.10600490196078431 0.2573529411764706 0.04534313725490196 0.05065359477124183
0 0.15012254901960784 0.26633986928104575 0.025735294117647058 0.0392156862745098
0 0.17340686274509803 0.2900326797385621 0.01838235294117647 0.03758169934640523
0 0.22916666666666666 0.2826797385620915 0.0196078431372549 0.04575163398692811
0 0.08333333333333333 0.2900326797385621 0.031862745098039214 0.03104575163398693
0 0.12254901960784313 0.3112745098039216 0.0392156862745098 0.06699346405228758
0 0.16237745098039216 0.3300653594771242 0.03553921568627451 0.06862745098039216
0 0.14522058823529413 0.37173202614379086 0.030637254901960783 0.04411764705882353
0 0.1721813725490196 0.3880718954248366 0.01838235294117647 0.03758169934640523
0 0.1605392156862745 0.41258169934640526 0.024509803921568627 0.04084967320261438
0 0.2071078431372549 0.34068627450980393 0.051470588235294115 0.07026143790849673
0 0.2383578431372549 0.34885620915032683 0.020833333333333332 0.03758169934640523
0 0.2616421568627451 0.31699346405228757 0.028186274509803922 0.05228758169934641
0 0.28737745098039214 0.3292483660130719 0.023284313725490197 0.04411764705882353
0 0.2800245098039216 0.37254901960784315 0.028186274509803922 0.049019607843137254
0 0.2310049019607843 0.4223856209150327 0.06004901960784314 0.057189542483660136
0 0.2647058823529412 0.41339869281045755 0.0196078431372549 0.042483660130718956
0 0.2855392156862745 0.4297385620915033 0.01715686274509804 0.029411764705882353
0 0.18259803921568626 0.4305555555555556 0.02696078431372549 0.03104575163398693
0 0.20404411764705882 0.4575163398692811 0.01838235294117647 0.03594771241830066
0 0.21568627450980393 0.49673202614379086 0.022058823529411763 0.042483660130718956
0 0.2708333333333333 0.5065359477124183 0.044117647058823525 0.07516339869281045
0 0.2818627450980392 0.4624183006535948 0.031862745098039214 0.049019607843137254
0 0.3174019607843137 0.4714052287581699 0.02696078431372549 0.04411764705882353
0 0.33026960784313725 0.45915032679738566 0.020833333333333332 0.0392156862745098
0 0.3474264705882353 0.4607843137254902 0.023284313725490197 0.04575163398692811
0 0.3382352941176471 0.41830065359477125 0.04656862745098039 0.042483660130718956
0 0.3792892156862745 0.47875816993464054 0.028186274509803922 0.029411764705882353
0 0.36887254901960786 0.5040849673202614 0.024509803921568627 0.03104575163398693
0 0.23651960784313725 0.5400326797385621 0.0392156862745098 0.03104575163398693
0 0.27512254901960786 0.5743464052287582 0.03308823529411765 0.06045751633986928
0 0.2549019607843137 0.5915032679738562 0.022058823529411763 0.0392156862745098
0 0.30269607843137253 0.5580065359477124 0.031862745098039214 0.06372549019607843
0 0.3394607843137255 0.5784313725490197 0.041666666666666664 0.07189542483660132
0 0.3425245098039216 0.5163398692810458 0.04779411764705882 0.05228758169934641
0 0.3903186274509804 0.5155228758169935 0.01838235294117647 0.03758169934640523
0 0.4056372549019608 0.5465686274509804 0.014705882352941176 0.03431372549019608
0 0.3676470588235294 0.5604575163398693 0.024509803921568627 0.0392156862745098
0 0.39705882352941174 0.5906862745098039 0.0392156862745098 0.05065359477124183
0 0.40318627450980393 0.6519607843137255 0.029411764705882353 0.06535947712418301
0 0.3737745098039216 0.6299019607843137 0.0392156862745098 0.07679738562091504
0 0.3327205882352941 0.6299019607843137 0.05024509803921569 0.06699346405228758
0 0.27818627450980393 0.6397058823529412 0.04656862745098039 0.04411764705882353
0 0.2971813725490196 0.625 0.025735294117647058 0.03431372549019608
0 0.32169117647058826 0.6748366013071896 0.04534313725490196 0.07516339869281045
0 0.31985294117647056 0.7107843137254902 0.044117647058823525 0.06535947712418301
0 0.36213235294117646 0.7295751633986929 0.030637254901960783 0.05392156862745098
0 0.36519607843137253 0.6879084967320261 0.041666666666666664 0.042483660130718956
0 0.39828431372549017 0.7540849673202614 0.0392156862745098 0.05065359477124183
0 0.35661764705882354 0.7704248366013072 0.02696078431372549 0.04738562091503268
0 0.33455882352941174 0.7598039215686275 0.014705882352941176 0.032679738562091505
0 0.3633578431372549 0.8308823529411765 0.030637254901960783 0.06372549019607843
0 0.39767156862745096 0.798202614379085 0.03308823529411765 0.04411764705882353
0 0.3860294117647059 0.8333333333333334 0.0196078431372549 0.0392156862745098
0 0.40379901960784315 0.8480392156862745 0.023284313725490197 0.05228758169934641
0 0.414828431372549 0.5261437908496732 0.023284313725490197 0.032679738562091505
0 0.4564950980392157 0.5187908496732027 0.03553921568627451 0.05065359477124183
0 0.49693627450980393 0.5727124183006536 0.023284313725490197 0.04084967320261438
0 0.5520833333333334 0.5318627450980392 0.020833333333333332 0.04084967320261438
0 0.5606617647058824 0.5678104575163399 0.023284313725490197 0.057189542483660136
0 0.5674019607843137 0.6209150326797386 0.024509803921568627 0.05555555555555556
0 0.5330882352941176 0.6086601307189543 0.0392156862745098 0.04084967320261438
0 0.4564950980392157 0.5678104575163399 0.028186274509803922 0.024509803921568627
0 0.4387254901960784 0.6021241830065359 0.044117647058823525 0.05392156862745098
0 0.4258578431372549 0.6740196078431373 0.028186274509803922 0.06699346405228758
0 0.45098039215686275 0.6437908496732027 0.01715686274509804 0.042483660130718956
0 0.4724264705882353 0.6519607843137255 0.03308823529411765 0.06209150326797386
0 0.48713235294117646 0.6062091503267975 0.03799019607843137 0.07189542483660132
0 0.522671568627451 0.6454248366013072 0.03308823529411765 0.0392156862745098
0 0.5049019607843137 0.6560457516339869 0.031862745098039214 0.03431372549019608
0 0.5091911764705882 0.690359477124183 0.0428921568627451 0.03758169934640523
0 0.5410539215686274 0.6813725490196079 0.025735294117647058 0.04575163398692811
0 0.5833333333333334 0.6715686274509804 0.03676470588235294 0.049019607843137254
0 0.6096813725490196 0.6944444444444444 0.020833333333333332 0.0392156862745098
0 0.5919117647058824 0.7197712418300654 0.02696078431372549 0.03431372549019608
0 0.5753676470588235 0.704248366013072 0.025735294117647058 0.032679738562091505
0 0.5281862745098039 0.7205882352941176 0.029411764705882353 0.026143790849673203
0 0.4252450980392157 0.7320261437908497 0.041666666666666664 0.05555555555555556
0 0.4613970588235294 0.7222222222222222 0.03799019607843137 0.05555555555555556
0 0.5042892156862745 0.732843137254902 0.025735294117647058 0.03758169934640523
0 0.4632352941176471 0.7598039215686275 0.02696078431372549 0.022875816993464054
0 0.43443627450980393 0.792483660130719 0.01838235294117647 0.026143790849673203
0 0.4638480392156863 0.8169934640522876 0.04044117647058824 0.06209150326797386
0 0.4791666666666667 0.7875816993464052 0.03431372549019608 0.032679738562091505
0 0.5134803921568627 0.7892156862745098 0.044117647058823525 0.06209150326797386
0 0.5465686274509803 0.7810457516339869 0.024509803921568627 0.058823529411764705
0 0.5557598039215687 0.7410130718954249 0.028186274509803922 0.024509803921568627
0 0.5723039215686274 0.7720588235294118 0.01715686274509804 0.04411764705882353
0 0.5870098039215687 0.7565359477124183 0.022058823529411763 0.03594771241830066
0 0.616421568627451 0.75 0.03431372549019608 0.03594771241830066
0 0.6470588235294118 0.7679738562091504 0.022058823529411763 0.05228758169934641
0 0.43933823529411764 0.8218954248366014 0.023284313725490197 0.032679738562091505
0 0.43995098039215685 0.8488562091503268 0.029411764705882353 0.02777777777777778
0 0.4270833333333333 0.880718954248366 0.05269607843137255 0.04575163398692811
0 0.4803921568627451 0.8700980392156863 0.03431372549019608 0.04084967320261438
0 0.4987745098039216 0.8333333333333334 0.0392156862745098 0.06209150326797386
0 0.5373774509803921 0.8415032679738562 0.03308823529411765 0.058823529411764705
0 0.6011029411764706 0.7965686274509804 0.03799019607843137 0.03431372549019608
0 0.6366421568627451 0.7965686274509804 0.030637254901960783 0.03104575163398693
0 0.6507352941176471 0.8259803921568628 0.029411764705882353 0.024509803921568627
0 0.7169117647058824 0.8488562091503268 0.022058823529411763 0.04084967320261438
0 0.7365196078431372 0.9068627450980392 0.024509803921568627 0.058823529411764705
0 0.7555147058823529 0.9428104575163399 0.023284313725490197 0.05555555555555556
0 0.7720588235294118 0.9705882352941176 0.014705882352941176 0.042483660130718956
0 0.7487745098039216 0.9869281045751634 0.024509803921568627 0.026143790849673203
0 0.7132352941176471 0.8897058823529412 0.0196078431372549 0.03431372549019608
0 0.7107843137254902 0.9281045751633987 0.031862745098039214 0.05228758169934641
0 0.6801470588235294 0.875 0.03431372549019608 0.06045751633986928
0 0.6213235294117647 0.829248366013072 0.031862745098039214 0.024509803921568627
0 0.5631127450980392 0.8537581699346406 0.028186274509803922 0.04738562091503268
0 0.5 0.8986928104575164 0.031862745098039214 0.06535947712418301
0 0.4632352941176471 0.9166666666666667 0.02696078431372549 0.032679738562091505
0 0.4227941176470588 0.9125816993464052 0.024509803921568627 0.024509803921568627
0 0.4221813725490196 0.9387254901960784 0.03799019607843137 0.03758169934640523
0 0.4485294117647059 0.9387254901960784 0.024509803921568627 0.03431372549019608
0 0.42340686274509803 0.9861111111111112 0.01838235294117647 0.02777777777777778
0 0.446078431372549 0.9877450980392157 0.02696078431372549 0.024509803921568627
0 0.4797794117647059 0.9444444444444444 0.025735294117647058 0.032679738562091505
0 0.46568627450980393 0.977124183006536 0.01715686274509804 0.029411764705882353
0 0.49693627450980393 0.977124183006536 0.0428921568627451 0.04575163398692811
0 0.5294117647058824 0.9624183006535948 0.056372549019607844 0.06209150326797386
0 0.5661764705882353 0.9109477124183006 0.03431372549019608 0.07679738562091504
0 0.6017156862745098 0.8651960784313726 0.041666666666666664 0.08006535947712419
0 0.6311274509803921 0.8978758169934641 0.024509803921568627 0.057189542483660136
0 0.6544117647058824 0.8660130718954249 0.022058823529411763 0.042483660130718956
0 0.6372549019607843 0.8651960784313726 0.0196078431372549 0.02777777777777778
0 0.6593137254901961 0.9240196078431373 0.03431372549019608 0.07679738562091504
0 0.6881127450980392 0.948529411764706 0.025735294117647058 0.02777777777777778
0 0.6703431372549019 0.9795751633986929 0.02696078431372549 0.03758169934640523
0 0.6973039215686274 0.9795751633986929 0.024509803921568627 0.03431372549019608
0 0.7175245098039216 0.9714052287581699 0.020833333333333332 0.03104575163398693
0 0.5980392156862745 0.9338235294117647 0.01715686274509804 0.03104575163398693
0 0.6145833333333334 0.9191176470588236 0.020833333333333332 0.02777777777777778
0 0.6243872549019608 0.9460784313725491 0.020833333333333332 0.03594771241830066
0 0.6029411764705882 0.9705882352941176 0.022058823529411763 0.042483660130718956
0 0.5870098039215687 0.9632352941176471 0.01715686274509804 0.02777777777777778
0 0.5839460784313726 0.9893790849673203 0.020833333333333332 0.021241830065359478
0 0.6323529411764706 0.9779411764705883 0.0196078431372549 0.04411764705882353
0 0.6507352941176471 0.9730392156862745 0.01715686274509804 0.03104575163398693
0 0.8167892156862745 0.9428104575163399 0.028186274509803922 0.058823529411764705
0 0.8431372549019608 0.9207516339869282 0.031862745098039214 0.03104575163398693
0 0.852328431372549 0.9616013071895425 0.03308823529411765 0.03758169934640523
0 0.8854166666666666 0.9689542483660131 0.03308823529411765 0.05555555555555556
