0 0.9754901960784313 0.04411764705882353 0.049019607843137254 0.06209150326797386
0 0.9589460784313726 0.0727124183006536 0.023284313725490197 0.04084967320261438
0 0.985906862745098 0.09395424836601307 0.023284313725490197 0.04411764705882353
0 0.985906862745098 0.12581699346405228 0.028186274509803922 0.032679738562091505
0 0.9816176470588235 0.14950980392156862 0.024509803921568627 0.03431372549019608
0 0.9473039215686274 0.10947712418300654 0.022058823529411763 0.042483660130718956
0 0.9644607843137255 0.18218954248366015 0.02696078431372549 0.06372549019607843
0 0.9901960784313726 0.20016339869281047 0.0196078431372549 0.04738562091503268
0 0.9883578431372549 0.25 0.023284313725490197 0.05555555555555556
0 0.9087009803921569 0.21405228758169936 0.020833333333333332 0.042483660130718956
0 0.7604166666666666 0.29820261437908496 0.030637254901960783 0.06699346405228758
0 0.789828431372549 0.3545751633986928 0.03799019607843137 0.07516339869281045
0 0.8462009803921569 0.37663398692810457 0.020833333333333332 0.04738562091503268
0 0.8829656862745098 0.4035947712418301 0.03553921568627451 0.06209150326797386
0 0.8811274509803921 0.4493464052287582 0.022058823529411763 0.0392156862745098
0 0.8302696078431372 0.4011437908496732 0.030637254901960783 0.05392156862745098
0 0.8541666666666666 0.428921568627451 0.0196078431372549 0.03104575163398693
0 0.8008578431372549 0.4387254901960784 0.04534313725490196 0.09313725490196079
0 0.8125 0.4035947712418301 0.02696078431372549 0.05228758169934641
0 0.8376225490196079 0.4665032679738562 0.025735294117647058 0.06045751633986928
0 0.8566176470588235 0.49673202614379086 0.0196078431372549 0.049019607843137254
0 0.8866421568627451 0.4893790849673203 0.030637254901960783 0.03758169934640523
0 0.9926470588235294 0.3055555555555556 0.014705882352941176 0.03594771241830066
0 0.9607843137254902 0.3243464052287582 0.01715686274509804 0.04084967320261438
0 0.9846813725490196 0.34558823529411764 0.023284313725490197 0.04738562091503268
0 0.9399509803921569 0.3570261437908497 0.03431372549019608 0.06045751633986928
0 0.9705882352941176 0.3741830065359477 0.024509803921568627 0.049019607843137254
0 0.9920343137254902 0.40441176470588236 0.015931372549019607 0.05065359477124183
0 0.9093137254901961 0.36356209150326796 0.0196078431372549 0.04411764705882353
0 0.9356617647058824 0.40522875816993464 0.04044117647058824 0.042483660130718956
0 0.9779411764705882 0.434640522875817 0.041666666666666664 0.08496732026143791
0 0.9577205882352942 0.4534313725490196 0.04534313725490196 0.057189542483660136
0 0.9197303921568627 0.4256535947712418 0.020833333333333332 0.03104575163398693
0 0.9246323529411764 0.46405228758169936 0.020833333333333332 0.04575163398692811
0 0.9424019607843137 0.48284313725490197 0.031862745098039214 0.06045751633986928
0 0.9105392156862745 0.4795751633986928 0.029411764705882353 0.05392156862745098
0 0.9761029411764706 0.5147058823529412 0.03553921568627451 0.058823529411764705
0 0.9669117647058824 0.5400326797385621 0.024509803921568627 0.04084967320261438
0 0.9338235294117647 0.5220588235294118 0.01715686274509804 0.03758169934640523
0 0.9111519607843137 0.5228758169934641 0.020833333333333332 0.0392156862745098
0 0.8394607843137255 0.5261437908496732 0.024509803921568627 0.05555555555555556
0 0.8020833333333334 0.5269607843137255 0.028186274509803922 0.06699346405228758
0 0.8241421568627451 0.5359477124183006 0.020833333333333332 0.042483660130718956
0 0.8235294117647058 0.5784313725490197 0.02696078431372549 0.058823529411764705
0 0.8615196078431372 0.5743464052287582 0.041666666666666664 0.08333333333333334
0 0.8982843137254902 0.5857843137254902 0.03431372549019608 0.09640522875816994
0 0.9319852941176471 0.579248366013072 0.03799019607843137 0.08006535947712419
0 0.9699754901960784 0.5972222222222222 0.03553921568627451 0.057189542483660136
0 0.9509803921568627 0.6200980392156863 0.0196078431372549 0.04738562091503268
0 0.9405637254901961 0.6437908496732027 0.023284313725490197 0.0392156862745098
0 0.8235294117647058 0.6364379084967321 0.024509803921568627 0.04411764705882353
0 0.8511029411764706 0.6486928104575164 0.04534313725490196 0.09477124183006536
0 0.8241421568627451 0.673202614379085 0.020833333333333332 0.03594771241830066
0 0.9001225490196079 0.673202614379085 0.05269607843137255 0.0784313725490196
0 0.9393382352941176 0.7058823529411765 0.0428921568627451 0.08823529411764706
0 0.9883578431372549 0.7017973856209151 0.023284313725490197 0.08333333333333334
0 0.9791666666666666 0.7679738562091504 0.031862745098039214 0.06535947712418301
0 0.9099264705882353 0.7361111111111112 0.023284313725490197 0.04738562091503268
0 0.8700980392156863 0.7401960784313726 0.03676470588235294 0.07516339869281045
0 0.8927696078431372 0.7246732026143791 0.015931372549019607 0.03758169934640523
0 0.9037990196078431 0.7859477124183006 0.03308823529411765 0.08169934640522876
0 0.9332107843137255 0.755718954248366 0.020833333333333332 0.03431372549019608
0 0.9252450980392156 0.7712418300653595 0.01715686274509804 0.032679738562091505
0 0.8247549019607843 0.7671568627450981 0.01715686274509804 0.03758169934640523
0 0.7922794117647058 0.7851307189542484 0.023284313725490197 0.04738562091503268
0 0.8155637254901961 0.7965686274509804 0.020833333333333332 0.03431372549019608
0 0.8474264705882353 0.8137254901960784 0.03553921568627451 0.08823529411764706
0 0.8866421568627451 0.8112745098039216 0.030637254901960783 0.06372549019607843
0 0.8676470588235294 0.7941176470588236 0.022058823529411763 0.05228758169934641
0 0.9626225490196079 0.8145424836601307 0.04534313725490196 0.08006535947712419
0 0.9393382352941176 0.8488562091503268 0.04779411764705882 0.05392156862745098
0 0.9852941176470588 0.8758169934640523 0.022058823529411763 0.032679738562091505
0 0.9718137254901961 0.8986928104575164 0.044117647058823525 0.07516339869281045
0 0.9865196078431372 0.9534313725490197 0.02696078431372549 0.057189542483660136
0 0.9816176470588235 0.982843137254902 0.022058823529411763 0.03431372549019608
0 0.9662990196078431 0.9803921568627452 0.020833333333333332 0.0392156862745098
0 0.9515931372549019 0.9313725490196079 0.030637254901960783 0.0784313725490196
0 0.9209558823529411 0.8954248366013072 0.03799019607843137 0.08169934640522876
0 0.897671568627451 0.8611111111111112 0.020833333333333332 0.04575163398692811
0 0.8707107843137255 0.8848039215686275 0.04044117647058824 0.08333333333333334
0 0.8284313725490196 0.8472222222222222 0.031862745098039214 0.05392156862745098
0 0.8468137254901961 0.9616013071895425 0.044117647058823525 0.07026143790849673
0 0.8799019607843137 0.9795751633986929 0.029411764705882353 0.04084967320261438
0 0.9050245098039216 0.9321895424836601 0.03553921568627451 0.08333333333333334
0 0.8449754901960784 0.8954248366013072 0.01838235294117647 0.029411764705882353
0 0.8339460784313726 0.8856209150326798 0.015931372549019607 0.032679738562091505
0 0.8596813725490196 0.9330065359477124 0.04044117647058824 0.06209150326797386
