0 0.9221813725490196 0.8872549019607844 0.05269607843137255 0.058823529411764705
0 0.4571078431372549 0.7107843137254902 0.0392156862745098 0.058823529411764705
0 0.4264705882352941 0.7549019607843137 0.031862745098039214 0.0196078431372549
0 0.4466911764705882 0.763888888888889 0.020833333333333332 0.01797385620915033
0 0.4791666666666667 0.7655228758169935 0.0392156862745098 0.02777777777777778
0 0.4889705882352941 0.7475490196078431 0.02696078431372549 0.02777777777777778
0 0.5300245098039216 0.755718954248366 0.05024509803921569 0.04411764705882353
0 0.5545343137254902 0.7238562091503268 0.030637254901960783 0.022875816993464054
0 0.5747549019607843 0.7312091503267975 0.022058823529411763 0.03431372549019608
0 0.5857843137254902 0.7687908496732027 0.05392156862745098 0.03758169934640523
0 0.6127450980392157 0.7377450980392157 0.049019607843137254 0.04411764705882353
0 0.6458333333333334 0.7736928104575164 0.05392156862745098 0.03431372549019608
0 0.6439950980392157 0.7957516339869282 0.023284313725490197 0.0196078431372549
0 0.6096813725490196 0.7026143790849674 0.020833333333333332 0.022875816993464054
0 0.6360294117647058 0.7222222222222222 0.014705882352941176 0.026143790849673203
0 0.6311274509803921 0.7017973856209151 0.022058823529411763 0.01797385620915033
0 0.7193627450980392 0.6454248366013072 0.03676470588235294 0.0196078431372549
0 0.960171568627451 0.9084967320261438 0.05269607843137255 0.04575163398692811
0 0.9816176470588235 0.9656862745098039 0.03676470588235294 0.06209150326797386
0 0.9522058823529411 0.9468954248366014 0.031862745098039214 0.03431372549019608
0 0.9123774509803921 0.9338235294117647 0.05024509803921569 0.057189542483660136
0 0.8823529411764706 0.9591503267973857 0.02696078431372549 0.022875816993464054
0 0.9264705882352942 0.9861111111111112 0.03431372549019608 0.02777777777777778
0 0.954656862745098 0.9820261437908497 0.031862745098039214 0.03594771241830066
0 0.977328431372549 0.8063725490196079 0.04044117647058824 0.04084967320261438
0 0.9558823529411764 0.8431372549019608 0.03431372549019608 0.042483660130718956
0 0.9387254901960784 0.8186274509803921 0.044117647058823525 0.0392156862745098
0 0.9834558823529411 0.6797385620915033 0.03308823529411765 0.03594771241830066
0 0.9632352941176471 0.6625816993464052 0.03431372549019608 0.024509803921568627
0 0.9209558823529411 0.6519607843137255 0.03308823529411765 0.029411764705882353
0 0.8786764705882353 0.6699346405228759 0.0196078431372549 0.022875816993464054
0 0.8884803921568627 0.6821895424836601 0.024509803921568627 0.03104575163398693
0 0.8615196078431372 0.6772875816993464 0.014705882352941176 0.024509803921568627
0 0.9252450980392156 0.7124183006535948 0.03431372549019608 0.05555555555555556
0 0.9142156862745098 0.6740196078431373 0.022058823529411763 0.014705882352941176
0 0.9552696078431372 0.6952614379084967 0.020833333333333332 0.021241830065359478
0 0.9522058823529411 0.7589869281045751 0.03676470588235294 0.05392156862745098
0 0.9828431372549019 0.7712418300653595 0.03431372549019608 0.0392156862745098
0 0.9252450980392156 0.7843137254901961 0.049019607843137254 0.042483660130718956
0 0.8952205882352942 0.815359477124183 0.05024509803921569 0.0392156862745098
0 0.8799019607843137 0.7769607843137255 0.024509803921568627 0.01797385620915033
0 0.8964460784313726 0.7598039215686275 0.04779411764705882 0.0392156862745098
0 0.8903186274509803 0.7246732026143791 0.04044117647058824 0.04084967320261438
0 0.8584558823529411 0.7344771241830066 0.0428921568627451 0.03431372549019608
0 0.8394607843137255 0.7026143790849674 0.044117647058823525 0.03594771241830066
0 0.852328431372549 0.7696078431372549 0.04779411764705882 0.04575163398692811
0 0.8455882352941176 0.8063725490196079 0.049019607843137254 0.04084967320261438
0 0.8247549019607843 0.7834967320261438 0.022058823529411763 0.01797385620915033
0 0.798406862745098 0.8031045751633987 0.05024509803921569 0.03758169934640523
0 0.7910539215686274 0.7696078431372549 0.05024509803921569 0.03594771241830066
0 0.8088235294117647 0.7426470588235294 0.031862745098039214 0.04738562091503268
0 0.8302696078431372 0.7377450980392157 0.015931372549019607 0.024509803921568627
0 0.8014705882352942 0.6968954248366013 0.024509803921568627 0.021241830065359478
0 0.7886029411764706 0.7148692810457516 0.025735294117647058 0.024509803921568627
0 0.7751225490196079 0.7279411764705882 0.023284313725490197 0.02777777777777778
0 0.7438725490196079 0.6805555555555556 0.044117647058823525 0.04084967320261438
0 0.7058823529411764 0.6911764705882353 0.0392156862745098 0.03594771241830066
0 0.664828431372549 0.7124183006535948 0.04534313725490196 0.03594771241830066
0 0.6605392156862745 0.738562091503268 0.03431372549019608 0.029411764705882353
0 0.7028186274509803 0.7214052287581699 0.01838235294117647 0.024509803921568627
0 0.7291666666666666 0.7148692810457516 0.029411764705882353 0.021241830065359478
0 0.7175245098039216 0.7426470588235294 0.04534313725490196 0.03758169934640523
0 0.7352941176470588 0.7614379084967321 0.0392156862745098 0.032679738562091505
0 0.7518382352941176 0.7973856209150327 0.04534313725490196 0.03594771241830066
0 0.7077205882352942 0.8014705882352942 0.04534313725490196 0.02777777777777778
0 0.6850490196078431 0.7524509803921569 0.012254901960784314 0.03104575163398693
