0 0.7647058823529412 0.5600490196078431 0.022875816993464054 0.031862745098039214
0 0.7589869281045751 0.5821078431372549 0.02777777777777778 0.02696078431372549
0 0.6854575163398693 0.5643382352941176 0.04411764705882353 0.05514705882352941
0 0.7001633986928105 0.616421568627451 0.057189542483660136 0.051470588235294115
0 0.7459150326797386 0.6151960784313726 0.02777777777777778 0.029411764705882353
0 0.7736928104575164 0.6544117647058824 0.03431372549019608 0.051470588235294115
0 0.738562091503268 0.6593137254901961 0.05555555555555556 0.061274509803921566
0 0.7132352941176471 0.6936274509803921 0.05065359477124183 0.061274509803921566
0 0.6715686274509804 0.6636029411764706 0.04575163398692811 0.05269607843137255
0 0.6511437908496732 0.7083333333333334 0.021241830065359478 0.031862745098039214
0 0.6756535947712419 0.7150735294117647 0.021241830065359478 0.028186274509803922
0 0.6838235294117647 0.7322303921568627 0.02777777777777778 0.015931372549019607
0 0.7647058823529412 0.7212009803921569 0.03594771241830066 0.04534313725490196
0 0.7344771241830066 0.7677696078431372 0.05392156862745098 0.05024509803921569
0 0.6813725490196079 0.7542892156862745 0.022875816993464054 0.025735294117647058
0 0.7728758169934641 0.7610294117647058 0.016339869281045753 0.024509803921568627
0 0.7696078431372549 0.7849264705882353 0.0196078431372549 0.025735294117647058
0 0.7009803921568628 0.7922794117647058 0.029411764705882353 0.03553921568627451
0 0.6470588235294118 0.7849264705882353 0.026143790849673203 0.030637254901960783
0 0.6315359477124183 0.7610294117647058 0.02777777777777778 0.022058823529411763
0 0.7401960784313726 0.8186274509803921 0.05555555555555556 0.05392156862745098
0 0.7165032679738562 0.8486519607843137 0.03431372549019608 0.03553921568627451
0 0.7434640522875817 0.8756127450980392 0.032679738562091505 0.03799019607843137
0 0.7573529411764706 0.8578431372549019 0.024509803921568627 0.0196078431372549
0 0.7475490196078431 0.9338235294117647 0.04411764705882353 0.05392156862745098
0 0.7099673202614379 0.9693627450980392 0.02777777777777778 0.02696078431372549
0 0.7475490196078431 0.9754901960784313 0.021241830065359478 0.022058823529411763
0 0.7091503267973857 0.9007352941176471 0.03594771241830066 0.01715686274509804
0 0.6870915032679739 0.9332107843137255 0.04084967320261438 0.0428921568627451
0 0.6372549019607844 0.8688725490196079 0.05228758169934641 0.056372549019607844
0 0.5874183006535948 0.8529411764705882 0.03758169934640523 0.0392156862745098
0 0.5996732026143791 0.8982843137254902 0.049019607843137254 0.051470588235294115
0 0.6437908496732027 0.9160539215686274 0.042483660130718956 0.0428921568627451
0 0.6127450980392157 0.9332107843137255 0.058823529411764705 0.025735294117647058
0 0.6356209150326798 0.9656862745098039 0.04575163398692811 0.044117647058823525
0 0.5915032679738562 0.96875 0.016339869281045753 0.020833333333333332
0 0.5784313725490197 0.9852941176470588 0.0196078431372549 0.024509803921568627
0 0.6658496732026143 0.9779411764705882 0.01797385620915033 0.022058823529411763
0 0.678921568627451 0.9693627450980392 0.03104575163398693 0.022058823529411763
0 0.7712418300653595 0.8841911764705882 0.0196078431372549 0.028186274509803922
0 0.982843137254902 0.8143382352941176 0.03431372549019608 0.04534313725490196
0 0.9705882352941176 0.8468137254901961 0.032679738562091505 0.044117647058823525
0 0.9869281045751634 0.8725490196078431 0.026143790849673203 0.049019607843137254
0 0.9624183006535948 0.892156862745098 0.029411764705882353 0.041666666666666664
0 0.9812091503267975 0.9375 0.03758169934640523 0.03676470588235294
0 0.9607843137254902 0.9227941176470588 0.0196078431372549 0.022058823529411763
0 0.940359477124183 0.9325980392156863 0.024509803921568627 0.03676470588235294
0 0.954248366013072 0.9473039215686274 0.0196078431372549 0.022058823529411763
0 0.9387254901960784 0.9626225490196079 0.021241830065359478 0.023284313725490197
0 0.940359477124183 0.9852941176470588 0.01797385620915033 0.029411764705882353
0 0.9665032679738562 0.9846813725490196 0.021241830065359478 0.028186274509803922
0 0.9901960784313726 0.9797794117647058 0.016339869281045753 0.023284313725490197
0 0.9714052287581699 0.7781862745098039 0.021241830065359478 0.02696078431372549
0 0.9795751633986929 0.7542892156862745 0.02777777777777778 0.025735294117647058
0 0.988562091503268 0.6819852941176471 0.022875816993464054 0.0428921568627451
