0 0.1636029411764706 0.13480392156862744 0.03308823529411765 0.03758169934640523
0 0.41605392156862747 0.01388888888888889 0.025735294117647058 0.021241830065359478
0 0.3915441176470588 0.0196078431372549 0.01838235294117647 0.026143790849673203
0 0.4387254901960784 0.014705882352941176 0.014705882352941176 0.026143790849673203
0 0.5410539215686274 0.05310457516339869 0.020833333333333332 0.03758169934640523
0 0.5600490196078431 0.06862745098039216 0.024509803921568627 0.049019607843137254
0 0.53125 0.08660130718954248 0.03308823529411765 0.042483660130718956
0 0.49080882352941174 0.05310457516339869 0.025735294117647058 0.03758169934640523
0 0.5012254901960784 0.09395424836601307 0.029411764705882353 0.05392156862745098
0 0.49203431372549017 0.12745098039215685 0.01838235294117647 0.0392156862745098
0 0.4797794117647059 0.1053921568627451 0.013480392156862746 0.03104575163398693
0 0.4644607843137255 0.10620915032679738 0.014705882352941176 0.029411764705882353
0 0.4724264705882353 0.12990196078431374 0.020833333333333332 0.03104575163398693
0 0.4613970588235294 0.06290849673202614 0.04779411764705882 0.06045751633986928
0 0.42463235294117646 0.06862745098039216 0.020833333333333332 0.04575163398692811
0 0.5343137254901961 0.1315359477124183 0.01715686274509804 0.03104575163398693
0 0.5189950980392157 0.16094771241830066 0.03799019607843137 0.07026143790849673
0 0.5373774509803921 0.19526143790849673 0.013480392156862746 0.024509803921568627
0 0.5275735294117647 0.22712418300653595 0.030637254901960783 0.058823529411764705
0 0.5036764705882353 0.238562091503268 0.0196078431372549 0.026143790849673203
0 0.553921568627451 0.24918300653594772 0.022058823529411763 0.05065359477124183
0 0.579656862745098 0.25326797385620914 0.02696078431372549 0.03594771241830066
0 0.6139705882352942 0.24591503267973858 0.024509803921568627 0.04084967320261438
0 0.6605392156862745 0.28022875816993464 0.041666666666666664 0.06699346405228758
0 0.6917892156862745 0.30228758169934644 0.04044117647058824 0.058823529411764705
0 0.7113970588235294 0.32598039215686275 0.020833333333333332 0.03431372549019608
0 0.6415441176470588 0.309640522875817 0.023284313725490197 0.03431372549019608
0 0.6176470588235294 0.309640522875817 0.0196078431372549 0.02777777777777778
0 0.602328431372549 0.28839869281045755 0.015931372549019607 0.03758169934640523
0 0.6182598039215687 0.28104575163398693 0.020833333333333332 0.026143790849673203
0 0.5894607843137255 0.29248366013071897 0.012254901960784314 0.032679738562091505
0 0.5526960784313726 0.2965686274509804 0.02696078431372549 0.04411764705882353
0 0.5373774509803921 0.30637254901960786 0.015931372549019607 0.03758169934640523
0 0.5275735294117647 0.2761437908496732 0.023284313725490197 0.026143790849673203
0 0.5134803921568627 0.34395424836601307 0.049019607843137254 0.06372549019607843
0 0.6053921568627451 0.3284313725490196 0.01715686274509804 0.029411764705882353
0 0.6427696078431372 0.3382352941176471 0.025735294117647058 0.032679738562091505
0 0.6697303921568627 0.3553921568627451 0.015931372549019607 0.03758169934640523
0 0.6243872549019608 0.3382352941176471 0.015931372549019607 0.026143790849673203
0 0.6360294117647058 0.37336601307189543 0.014705882352941176 0.03758169934640523
0 0.6544117647058824 0.3709150326797386 0.0196078431372549 0.029411764705882353
0 0.71875 0.3709150326797386 0.015931372549019607 0.029411764705882353
0 0.7395833333333334 0.3978758169934641 0.025735294117647058 0.05065359477124183
0 0.7218137254901961 0.40604575163398693 0.01715686274509804 0.02777777777777778
0 0.75 0.44607843137254904 0.022058823529411763 0.05228758169934641
0 0.7346813725490196 0.434640522875817 0.013480392156862746 0.029411764705882353
0 0.7193627450980392 0.43137254901960786 0.01715686274509804 0.03594771241830066
0 0.65625 0.40032679738562094 0.013480392156862746 0.029411764705882353
0 0.6047794117647058 0.36601307189542487 0.01838235294117647 0.0392156862745098
0 0.6225490196078431 0.369281045751634 0.01715686274509804 0.03594771241830066
0 0.5833333333333334 0.3464052287581699 0.01715686274509804 0.0392156862745098
0 0.5618872549019608 0.3423202614379085 0.020833333333333332 0.03431372549019608
0 0.5422794117647058 0.33333333333333337 0.015931372549019607 0.026143790849673203
0 0.5545343137254902 0.3700980392156863 0.023284313725490197 0.02777777777777778
0 0.5735294117647058 0.37826797385620914 0.0196078431372549 0.03758169934640523
0 0.5912990196078431 0.38071895424836605 0.020833333333333332 0.032679738562091505
0 0.5557598039215687 0.3962418300653595 0.023284313725490197 0.02777777777777778
0 0.5447303921568627 0.4076797385620915 0.013480392156862746 0.024509803921568627
0 0.522671568627451 0.38643790849673204 0.01838235294117647 0.024509803921568627
0 0.5287990196078431 0.4109477124183007 0.01838235294117647 0.024509803921568627
0 0.5502450980392157 0.4477124183006536 0.041666666666666664 0.06535947712418301
0 0.5943627450980392 0.41421568627450983 0.031862745098039214 0.04411764705882353
0 0.5839460784313726 0.4485294117647059 0.01838235294117647 0.05065359477124183
0 0.6188725490196079 0.39869281045751637 0.01715686274509804 0.029411764705882353
0 0.6384803921568627 0.4011437908496732 0.012254901960784314 0.02777777777777778
0 0.6323529411764706 0.4223856209150327 0.012254901960784314 0.02777777777777778
0 0.6501225490196079 0.4428104575163399 0.030637254901960783 0.06209150326797386
0 0.6188725490196079 0.4305555555555556 0.0196078431372549 0.04411764705882353
0 0.678921568627451 0.4477124183006536 0.02696078431372549 0.03594771241830066
0 0.5986519607843137 0.4795751633986928 0.023284313725490197 0.04738562091503268
0 0.6317401960784313 0.47385620915032683 0.015931372549019607 0.032679738562091505
0 0.6930147058823529 0.5024509803921569 0.03308823529411765 0.06372549019607843
0 0.7291666666666666 0.477124183006536 0.01715686274509804 0.0392156862745098
0 0.7732843137254902 0.4754901960784314 0.029411764705882353 0.029411764705882353
0 0.7806372549019608 0.5081699346405228 0.03431372549019608 0.03594771241830066
0 0.7518382352941176 0.49754901960784315 0.028186274509803922 0.04084967320261438
0 0.7935049019607843 0.5449346405228759 0.025735294117647058 0.03758169934640523
0 0.8278186274509803 0.5800653594771242 0.023284313725490197 0.032679738562091505
0 0.7689950980392157 0.5212418300653595 0.023284313725490197 0.032679738562091505
0 0.7708333333333334 0.553921568627451 0.029411764705882353 0.042483660130718956
0 0.7457107843137255 0.5351307189542484 0.01838235294117647 0.02777777777777778
0 0.7248774509803921 0.5114379084967321 0.013480392156862746 0.026143790849673203
0 0.6997549019607843 0.4419934640522876 0.0196078431372549 0.04738562091503268
0 0.7138480392156863 0.565359477124183 0.05024509803921569 0.05228758169934641
0 0.7561274509803921 0.5849673202614379 0.01715686274509804 0.0392156862745098
0 0.7714460784313726 0.5890522875816994 0.015931372549019607 0.03758169934640523
0 0.803921568627451 0.5866013071895425 0.022058823529411763 0.04575163398692811
0 0.7873774509803921 0.607843137254902 0.01838235294117647 0.0392156862745098
0 0.7751225490196079 0.6372549019607844 0.01838235294117647 0.03594771241830066
0 0.8333333333333334 0.6217320261437909 0.01715686274509804 0.03431372549019608
0 0.6660539215686274 0.5032679738562091 0.030637254901960783 0.06535947712418301
0 0.6415441176470588 0.5245098039215687 0.025735294117647058 0.04575163398692811
0 0.6133578431372549 0.513888888888889 0.020833333333333332 0.05392156862745098
0 0.5968137254901961 0.5204248366013072 0.01715686274509804 0.04084967320261438
0 0.5502450980392157 0.505718954248366 0.024509803921568627 0.021241830065359478
0 0.5778186274509803 0.5367647058823529 0.03553921568627451 0.05392156862745098
0 0.5600490196078431 0.5661764705882353 0.031862745098039214 0.04411764705882353
0 0.6158088235294118 0.5588235294117647 0.028186274509803922 0.026143790849673203
0 0.6439950980392157 0.5727124183006536 0.025735294117647058 0.04084967320261438
0 0.6721813725490196 0.5743464052287582 0.03308823529411765 0.07026143790849673
0 0.633578431372549 0.6119281045751634 0.02696078431372549 0.057189542483660136
0 0.6121323529411765 0.5890522875816994 0.01838235294117647 0.03431372549019608
0 0.5986519607843137 0.5718954248366013 0.01838235294117647 0.026143790849673203
0 0.6004901960784313 0.6143790849673203 0.022058823529411763 0.0392156862745098
0 0.5625 0.5980392156862745 0.024509803921568627 0.029411764705882353
0 0.539828431372549 0.6086601307189543 0.03308823529411765 0.03431372549019608
0 0.5238970588235294 0.5767973856209151 0.023284313725490197 0.0392156862745098
0 0.4950980392156863 0.579248366013072 0.03431372549019608 0.05392156862745098
0 0.48161764705882354 0.607843137254902 0.014705882352941176 0.029411764705882353
0 0.5 0.6266339869281046 0.029411764705882353 0.02777777777777778
0 0.4724264705882353 0.6282679738562091 0.015931372549019607 0.024509803921568627
0 0.4932598039215686 0.6495098039215687 0.023284313725490197 0.02777777777777778
0 0.5318627450980392 0.6503267973856209 0.031862745098039214 0.05228758169934641
0 0.5116421568627451 0.6666666666666667 0.013480392156862746 0.029411764705882353
0 0.5287990196078431 0.6862745098039216 0.015931372549019607 0.032679738562091505
0 0.5606617647058824 0.698529411764706 0.03799019607843137 0.06372549019607843
0 0.5441176470588235 0.7295751633986929 0.029411764705882353 0.03104575163398693
0 0.53125 0.7410130718954249 0.025735294117647058 0.024509803921568627
0 0.517156862745098 0.7173202614379085 0.022058823529411763 0.029411764705882353
0 0.48284313725490197 0.684640522875817 0.049019607843137254 0.05228758169934641
0 0.5827205882352942 0.6356209150326798 0.020833333333333332 0.029411764705882353
0 0.5778186274509803 0.6601307189542484 0.020833333333333332 0.029411764705882353
0 0.6029411764705882 0.6511437908496732 0.01715686274509804 0.03431372549019608
0 0.5992647058823529 0.6813725490196079 0.012254901960784314 0.022875816993464054
0 0.6274509803921569 0.6511437908496732 0.02696078431372549 0.02777777777777778
0 0.6660539215686274 0.625 0.030637254901960783 0.03104575163398693
0 0.6905637254901961 0.6519607843137255 0.03308823529411765 0.06862745098039216
0 0.6764705882352942 0.7026143790849674 0.022058823529411763 0.042483660130718956
0 0.7058823529411764 0.7066993464052288 0.02696078431372549 0.06372549019607843
0 0.642156862745098 0.6862745098039216 0.03431372549019608 0.06535947712418301
0 0.6151960784313726 0.7009803921568628 0.01715686274509804 0.032679738562091505
0 0.6409313725490196 0.7540849673202614 0.03431372549019608 0.07026143790849673
0 0.6807598039215687 0.7467320261437909 0.0428921568627451 0.03594771241830066
0 0.6948529411764706 0.7933006535947713 0.0196078431372549 0.03758169934640523
0 0.6758578431372549 0.7794117647058824 0.01838235294117647 0.0392156862745098
0 0.6593137254901961 0.8022875816993464 0.031862745098039214 0.026143790849673203
0 0.6305147058823529 0.7933006535947713 0.023284313725490197 0.03431372549019608
0 0.6115196078431372 0.7622549019607844 0.012254901960784314 0.03758169934640523
0 0.5962009803921569 0.7393790849673203 0.015931372549019607 0.03431372549019608
0 0.5955882352941176 0.7728758169934641 0.024509803921568627 0.032679738562091505
0 0.5833333333333334 0.8194444444444444 0.029411764705882353 0.07026143790849673
0 0.6084558823529411 0.8251633986928105 0.01838235294117647 0.0392156862745098
0 0.4424019607843137 0.6813725490196079 0.031862745098039214 0.03594771241830066
0 0.45894607843137253 0.7107843137254902 0.01838235294117647 0.042483660130718956
0 0.4846813725490196 0.7246732026143791 0.023284313725490197 0.02777777777777778
0 0.5079656862745098 0.7295751633986929 0.020833333333333332 0.02777777777777778
0 0.5091911764705882 0.7753267973856209 0.03799019607843137 0.057189542483660136
0 0.5422794117647058 0.7687908496732027 0.01838235294117647 0.03431372549019608
0 0.4534313725490196 0.7434640522875817 0.0196078431372549 0.0392156862745098
0 0.4675245098039216 0.7843137254901961 0.04779411764705882 0.042483660130718956
0 0.5508578431372549 0.8104575163398693 0.023284313725490197 0.05228758169934641
0 0.5588235294117647 0.8545751633986929 0.01715686274509804 0.032679738562091505
0 0.6176470588235294 0.8758169934640523 0.01715686274509804 0.032679738562091505
0 0.6035539215686274 0.8758169934640523 0.013480392156862746 0.03594771241830066
0 0.5753676470588235 0.9011437908496732 0.03308823529411765 0.04411764705882353
0 0.47855392156862747 0.829248366013072 0.05024509803921569 0.04738562091503268
0 0.48161764705882354 0.8651960784313726 0.0392156862745098 0.04084967320261438
0 0.45955882352941174 0.8676470588235294 0.0196078431372549 0.032679738562091505
0 0.5159313725490196 0.8709150326797386 0.02696078431372549 0.06535947712418301
0 0.4926470588235294 0.8978758169934641 0.022058823529411763 0.03758169934640523
0 0.5147058823529411 0.9419934640522876 0.022058823529411763 0.021241830065359478
0 0.5251225490196079 0.9215686274509804 0.015931372549019607 0.0196078431372549
0 0.5453431372549019 0.9362745098039216 0.02696078431372549 0.026143790849673203
0 0.9136029411764706 0.018790849673202614 0.025735294117647058 0.03431372549019608
0 0.9473039215686274 0.011437908496732027 0.01715686274509804 0.0196078431372549
0 0.9338235294117647 0.018790849673202614 0.01715686274509804 0.024509803921568627
0 0.9589460784313726 0.03594771241830066 0.015931372549019607 0.0196078431372549
0 0.8927696078431372 0.012254901960784314 0.013480392156862746 0.021241830065359478
0 0.9013480392156863 0.03676470588235294 0.020833333333333332 0.03104575163398693
0 0.9019607843137255 0.05800653594771242 0.0196078431372549 0.03758169934640523
0 0.9246323529411764 0.04820261437908497 0.015931372549019607 0.03758169934640523
0 0.9430147058823529 0.06127450980392157 0.013480392156862746 0.01797385620915033
0 0.9607843137254902 0.08088235294117647 0.0196078431372549 0.04738562091503268
0 0.9828431372549019 0.08169934640522876 0.01715686274509804 0.026143790849673203
0 0.9080882352941176 0.08496732026143791 0.024509803921568627 0.049019607843137254
0 0.9332107843137255 0.08986928104575163 0.023284313725490197 0.042483660130718956
0 0.946078431372549 0.12908496732026145 0.024509803921568627 0.049019607843137254
0 0.9613970588235294 0.15114379084967322 0.025735294117647058 0.021241830065359478
0 0.9742647058823529 0.12908496732026145 0.02696078431372549 0.022875816993464054
0 0.9920343137254902 0.16911764705882354 0.015931372549019607 0.04084967320261438
0 0.9123774509803921 0.14052287581699346 0.04534313725490196 0.06209150326797386
0 0.9338235294117647 0.19934640522875818 0.014705882352941176 0.03594771241830066
0 0.9522058823529411 0.21160130718954248 0.022058823529411763 0.03104575163398693
0 0.9154411764705882 0.2238562091503268 0.022058823529411763 0.03594771241830066
0 0.8897058823529411 0.20179738562091504 0.022058823529411763 0.02777777777777778
0 0.9087009803921569 0.3643790849673203 0.0428921568627451 0.05555555555555556
0 0.9920343137254902 0.4166666666666667 0.015931372549019607 0.042483660130718956
0 0.9381127450980392 0.4256535947712418 0.013480392156862746 0.02777777777777778
0 0.9319852941176471 0.4673202614379085 0.013480392156862746 0.032679738562091505
0 0.9295343137254902 0.5008169934640523 0.020833333333333332 0.01797385620915033
0 0.9583333333333334 0.45915032679738566 0.03676470588235294 0.07516339869281045
0 0.9730392156862745 0.4959150326797386 0.0196078431372549 0.03758169934640523
0 0.985906862745098 0.4746732026143791 0.015931372549019607 0.03431372549019608
0 0.9926470588235294 0.5114379084967321 0.014705882352941176 0.022875816993464054
0 0.9834558823529411 0.6127450980392157 0.03308823529411765 0.07516339869281045
0 0.9448529411764706 0.619281045751634 0.029411764705882353 0.026143790849673203
0 0.9454656862745098 0.6617647058823529 0.04044117647058824 0.04575163398692811
0 0.96875 0.6576797385620915 0.01838235294117647 0.021241830065359478
0 0.985906862745098 0.6887254901960784 0.028186274509803922 0.03104575163398693
0 0.9822303921568627 0.7148692810457516 0.013480392156862746 0.03758169934640523
0 0.9938725490196079 0.7361111111111112 0.012254901960784314 0.04084967320261438
0 0.9509803921568627 0.6993464052287582 0.01715686274509804 0.032679738562091505
0 0.9209558823529411 0.6593137254901961 0.020833333333333332 0.03431372549019608
0 0.9227941176470588 0.690359477124183 0.02696078431372549 0.03758169934640523
0 0.8970588235294118 0.6650326797385621 0.031862745098039214 0.0392156862745098
0 0.8743872549019608 0.6584967320261438 0.01838235294117647 0.03594771241830066
0 0.8118872549019608 0.6413398692810458 0.01838235294117647 0.04084967320261438
0 0.7267156862745098 0.607843137254902 0.029411764705882353 0.032679738562091505
0 0.8014705882352942 0.6781045751633987 0.029411764705882353 0.06535947712418301
0 0.8241421568627451 0.6633986928104575 0.015931372549019607 0.03594771241830066
0 0.7794117647058824 0.6838235294117647 0.014705882352941176 0.03758169934640523
0 0.7334558823529411 0.7377450980392157 0.023284313725490197 0.05065359477124183
0 0.7928921568627451 0.7230392156862745 0.031862745098039214 0.04084967320261438
0 0.8229166666666666 0.7116013071895425 0.020833333333333332 0.03758169934640523
0 0.8596813725490196 0.7001633986928105 0.023284313725490197 0.04084967320261438
0 0.8872549019607843 0.7450980392156863 0.031862745098039214 0.06535947712418301
0 0.8645833333333334 0.7540849673202614 0.013480392156862746 0.03104575163398693
0 0.9797794117647058 0.7598039215686275 0.020833333333333332 0.04575163398692811
0 0.8363970588235294 0.763888888888889 0.01838235294117647 0.04084967320261438
0 0.8192401960784313 0.7614379084967321 0.025735294117647058 0.042483660130718956
0 0.7904411764705882 0.763888888888889 0.02696078431372549 0.04411764705882353
0 0.9681372549019608 0.7818627450980392 0.0196078431372549 0.03431372549019608
0 0.9430147058823529 0.7769607843137255 0.020833333333333332 0.024509803921568627
0 0.9503676470588235 0.8088235294117647 0.01838235294117647 0.0392156862745098
0 0.9871323529411764 0.8790849673202614 0.025735294117647058 0.06535947712418301
0 0.9730392156862745 0.9158496732026145 0.02696078431372549 0.04084967320261438
0 0.9172794117647058 0.8063725490196079 0.03308823529411765 0.04411764705882353
0 0.8823529411764706 0.7941176470588236 0.022058823529411763 0.042483660130718956
0 0.8578431372549019 0.7990196078431373 0.024509803921568627 0.0392156862745098
0 0.8400735294117647 0.7965686274509804 0.015931372549019607 0.04084967320261438
0 0.8241421568627451 0.8006535947712419 0.01838235294117647 0.042483660130718956
0 0.7830882352941176 0.8349673202614379 0.031862745098039214 0.06535947712418301
0 0.7261029411764706 0.8104575163398693 0.015931372549019607 0.032679738562091505
0 0.7205882352941176 0.8382352941176471 0.01715686274509804 0.029411764705882353
0 0.7340686274509803 0.8415032679738562 0.012254901960784314 0.032679738562091505
0 0.7242647058823529 0.8733660130718954 0.0196078431372549 0.04084967320261438
0 0.704656862745098 0.8905228758169935 0.0196078431372549 0.042483660130718956
0 0.7261029411764706 0.9738562091503268 0.013480392156862746 0.032679738562091505
0 0.7493872549019608 0.9673202614379085 0.011029411764705881 0.032679738562091505
0 0.7383578431372549 0.9591503267973857 0.013480392156862746 0.032679738562091505
0 0.7426470588235294 0.9281045751633987 0.01715686274509804 0.029411764705882353
0 0.7647058823529411 0.9125816993464052 0.031862745098039214 0.07352941176470588
0 0.772671568627451 0.977124183006536 0.023284313725490197 0.04575163398692811
0 0.7977941176470588 0.9803921568627452 0.02696078431372549 0.0392156862745098
0 0.8284313725490196 0.9754901960784313 0.029411764705882353 0.049019607843137254
0 0.8547794117647058 0.9297385620915033 0.030637254901960783 0.07189542483660132
0 0.8302696078431372 0.9305555555555556 0.015931372549019607 0.04084967320261438
0 0.8204656862745098 0.8431372549019608 0.025735294117647058 0.022875816993464054
0 0.8535539215686274 0.8341503267973857 0.015931372549019607 0.03104575163398693
0 0.8780637254901961 0.8308823529411765 0.030637254901960783 0.02777777777777778
0 0.9068627450980392 0.8316993464052288 0.029411764705882353 0.032679738562091505
0 0.9497549019607843 0.8758169934640523 0.022058823529411763 0.04575163398692811
0 0.9025735294117647 0.8782679738562091 0.04534313725490196 0.06045751633986928
0 0.8707107843137255 0.8815359477124183 0.028186274509803922 0.05392156862745098
0 0.8462009803921569 0.8619281045751634 0.020833333333333332 0.04084967320261438
0 0.8382352941176471 0.8864379084967321 0.01715686274509804 0.03104575163398693
0 0.9252450980392156 0.9076797385620915 0.02696078431372549 0.021241830065359478
0 0.9276960784313726 0.9338235294117647 0.04656862745098039 0.04411764705882353
0 0.9558823529411764 0.9240196078431373 0.029411764705882353 0.04084967320261438
0 0.9908088235294118 0.9436274509803921 0.015931372549019607 0.03758169934640523
0 0.9883578431372549 0.9705882352941176 0.023284313725490197 0.016339869281045753
0 0.9761029411764706 0.9901960784313726 0.01838235294117647 0.0196078431372549
0 0.9454656862745098 0.9665032679738562 0.028186274509803922 0.02777777777777778
0 0.9515931372549019 0.988562091503268 0.01838235294117647 0.022875816993464054
0 0.9191176470588235 0.9844771241830066 0.0392156862745098 0.03104575163398693
0 0.9178921568627451 0.9632352941176471 0.012254901960784314 0.021241830065359478
0 0.8952205882352942 0.9591503267973857 0.030637254901960783 0.026143790849673203
0 0.8792892156862745 0.9379084967320261 0.023284313725490197 0.049019607843137254
0 0.8694852941176471 0.9722222222222222 0.020833333333333332 0.0196078431372549
0 0.928921568627451 0.8472222222222222 0.0196078431372549 0.03758169934640523
0 0.9319852941176471 0.8782679738562091 0.01838235294117647 0.03104575163398693
0 0.5012254901960784 0.8080065359477124 0.0196078431372549 0.021241830065359478
0 0.4852941176470588 0.9248366013071896 0.01715686274509804 0.022875816993464054
0 0.5122549019607843 0.829248366013072 0.0196078431372549 0.01797385620915033
