0 0.7156862745098039 0.0196078431372549 0.029411764705882353 0.026143790849673203
0 0.7561274509803921 0.01388888888888889 0.03676470588235294 0.021241830065359478
0 0.7512254901960784 0.02696078431372549 0.031862745098039214 0.021241830065359478
0 0.772671568627451 0.040032679738562095 0.030637254901960783 0.02777777777777778
0 0.7953431372549019 0.03431372549019608 0.03431372549019608 0.029411764705882353
0 0.7996323529411764 0.01797385620915033 0.025735294117647058 0.0196078431372549
0 0.8167892156862745 0.01388888888888889 0.023284313725490197 0.01797385620915033
0 0.8235294117647058 0.032679738562091505 0.022058823529411763 0.029411764705882353
0 0.8406862745098039 0.032679738562091505 0.022058823529411763 0.0196078431372549
0 0.8504901960784313 0.06699346405228758 0.03676470588235294 0.05228758169934641
0 0.8229166666666666 0.058823529411764705 0.028186274509803922 0.042483660130718956
