0 0.7949346405228759 0.007965686274509803 0.021241830065359478 0.013480392156862746
0 0.8284313725490197 0.15808823529411764 0.026143790849673203 0.031862745098039214
0 0.7834967320261438 0.5177696078431373 0.024509803921568627 0.025735294117647058
0 0.9215686274509804 0.5704656862745098 0.022875816993464054 0.025735294117647058
0 0.923202614379085 0.6268382352941176 0.0196078431372549 0.01838235294117647
0 0.9428104575163399 0.6274509803921569 0.022875816993464054 0.0196078431372549
0 0.9330065359477124 0.6544117647058824 0.032679738562091505 0.03676470588235294
0 0.8717320261437909 0.772671568627451 0.03104575163398693 0.028186274509803922
0 0.8986928104575164 0.9889705882352942 0.029411764705882353 0.022058823529411763
0 0.690359477124183 0.9761029411764706 0.01797385620915033 0.020833333333333332
