0 0.49816176470588236 0.3300653594771242 0.01838235294117647 0.03594771241830066
0 0.6954656862745098 0.2973856209150327 0.028186274509803922 0.022875816993464054
0 0.29534313725490197 0.8178104575163399 0.022058823529411763 0.014705882352941176
0 0.03308823529411765 0.7745098039215687 0.0196078431372549 0.0196078431372549
0 0.08272058823529412 0.8300653594771242 0.020833333333333332 0.022875816993464054
0 0.09252450980392157 0.8643790849673203 0.03799019607843137 0.03594771241830066
0 0.10232843137254902 0.8447712418300654 0.023284313725490197 0.0196078431372549
0 0.11642156862745098 0.852124183006536 0.01715686274509804 0.01797385620915033
0 0.11887254901960784 0.8668300653594772 0.01715686274509804 0.01797385620915033
0 0.13419117647058823 0.8357843137254902 0.020833333333333332 0.01797385620915033
0 0.12867647058823528 0.8513071895424836 0.00980392156862745 0.022875816993464054
0 0.14705882352941177 0.8676470588235294 0.03676470588235294 0.029411764705882353
0 0.14399509803921567 0.8480392156862745 0.01838235294117647 0.0196078431372549
0 0.1556372549019608 0.8423202614379085 0.012254901960784314 0.02777777777777778
0 0.17095588235294118 0.8357843137254902 0.020833333333333332 0.021241830065359478
0 0.19362745098039216 0.8480392156862745 0.024509803921568627 0.022875816993464054
0 0.2107843137254902 0.8570261437908497 0.022058823529411763 0.01797385620915033
0 0.17034313725490197 0.8545751633986929 0.01715686274509804 0.016339869281045753
0 0.18443627450980393 0.8676470588235294 0.025735294117647058 0.022875816993464054
0 0.2071078431372549 0.8741830065359477 0.022058823529411763 0.0196078431372549
0 0.28799019607843135 0.8758169934640523 0.02696078431372549 0.022875816993464054
0 0.36519607843137253 0.8782679738562091 0.024509803921568627 0.021241830065359478
0 0.38909313725490197 0.8790849673202614 0.030637254901960783 0.029411764705882353
0 0.48651960784313725 0.7834967320261438 0.022058823529411763 0.021241830065359478
0 0.6825980392156863 0.8145424836601307 0.0196078431372549 0.01797385620915033
0 0.6691176470588235 0.823529411764706 0.022058823529411763 0.016339869281045753
0 0.6537990196078431 0.8178104575163399 0.020833333333333332 0.01797385620915033
0 0.6194852941176471 0.8259803921568628 0.020833333333333332 0.01797385620915033
0 0.7849264705882353 0.8651960784313726 0.03308823529411765 0.04084967320261438
0 0.9583333333333334 0.8382352941176471 0.02696078431372549 0.0196078431372549
0 0.9810049019607843 0.8545751633986929 0.03799019607843137 0.026143790849673203
0 0.9920343137254902 0.8848039215686275 0.015931372549019607 0.021241830065359478
0 0.9754901960784313 0.8905228758169935 0.022058823529411763 0.022875816993464054
0 0.9497549019607843 0.857843137254902 0.01715686274509804 0.022875816993464054
0 0.9375 0.8537581699346406 0.0196078431372549 0.014705882352941176
