0 0.9787581699346406 0.05269607843137255 0.016339869281045753 0.022058823529411763
0 0.977124183006536 0.07965686274509803 0.016339869281045753 0.0196078431372549
0 0.9861111111111112 0.10355392156862744 0.021241830065359478 0.020833333333333332
0 0.982843137254902 0.16544117647058823 0.021241830065359478 0.024509803921568627
0 0.9444444444444444 0.19914215686274508 0.0196078431372549 0.023284313725490197
0 0.9730392156862745 0.2150735294117647 0.021241830065359478 0.025735294117647058
0 0.9836601307189543 0.23529411764705882 0.016339869281045753 0.0196078431372549
0 0.9616013071895425 0.22794117647058823 0.021241830065359478 0.024509803921568627
0 0.9558823529411765 0.24325980392156862 0.0196078431372549 0.013480392156862746
0 0.9591503267973857 0.26286764705882354 0.022875816993464054 0.025735294117647058
0 0.9779411764705883 0.25735294117647056 0.01797385620915033 0.024509803921568627
0 0.9877450980392157 0.2738970588235294 0.021241830065359478 0.020833333333333332
0 0.9763071895424837 0.34681372549019607 0.021241830065359478 0.024509803921568627
0 0.7009803921568628 0.0625 0.032679738562091505 0.01715686274509804
0 0.5890522875816994 0.06004901960784314 0.024509803921568627 0.024509803921568627
0 0.5866013071895425 0.09620098039215687 0.022875816993464054 0.028186274509803922
0 0.5947712418300654 0.10723039215686274 0.029411764705882353 0.023284313725490197
0 0.6699346405228759 0.16176470588235295 0.026143790849673203 0.024509803921568627
0 0.6617647058823529 0.1801470588235294 0.0196078431372549 0.022058823529411763
0 0.6364379084967321 0.22181372549019607 0.02777777777777778 0.031862745098039214
0 0.6462418300653595 0.27205882352941174 0.01797385620915033 0.024509803921568627
0 0.6266339869281046 0.28737745098039214 0.024509803921568627 0.028186274509803922
0 0.6037581699346405 0.2775735294117647 0.024509803921568627 0.023284313725490197
0 0.6151960784313726 0.3118872549019608 0.01797385620915033 0.028186274509803922
0 0.505718954248366 0.35784313725490197 0.01797385620915033 0.024509803921568627
0 0.5702614379084967 0.35784313725490197 0.0196078431372549 0.0196078431372549
0 0.5816993464052288 0.3676470588235294 0.022875816993464054 0.022058823529411763
0 0.5923202614379085 0.3799019607843137 0.01797385620915033 0.022058823529411763
0 0.5645424836601307 0.38174019607843135 0.02777777777777778 0.023284313725490197
0 0.5841503267973857 0.4105392156862745 0.01797385620915033 0.024509803921568627
0 0.565359477124183 0.4068627450980392 0.0196078431372549 0.022058823529411763
0 0.5988562091503268 0.4227941176470588 0.021241830065359478 0.024509803921568627
0 0.6151960784313726 0.43443627450980393 0.014705882352941176 0.020833333333333332
0 0.6405228758169935 0.41973039215686275 0.016339869281045753 0.020833333333333332
0 0.553921568627451 0.4215686274509804 0.026143790849673203 0.01715686274509804
0 0.5751633986928105 0.42769607843137253 0.032679738562091505 0.014705882352941176
0 0.571078431372549 0.44485294117647056 0.03104575163398693 0.024509803921568627
0 0.5988562091503268 0.44424019607843135 0.01797385620915033 0.020833333333333332
0 0.6102941176470589 0.4730392156862745 0.01797385620915033 0.024509803921568627
0 0.5816993464052288 0.4564950980392157 0.0196078431372549 0.020833333333333332
0 0.5915032679738562 0.47058823529411764 0.0196078431372549 0.022058823529411763
0 0.5285947712418301 0.4375 0.021241830065359478 0.0196078431372549
0 0.5514705882352942 0.43995098039215685 0.01797385620915033 0.0196078431372549
0 0.5571895424836601 0.4613970588235294 0.016339869281045753 0.023284313725490197
0 0.5718954248366013 0.477328431372549 0.0196078431372549 0.023284313725490197
0 0.5947712418300654 0.4895833333333333 0.022875816993464054 0.023284313725490197
0 0.5906862745098039 0.5042892156862745 0.021241830065359478 0.01838235294117647
0 0.6151960784313726 0.5049019607843137 0.01797385620915033 0.022058823529411763
0 0.6315359477124183 0.5140931372549019 0.024509803921568627 0.025735294117647058
0 0.6119281045751634 0.5441176470588235 0.03431372549019608 0.0196078431372549
0 0.6323529411764706 0.5496323529411765 0.016339869281045753 0.020833333333333332
0 0.6429738562091504 0.5600490196078431 0.01797385620915033 0.024509803921568627
0 0.607843137254902 0.5612745098039216 0.022875816993464054 0.01715686274509804
0 0.6217320261437909 0.5772058823529411 0.02777777777777778 0.03431372549019608
0 0.6013071895424836 0.647671568627451 0.016339869281045753 0.023284313725490197
0 0.6160130718954249 0.6017156862745098 0.032679738562091505 0.014705882352941176
0 0.6454248366013072 0.6151960784313726 0.0196078431372549 0.024509803921568627
0 0.6707516339869282 0.6397058823529411 0.021241830065359478 0.022058823529411763
0 0.6544117647058824 0.6427696078431372 0.01797385620915033 0.020833333333333332
0 0.6380718954248367 0.6409313725490196 0.021241830065359478 0.0196078431372549
0 0.6862745098039216 0.59375 0.0196078431372549 0.025735294117647058
0 0.6086601307189543 0.6691176470588235 0.01797385620915033 0.0196078431372549
0 0.6642156862745098 0.8946078431372549 0.03758169934640523 0.029411764705882353
0 0.6609477124183006 0.8768382352941176 0.021241830065359478 0.01838235294117647
0 0.6887254901960784 0.8939950980392156 0.024509803921568627 0.020833333333333332
0 0.6781045751633987 0.9117647058823529 0.03594771241830066 0.01715686274509804
0 0.988562091503268 0.4987745098039216 0.016339869281045753 0.024509803921568627
