0 0.7524509803921569 0.16830065359477125 0.02696078431372549 0.029411764705882353
0 0.7769607843137255 0.352124183006536 0.024509803921568627 0.01797385620915033
0 0.7542892156862745 0.45179738562091504 0.01838235294117647 0.014705882352941176
0 0.7408088235294118 0.45915032679738566 0.015931372549019607 0.0196078431372549
0 0.7218137254901961 0.45016339869281047 0.0196078431372549 0.01797385620915033
0 0.7058823529411764 0.4673202614379085 0.0196078431372549 0.016339869281045753
0 0.7064950980392157 0.4485294117647059 0.015931372549019607 0.01797385620915033
0 0.6654411764705882 0.34477124183006536 0.022058823529411763 0.0196078431372549
0 0.6470588235294118 0.35375816993464054 0.01715686274509804 0.014705882352941176
0 0.6501225490196079 0.33333333333333337 0.015931372549019607 0.016339869281045753
0 0.6341911764705882 0.33905228758169936 0.015931372549019607 0.011437908496732027
0 0.6317401960784313 0.35947712418300654 0.015931372549019607 0.013071895424836602
0 0.6219362745098039 0.3464052287581699 0.011029411764705881 0.0196078431372549
0 0.6115196078431372 0.3627450980392157 0.014705882352941176 0.013071895424836602
0 0.6200980392156863 0.37990196078431376 0.014705882352941176 0.014705882352941176
0 0.6348039215686274 0.3823529411764706 0.014705882352941176 0.026143790849673203
0 0.6090686274509803 0.4068627450980392 0.02696078431372549 0.0196078431372549
0 0.48284313725490197 0.3709150326797386 0.024509803921568627 0.022875816993464054
0 0.5140931372549019 0.35375816993464054 0.020833333333333332 0.021241830065359478
0 0.5361519607843137 0.35375816993464054 0.015931372549019607 0.021241830065359478
0 0.5140931372549019 0.3227124183006536 0.020833333333333332 0.01797385620915033
0 0.5287990196078431 0.33415032679738566 0.01838235294117647 0.014705882352941176
0 0.5349264705882353 0.3137254901960784 0.020833333333333332 0.022875816993464054
0 0.5514705882352942 0.32189542483660133 0.0196078431372549 0.0196078431372549
0 0.5968137254901961 0.32516339869281047 0.014705882352941176 0.016339869281045753
0 0.6133578431372549 0.33251633986928103 0.013480392156862746 0.014705882352941176
0 0.6200980392156863 0.32026143790849676 0.0196078431372549 0.0196078431372549
0 0.3125 0.36356209150326796 0.0196078431372549 0.01797385620915033
0 0.5551470588235294 0.3709150326797386 0.014705882352941176 0.013071895424836602
0 0.571078431372549 0.3709150326797386 0.01715686274509804 0.016339869281045753
0 0.49754901960784315 0.6053921568627452 0.024509803921568627 0.021241830065359478
0 0.09191176470588235 0.7867647058823529 0.01715686274509804 0.021241830065359478
0 0.11274509803921569 0.8684640522875817 0.024509803921568627 0.01797385620915033
0 0.13725490196078433 0.8668300653594772 0.014705882352941176 0.014705882352941176
0 0.14767156862745098 0.8562091503267975 0.01838235294117647 0.016339869281045753
0 0.4375 0.9052287581699346 0.0196078431372549 0.013071895424836602
