0 0.732843137254902 0.00980392156862745 0.021241830065359478 0.01715686274509804
0 0.763888888888889 0.015318627450980392 0.024509803921568627 0.020833333333333332
0 0.7867647058823529 0.006127450980392157 0.01797385620915033 0.00980392156862745
0 0.8178104575163399 0.014093137254901961 0.01797385620915033 0.025735294117647058
0 0.8047385620915033 0.03308823529411765 0.01797385620915033 0.024509803921568627
0 0.7973856209150327 0.04779411764705882 0.016339869281045753 0.0196078431372549
0 0.8227124183006537 0.04350490196078431 0.021241830065359478 0.025735294117647058
0 0.8267973856209151 0.06678921568627451 0.0196078431372549 0.023284313725490197
0 0.8300653594771242 0.08823529411764705 0.013071895424836602 0.022058823529411763
0 0.8120915032679739 0.11580882352941177 0.013071895424836602 0.023284313725490197
0 0.8120915032679739 0.14154411764705882 0.013071895424836602 0.025735294117647058
0 0.7753267973856209 0.11948529411764705 0.01797385620915033 0.023284313725490197
0 0.792483660130719 0.12622549019607843 0.016339869281045753 0.02696078431372549
0 0.7867647058823529 0.14522058823529413 0.014705882352941176 0.013480392156862746
0 0.7933006535947713 0.16237745098039216 0.024509803921568627 0.020833333333333332
0 0.7818627450980392 0.17095588235294118 0.024509803921568627 0.023284313725490197
0 0.7834967320261438 0.1954656862745098 0.021241830065359478 0.025735294117647058
0 0.7581699346405228 0.2647058823529412 0.0196078431372549 0.02696078431372549
0 0.7777777777777778 0.2653186274509804 0.0196078431372549 0.023284313725490197
0 0.7998366013071896 0.26348039215686275 0.01797385620915033 0.02696078431372549
0 0.6094771241830066 0.664828431372549 0.026143790849673203 0.025735294117647058
0 0.7516339869281046 0.7389705882352942 0.022875816993464054 0.024509803921568627
0 0.7034313725490197 0.8468137254901961 0.021241830065359478 0.022058823529411763
0 0.7401960784313726 0.8498774509803921 0.0196078431372549 0.025735294117647058
0 0.6936274509803921 0.9240196078431372 0.01797385620915033 0.024509803921568627
0 0.744281045751634 0.9111519607843137 0.021241830065359478 0.01838235294117647
0 0.7475490196078431 0.9338235294117647 0.014705882352941176 0.0196078431372549
0 0.7369281045751634 0.9430147058823529 0.0196078431372549 0.01838235294117647
0 0.696078431372549 0.9491421568627451 0.022875816993464054 0.015931372549019607
0 0.7156862745098039 0.9479166666666666 0.016339869281045753 0.020833333333333332
0 0.7279411764705882 0.9626225490196079 0.014705882352941176 0.01838235294117647
0 0.7434640522875817 0.9699754901960784 0.016339869281045753 0.025735294117647058
0 0.7410130718954249 0.9883578431372549 0.01797385620915033 0.015931372549019607
0 0.6968954248366013 0.9926470588235294 0.021241830065359478 0.014705882352941176
0 0.7116013071895425 0.9791666666666666 0.014705882352941176 0.022058823529411763
0 0.7238562091503268 0.9865196078431372 0.013071895424836602 0.024509803921568627
