0 0.9354575163398693 0.2867647058823529 0.03431372549019608 0.03431372549019608
0 0.9477124183006537 0.3118872549019608 0.013071895424836602 0.015931372549019607
0 0.9362745098039216 0.4834558823529412 0.026143790849673203 0.01838235294117647
0 0.6241830065359477 0.46568627450980393 0.016339869281045753 0.01715686274509804
0 0.5964052287581699 0.47855392156862747 0.016339869281045753 0.01838235294117647
0 0.607843137254902 0.49019607843137253 0.016339869281045753 0.01715686274509804
0 0.6119281045751634 0.5055147058823529 0.01797385620915033 0.01838235294117647
0 0.5906862745098039 0.5 0.021241830065359478 0.0196078431372549
0 0.6217320261437909 0.5287990196078431 0.04411764705882353 0.030637254901960783
0 0.6568627450980392 0.5337009803921569 0.0196078431372549 0.023284313725490197
0 0.6683006535947713 0.548406862745098 0.0196078431372549 0.020833333333333332
0 0.6258169934640523 0.5496323529411765 0.0196078431372549 0.020833333333333332
0 0.6209150326797386 0.6133578431372549 0.016339869281045753 0.020833333333333332
0 0.6021241830065359 0.625 0.014705882352941176 0.022058823529411763
0 0.5890522875816994 0.6930147058823529 0.024509803921568627 0.025735294117647058
0 0.5204248366013072 0.6482843137254902 0.021241830065359478 0.022058823529411763
0 0.9460784313725491 0.9197303921568627 0.022875816993464054 0.01838235294117647
0 0.9534313725490197 0.9577205882352942 0.021241830065359478 0.020833333333333332
0 0.5743464052287582 0.8854166666666666 0.02777777777777778 0.01838235294117647
0 0.5751633986928105 0.90625 0.0196078431372549 0.020833333333333332
0 0.5743464052287582 0.9466911764705882 0.01797385620915033 0.020833333333333332
