0 0.5422794117647058 0.2173202614379085 0.023284313725490197 0.022875816993464054
0 0.6599264705882353 0.2099673202614379 0.023284313725490197 0.03104575163398693
0 0.29963235294117646 0.39052287581699346 0.020833333333333332 0.022875816993464054
0 0.31433823529411764 0.4019607843137255 0.020833333333333332 0.0196078431372549
0 0.32230392156862747 0.3823529411764706 0.022058823529411763 0.016339869281045753
0 0.32536764705882354 0.36683006535947715 0.020833333333333332 0.014705882352941176
0 0.38112745098039214 0.39215686274509803 0.022058823529411763 0.0196078431372549
0 0.3805147058823529 0.41258169934640526 0.020833333333333332 0.021241830065359478
0 0.40441176470588236 0.3758169934640523 0.024509803921568627 0.016339869281045753
0 0.42892156862745096 0.41258169934640526 0.0196078431372549 0.01797385620915033
0 0.4577205882352941 0.3839869281045752 0.023284313725490197 0.016339869281045753
0 0.47181372549019607 0.3741830065359477 0.0196078431372549 0.016339869281045753
0 0.4742647058823529 0.4027777777777778 0.022058823529411763 0.021241830065359478
