0 0.009191176470588236 0.9084967320261438 0.015931372549019607 0.029411764705882353
0 0.055759803921568624 0.6756535947712419 0.025735294117647058 0.01797385620915033
0 0.22426470588235295 0.5988562091503268 0.022058823529411763 0.021241830065359478
0 0.05269607843137255 0.6486928104575164 0.03676470588235294 0.026143790849673203
0 0.0784313725490196 0.5514705882352942 0.041666666666666664 0.04411764705882353
0 0.0704656862745098 0.3161764705882353 0.023284313725490197 0.024509803921568627
0 0.09558823529411764 0.2908496732026144 0.022058823529411763 0.032679738562091505
0 0.37683823529411764 0.19526143790849673 0.020833333333333332 0.021241830065359478
0 0.3988970588235294 0.2777777777777778 0.025735294117647058 0.022875816993464054
0 0.4957107843137255 0.5473856209150327 0.025735294117647058 0.026143790849673203
0 0.5343137254901961 0.5857843137254902 0.022058823529411763 0.021241830065359478
0 0.5594362745098039 0.5800653594771242 0.023284313725490197 0.026143790849673203
0 0.8786764705882353 0.9509803921568628 0.022058823529411763 0.0196078431372549
0 0.9528186274509803 0.6380718954248367 0.01838235294117647 0.024509803921568627
0 0.9644607843137255 0.6290849673202614 0.0196078431372549 0.022875816993464054
0 0.9791666666666666 0.619281045751634 0.01715686274509804 0.016339869281045753
