0 0.43137254901960786 0.12806372549019607 0.042483660130718956 0.028186274509803922
0 0.3970588235294118 0.5618872549019608 0.029411764705882353 0.03553921568627451
0 0.2549019607843137 0.6721813725490196 0.032679738562091505 0.023284313725490197
0 0.5759803921568628 0.6488970588235294 0.04411764705882353 0.03553921568627451
0 0.19035947712418302 0.8535539215686274 0.024509803921568627 0.020833333333333332
0 0.2908496732026144 0.7971813725490196 0.022875816993464054 0.025735294117647058
0 0.3790849673202614 0.8180147058823529 0.0392156862745098 0.04534313725490196
0 0.4035947712418301 0.8125 0.022875816993464054 0.024509803921568627
0 0.7263071895424836 0.8345588235294118 0.03104575163398693 0.0392156862745098
0 0.7475490196078431 0.991421568627451 0.02777777777777778 0.01715686274509804
0 0.2034313725490196 0.9675245098039216 0.04411764705882353 0.04044117647058824
0 0.1911764705882353 0.9901960784313726 0.022875816993464054 0.014705882352941176
0 0.3415032679738562 0.9368872549019608 0.032679738562091505 0.04044117647058824
0 0.36356209150326796 0.9240196078431372 0.021241830065359478 0.022058823529411763
0 0.36764705882352944 0.9442401960784313 0.022875816993464054 0.01838235294117647
0 0.369281045751634 0.9675245098039216 0.026143790849673203 0.028186274509803922
0 0.3366013071895425 0.9822303921568627 0.03594771241830066 0.03553921568627451
0 0.3235294117647059 0.9577205882352942 0.022875816993464054 0.01838235294117647
0 0.9754901960784313 0.4742647058823529 0.032679738562091505 0.0392156862745098
0 0.9697712418300654 0.5055147058823529 0.03104575163398693 0.03553921568627451
0 0.9918300653594772 0.6458333333333334 0.016339869281045753 0.029411764705882353
0 0.9918300653594772 0.8094362745098039 0.016339869281045753 0.03553921568627451
