0 0.6838235294117647 0.7683823529411764 0.03431372549019608 0.031862745098039214
0 0.704248366013072 0.7935049019607843 0.022875816993464054 0.030637254901960783
0 0.684640522875817 0.8131127450980392 0.026143790849673203 0.030637254901960783
0 0.704248366013072 0.8241421568627451 0.026143790849673203 0.028186274509803922
0 0.673202614379085 0.8400735294117647 0.032679738562091505 0.020833333333333332
0 0.7009803921568628 0.8535539215686274 0.022875816993464054 0.030637254901960783
0 0.6772875816993464 0.8602941176470588 0.03431372549019608 0.02696078431372549
0 0.6887254901960784 0.8792892156862745 0.02777777777777778 0.03308823529411765
0 0.6952614379084967 0.9031862745098039 0.03104575163398693 0.031862745098039214
0 0.6862745098039216 0.9485294117647058 0.029411764705882353 0.031862745098039214
0 0.690359477124183 0.977328431372549 0.02777777777777778 0.030637254901960783
