0 0.37173202614379086 0.07169117647058823 0.03104575163398693 0.020833333333333332
0 0.3112745098039216 0.06924019607843138 0.01797385620915033 0.020833333333333332
0 0.28839869281045755 0.08823529411764705 0.03104575163398693 0.03676470588235294
0 0.30228758169934644 0.14276960784313725 0.0196078431372549 0.020833333333333332
0 0.3186274509803922 0.1446078431372549 0.0196078431372549 0.01715686274509804
0 0.33496732026143794 0.1568627450980392 0.0196078431372549 0.022058823529411763
0 0.27450980392156865 0.12867647058823528 0.032679738562091505 0.0392156862745098
0 0.25 0.13664215686274508 0.022875816993464054 0.028186274509803922
0 0.26633986928104575 0.16666666666666666 0.032679738562091505 0.03676470588235294
0 0.28513071895424835 0.15502450980392157 0.014705882352941176 0.01838235294117647
0 0.29983660130718953 0.16605392156862744 0.01797385620915033 0.020833333333333332
0 0.309640522875817 0.18443627450980393 0.024509803921568627 0.028186274509803922
0 0.2826797385620915 0.20159313725490197 0.016339869281045753 0.020833333333333332
0 0.3741830065359477 0.22916666666666666 0.0196078431372549 0.022058823529411763
0 0.32189542483660133 0.21629901960784315 0.0196078431372549 0.01838235294117647
0 0.3357843137254902 0.25612745098039214 0.01797385620915033 0.024509803921568627
0 0.30637254901960786 0.2346813725490196 0.01797385620915033 0.01838235294117647
0 0.28594771241830064 0.23529411764705882 0.022875816993464054 0.0196078431372549
0 0.28594771241830064 0.25612745098039214 0.0196078431372549 0.0196078431372549
0 0.2712418300653595 0.26715686274509803 0.022875816993464054 0.02696078431372549
0 0.2687908496732026 0.2965686274509804 0.03104575163398693 0.03676470588235294
0 0.29901960784313725 0.29411764705882354 0.03594771241830066 0.03676470588235294
0 0.32679738562091504 0.31433823529411764 0.0196078431372549 0.020833333333333332
0 0.3104575163398693 0.3174019607843137 0.0196078431372549 0.022058823529411763
0 0.2900326797385621 0.32169117647058826 0.03104575163398693 0.030637254901960783
0 0.2704248366013072 0.32598039215686275 0.01797385620915033 0.0196078431372549
0 0.2769607843137255 0.3443627450980392 0.021241830065359478 0.024509803921568627
0 0.33088235294117646 0.3382352941176471 0.02777777777777778 0.029411764705882353
0 0.3366013071895425 0.42463235294117646 0.032679738562091505 0.03308823529411765
0 0.3553921568627451 0.446078431372549 0.021241830065359478 0.022058823529411763
0 0.3227124183006536 0.45098039215686275 0.02777777777777778 0.029411764705882353
0 0.3423202614379085 0.4681372549019608 0.021241830065359478 0.02696078431372549
0 0.2973856209150327 0.39338235294117646 0.0196078431372549 0.022058823529411763
0 0.30637254901960786 0.42034313725490197 0.01797385620915033 0.022058823529411763
0 0.2834967320261438 0.42769607843137253 0.024509803921568627 0.024509803921568627
0 0.2785947712418301 0.4025735294117647 0.024509803921568627 0.030637254901960783
0 0.26143790849673204 0.4583333333333333 0.0196078431372549 0.024509803921568627
0 0.26633986928104575 0.49754901960784315 0.03594771241830066 0.0392156862745098
0 0.28431372549019607 0.5287990196078431 0.022875816993464054 0.023284313725490197
0 0.29248366013071897 0.5575980392156863 0.0196078431372549 0.024509803921568627
0 0.2916666666666667 0.5857843137254902 0.02777777777777778 0.02696078431372549
0 0.28513071895424835 0.6121323529411765 0.024509803921568627 0.020833333333333332
0 0.2769607843137255 0.6403186274509803 0.02777777777777778 0.015931372549019607
0 0.6429738562091504 0.6188725490196079 0.06372549019607843 0.03676470588235294
0 0.28104575163398693 0.6611519607843137 0.0196078431372549 0.01838235294117647
0 0.25571895424836605 0.6654411764705882 0.03431372549019608 0.031862745098039214
0 0.26633986928104575 0.7132352941176471 0.022875816993464054 0.022058823529411763
0 0.30228758169934644 0.7334558823529411 0.016339869281045753 0.020833333333333332
0 0.22712418300653595 0.7224264705882353 0.026143790849673203 0.023284313725490197
0 0.2434640522875817 0.7352941176470588 0.022875816993464054 0.0196078431372549
0 0.2573529411764706 0.7512254901960784 0.04084967320261438 0.031862745098039214
0 0.30637254901960786 0.7604166666666666 0.01797385620915033 0.01838235294117647
0 0.22630718954248366 0.758578431372549 0.01797385620915033 0.022058823529411763
0 0.23937908496732027 0.7794117647058824 0.03431372549019608 0.029411764705882353
0 0.26633986928104575 0.7757352941176471 0.016339869281045753 0.0196078431372549
0 0.27941176470588236 0.7830882352941176 0.016339869281045753 0.024509803921568627
0 0.29820261437908496 0.7855392156862745 0.021241830065359478 0.022058823529411763
0 0.3700980392156863 0.7947303921568627 0.01797385620915033 0.020833333333333332
0 0.3684640522875817 0.8131127450980392 0.021241830065359478 0.020833333333333332
0 0.26062091503267976 0.8014705882352942 0.03431372549019608 0.03431372549019608
0 0.2573529411764706 0.8259803921568627 0.03758169934640523 0.029411764705882353
0 0.2826797385620915 0.8008578431372549 0.026143790849673203 0.013480392156862746
0 0.2303921568627451 0.7996323529411764 0.026143790849673203 0.023284313725490197
0 0.2246732026143791 0.8161764705882353 0.021241830065359478 0.022058823529411763
0 0.22794117647058823 0.8388480392156863 0.021241830065359478 0.023284313725490197
0 0.27450980392156865 0.8486519607843137 0.0196078431372549 0.01838235294117647
0 0.2834967320261438 0.8590686274509803 0.01797385620915033 0.01715686274509804
0 0.2426470588235294 0.8639705882352942 0.02777777777777778 0.029411764705882353
0 0.2696078431372549 0.8743872549019608 0.029411764705882353 0.015931372549019607
0 0.2173202614379085 0.8713235294117647 0.029411764705882353 0.0392156862745098
0 0.22875816993464054 0.8872549019607843 0.016339869281045753 0.0196078431372549
0 0.24183006535947713 0.8872549019607843 0.016339869281045753 0.0196078431372549
0 0.2630718954248366 0.9166666666666666 0.026143790849673203 0.02696078431372549
0 0.27532679738562094 0.9368872549019608 0.021241830065359478 0.023284313725490197
0 0.309640522875817 0.9736519607843137 0.021241830065359478 0.025735294117647058
0 0.3104575163398693 0.9926470588235294 0.0196078431372549 0.014705882352941176
0 0.22549019607843138 0.9099264705882353 0.022875816993464054 0.028186274509803922
0 0.2434640522875817 0.9215686274509803 0.0196078431372549 0.022058823529411763
0 0.2107843137254902 0.9240196078431372 0.0196078431372549 0.024509803921568627
0 0.20506535947712418 0.9558823529411764 0.02777777777777778 0.031862745098039214
0 0.2303921568627451 0.9540441176470588 0.022875816993464054 0.03308823529411765
0 0.24754901960784315 0.9424019607843137 0.03104575163398693 0.024509803921568627
0 0.2540849673202614 0.9650735294117647 0.021241830065359478 0.020833333333333332
0 0.24836601307189543 0.9803921568627451 0.029411764705882353 0.014705882352941176
0 0.22303921568627452 0.9834558823529411 0.02777777777777778 0.028186274509803922
0 0.05065359477124183 0.9908088235294118 0.026143790849673203 0.01838235294117647
0 0.03758169934640523 0.9883578431372549 0.026143790849673203 0.023284313725490197
0 0.06209150326797386 0.9730392156862745 0.016339869281045753 0.0196078431372549
0 0.03676470588235294 0.96875 0.01797385620915033 0.020833333333333332
0 0.008986928104575164 0.9705882352941176 0.014705882352941176 0.022058823529411763
0 0.01388888888888889 0.985906862745098 0.021241830065359478 0.015931372549019607
0 0.05473856209150327 0.9368872549019608 0.021241830065359478 0.025735294117647058
0 0.01797385620915033 0.9497549019607843 0.029411764705882353 0.029411764705882353
0 0.07026143790849673 0.8982843137254902 0.026143790849673203 0.03431372549019608
0 0.031862745098039214 0.8578431372549019 0.03431372549019608 0.03431372549019608
0 0.0661764705882353 0.8229166666666666 0.024509803921568627 0.03308823529411765
0 0.028594771241830068 0.8125 0.01797385620915033 0.01715686274509804
0 0.042483660130718956 0.8088235294117647 0.0196078431372549 0.01715686274509804
0 0.008986928104575164 0.7689950980392157 0.014705882352941176 0.020833333333333332
0 0.032679738562091505 0.7561274509803921 0.03594771241830066 0.024509803921568627
0 0.08496732026143791 0.7218137254901961 0.026143790849673203 0.031862745098039214
0 0.07434640522875817 0.7426470588235294 0.021241830065359478 0.012254901960784314
0 0.07026143790849673 0.7886029411764706 0.026143790849673203 0.030637254901960783
0 0.04820261437908497 0.7763480392156863 0.03104575163398693 0.01838235294117647
0 0.032679738562091505 0.7910539215686274 0.04575163398692811 0.023284313725490197
0 0.01388888888888889 0.7009803921568627 0.024509803921568627 0.022058823529411763
0 0.008986928104575164 0.6642156862745098 0.014705882352941176 0.024509803921568627
0 0.016339869281045753 0.6458333333333334 0.029411764705882353 0.022058823529411763
0 0.018790849673202614 0.6256127450980392 0.03104575163398693 0.020833333333333332
0 0.008169934640522876 0.6090686274509803 0.013071895424836602 0.029411764705882353
0 0.04656862745098039 0.6096813725490196 0.021241830065359478 0.023284313725490197
0 0.08741830065359478 0.6121323529411765 0.01797385620915033 0.028186274509803922
0 0.056372549019607844 0.5900735294117647 0.01797385620915033 0.020833333333333332
0 0.07107843137254902 0.5790441176470588 0.01797385620915033 0.01838235294117647
0 0.032679738562091505 0.5808823529411765 0.032679738562091505 0.03676470588235294
0 0.026143790849673203 0.5594362745098039 0.0196078431372549 0.01838235294117647
0 0.09150326797385622 0.5361519607843137 0.022875816993464054 0.025735294117647058
0 0.07924836601307189 0.5281862745098039 0.01797385620915033 0.01715686274509804
0 0.04656862745098039 0.5349264705882353 0.03431372549019608 0.03308823529411765
0 0.013071895424836602 0.4889705882352941 0.022875816993464054 0.029411764705882353
0 0.06699346405228758 0.5091911764705882 0.016339869281045753 0.020833333333333332
0 0.08169934640522876 0.508578431372549 0.0196078431372549 0.0196078431372549
0 0.09640522875816994 0.5091911764705882 0.0196078431372549 0.020833333333333332
0 0.08496732026143791 0.48713235294117646 0.0196078431372549 0.023284313725490197
0 0.09967320261437909 0.4810049019607843 0.022875816993464054 0.023284313725490197
0 0.05473856209150327 0.4693627450980392 0.01797385620915033 0.01715686274509804
0 0.08088235294117647 0.46017156862745096 0.014705882352941176 0.01838235294117647
0 0.01388888888888889 0.46017156862745096 0.021241830065359478 0.015931372549019607
0 0.011437908496732027 0.44362745098039214 0.0196078431372549 0.0196078431372549
0 0.015522875816993464 0.41911764705882354 0.02777777777777778 0.01715686274509804
0 0.06127450980392157 0.39828431372549017 0.02777777777777778 0.029411764705882353
0 0.0727124183006536 0.4117647058823529 0.03104575163398693 0.01715686274509804
0 0.09395424836601307 0.4227941176470588 0.024509803921568627 0.01715686274509804
0 0.09885620915032681 0.4074754901960784 0.024509803921568627 0.01838235294117647
0 0.11683006535947713 0.3676470588235294 0.01797385620915033 0.02696078431372549
0 0.1119281045751634 0.34375 0.024509803921568627 0.030637254901960783
0 0.08251633986928104 0.31556372549019607 0.01797385620915033 0.020833333333333332
0 0.1053921568627451 0.3137254901960784 0.024509803921568627 0.014705882352941176
0 0.10784313725490197 0.27450980392156865 0.0196078431372549 0.024509803921568627
0 0.09150326797385622 0.2555147058823529 0.016339869281045753 0.020833333333333332
0 0.12009803921568628 0.23713235294117646 0.01797385620915033 0.013480392156862746
0 0.09640522875816994 0.22855392156862744 0.022875816993464054 0.028186274509803922
0 0.11683006535947713 0.22058823529411764 0.01797385620915033 0.029411764705882353
0 0.12826797385620917 0.19607843137254902 0.014705882352941176 0.022058823529411763
0 0.12663398692810457 0.17034313725490197 0.02777777777777778 0.029411764705882353
0 0.11356209150326797 0.18627450980392157 0.021241830065359478 0.014705882352941176
0 0.11601307189542484 0.19852941176470587 0.016339869281045753 0.01715686274509804
0 0.09722222222222222 0.1685049019607843 0.03431372549019608 0.03799019607843137
0 0.1323529411764706 0.13970588235294118 0.0196078431372549 0.029411764705882353
0 0.11764705882352941 0.12622549019607843 0.0196078431372549 0.02696078431372549
0 0.09068627450980392 0.11397058823529412 0.024509803921568627 0.029411764705882353
0 0.12745098039215685 0.08455882352941177 0.026143790849673203 0.03431372549019608
0 0.0857843137254902 0.08823529411764705 0.01797385620915033 0.0196078431372549
0 0.03839869281045752 0.08394607843137254 0.024509803921568627 0.020833333333333332
0 0.05228758169934641 0.09129901960784313 0.0196078431372549 0.015931372549019607
0 0.04656862745098039 0.10294117647058823 0.01797385620915033 0.0196078431372549
0 0.029411764705882353 0.09987745098039215 0.0196078431372549 0.015931372549019607
0 0.022875816993464054 0.11090686274509803 0.0392156862745098 0.03553921568627451
0 0.04575163398692811 0.12071078431372549 0.0196078431372549 0.023284313725490197
0 0.10294117647058824 0.005514705882352941 0.022875816993464054 0.00857843137254902
0 0.1053921568627451 0.02144607843137255 0.021241830065359478 0.023284313725490197
0 0.12826797385620917 0.020833333333333332 0.02777777777777778 0.03431372549019608
0 0.11764705882352941 0.04350490196078431 0.016339869281045753 0.020833333333333332
0 0.12581699346405228 0.055759803921568624 0.0196078431372549 0.025735294117647058
0 0.06454248366013073 0.0661764705882353 0.01797385620915033 0.022058823529411763
