0 0.22549019607843138 0.05943627450980392 0.026143790849673203 0.028186274509803922
0 0.058823529411764705 0.13051470588235295 0.029411764705882353 0.04044117647058824
0 0.08496732026143791 0.13664215686274508 0.022875816993464054 0.020833333333333332
0 0.05392156862745098 0.16176470588235295 0.016339869281045753 0.01715686274509804
0 0.16666666666666669 0.16973039215686275 0.0196078431372549 0.023284313725490197
0 0.18137254901960784 0.1875 0.022875816993464054 0.0196078431372549
0 0.1895424836601307 0.16605392156862744 0.0196078431372549 0.01838235294117647
0 0.20016339869281047 0.18259803921568626 0.021241830065359478 0.024509803921568627
0 0.22222222222222224 0.15625 0.022875816993464054 0.023284313725490197
0 0.04411764705882353 0.4117647058823529 0.0196078431372549 0.024509803921568627
0 0.0661764705882353 0.5361519607843137 0.014705882352941176 0.023284313725490197
0 0.06372549019607843 0.6783088235294118 0.013071895424836602 0.020833333333333332
0 0.04166666666666667 0.6936274509803921 0.014705882352941176 0.0196078431372549
0 0.05473856209150327 0.7371323529411764 0.021241830065359478 0.020833333333333332
0 0.5498366013071896 0.8572303921568627 0.02777777777777778 0.030637254901960783
0 0.06290849673202614 0.8939950980392156 0.014705882352941176 0.023284313725490197
0 0.06781045751633988 0.9172794117647058 0.021241830065359478 0.01838235294117647
0 0.4861111111111111 0.9583333333333334 0.03104575163398693 0.031862745098039214
0 0.3709150326797386 0.9908088235294118 0.026143790849673203 0.01838235294117647
