0 0.06924019607843138 0.12009803921568628 0.028186274509803922 0.02777777777777778
0 0.07475490196078431 0.10212418300653595 0.0196078431372549 0.014705882352941176
0 0.11274509803921569 0.11764705882352941 0.041666666666666664 0.0392156862745098
0 0.13602941176470587 0.1380718954248366 0.0196078431372549 0.014705882352941176
0 0.14583333333333334 0.12091503267973856 0.0196078431372549 0.0196078431372549
0 0.02696078431372549 0.4624183006535948 0.024509803921568627 0.0196078431372549
0 0.05514705882352941 0.45588235294117646 0.031862745098039214 0.026143790849673203
0 0.011642156862745098 0.6446078431372549 0.020833333333333332 0.024509803921568627
0 0.05759803921568627 0.6143790849673203 0.024509803921568627 0.016339869281045753
0 0.052083333333333336 0.6805555555555556 0.023284313725490197 0.024509803921568627
0 0.0704656862745098 0.6633986928104575 0.011029411764705881 0.029411764705882353
0 0.08823529411764705 0.6593137254901961 0.022058823529411763 0.021241830065359478
0 0.11029411764705882 0.6568627450980392 0.022058823529411763 0.032679738562091505
0 0.1329656862745098 0.6707516339869282 0.025735294117647058 0.04084967320261438
0 0.3235294117647059 0.8937908496732027 0.029411764705882353 0.022875816993464054
0 0.3425245098039216 0.5261437908496732 0.025735294117647058 0.022875816993464054
0 0.5410539215686274 0.11356209150326797 0.025735294117647058 0.024509803921568627
0 0.5808823529411765 0.1715686274509804 0.02696078431372549 0.029411764705882353
0 0.5980392156862745 0.13071895424836602 0.031862745098039214 0.029411764705882353
0 0.6311274509803921 0.13970588235294118 0.0196078431372549 0.021241830065359478
0 0.8186274509803921 0.14705882352941177 0.02696078431372549 0.026143790849673203
0 0.9607843137254902 0.1527777777777778 0.044117647058823525 0.03104575163398693
0 0.96875 0.18382352941176472 0.020833333333333332 0.021241830065359478
