0 0.1527777777777778 0.13112745098039216 0.05065359477124183 0.058823529411764705
0 0.15114379084967322 0.20465686274509803 0.01797385620915033 0.024509803921568627
0 0.8129084967320261 0.1881127450980392 0.03104575163398693 0.030637254901960783
0 0.8284313725490197 0.2689950980392157 0.0196078431372549 0.028186274509803922
0 0.238562091503268 0.38909313725490197 0.029411764705882353 0.025735294117647058
0 0.16584967320261437 0.6893382352941176 0.02777777777777778 0.028186274509803922
0 0.19035947712418302 0.7169117647058824 0.021241830065359478 0.022058823529411763
0 0.18218954248366015 0.7965686274509803 0.021241830065359478 0.0196078431372549
0 0.19607843137254902 0.8118872549019608 0.0196078431372549 0.020833333333333332
0 0.1968954248366013 0.8345588235294118 0.024509803921568627 0.024509803921568627
