0 0.43995098039215685 0.1715686274509804 0.031862745098039214 0.029411764705882353
0 0.011642156862745098 0.5277777777777778 0.020833333333333332 0.022875816993464054
0 0.3627450980392157 0.5637254901960784 0.024509803921568627 0.0196078431372549
0 0.31862745098039214 0.6184640522875817 0.02696078431372549 0.03104575163398693
0 0.6973039215686274 0.7483660130718954 0.02696078431372549 0.0196078431372549
0 0.7077205882352942 0.7704248366013072 0.023284313725490197 0.024509803921568627
0 0.3290441176470588 0.8758169934640523 0.028186274509803922 0.022875816993464054
0 0.33517156862745096 0.9101307189542484 0.023284313725490197 0.0196078431372549
0 0.39215686274509803 0.8929738562091504 0.022058823529411763 0.02777777777777778
0 0.36213235294117646 0.9730392156862745 0.023284313725490197 0.01797385620915033
0 0.3707107843137255 0.9370915032679739 0.023284313725490197 0.02777777777777778
0 0.40625 0.9281045751633987 0.023284313725490197 0.0196078431372549
0 0.5073529411764706 0.9419934640522876 0.022058823529411763 0.01797385620915033
0 0.5441176470588235 0.934640522875817 0.024509803921568627 0.029411764705882353
0 0.5753676470588235 0.9730392156862745 0.025735294117647058 0.021241830065359478
0 0.4963235294117647 0.9738562091503268 0.024509803921568627 0.016339869281045753
0 0.4540441176470588 0.9640522875816994 0.01838235294117647 0.013071895424836602
0 0.4675245098039216 0.977124183006536 0.023284313725490197 0.016339869281045753
0 0.4338235294117647 0.9820261437908497 0.024509803921568627 0.0196078431372549
0 0.7352941176470588 0.9035947712418301 0.024509803921568627 0.026143790849673203
0 0.7769607843137255 0.9158496732026145 0.029411764705882353 0.02777777777777778
0 0.7824754901960784 0.9836601307189543 0.025735294117647058 0.0196078431372549
0 0.8094362745098039 0.9901960784313726 0.023284313725490197 0.0196078431372549
