0 0.9109477124183006 0.012867647058823529 0.01797385620915033 0.023284313725490197
0 0.9272875816993464 0.3069852941176471 0.024509803921568627 0.030637254901960783
0 0.9297385620915033 0.3321078431372549 0.022875816993464054 0.024509803921568627
0 0.7222222222222222 0.3903186274509804 0.022875816993464054 0.025735294117647058
0 0.9223856209150327 0.42953431372549017 0.03758169934640523 0.030637254901960783
0 0.9379084967320261 0.4528186274509804 0.016339869281045753 0.023284313725490197
0 0.9191176470588236 0.4497549019607843 0.021241830065359478 0.02696078431372549
0 0.9207516339869282 0.4889705882352941 0.01797385620915033 0.022058823529411763
0 0.9330065359477124 0.49019607843137253 0.0196078431372549 0.0196078431372549
0 0.9223856209150327 0.6372549019607843 0.01797385620915033 0.029411764705882353
0 0.6879084967320261 0.5637254901960784 0.0392156862745098 0.03431372549019608
0 0.7875816993464052 0.6501225490196079 0.029411764705882353 0.025735294117647058
0 0.7532679738562091 0.8333333333333334 0.022875816993464054 0.024509803921568627
0 0.940359477124183 0.8615196078431372 0.021241830065359478 0.0196078431372549
