0 0.14133986928104575 0.27512254901960786 0.021241830065359478 0.01838235294117647
0 0.43709150326797386 0.20955882352941177 0.024509803921568627 0.029411764705882353
0 0.9656862745098039 0.18872549019607843 0.022875816993464054 0.02696078431372549
0 0.8643790849673203 0.21752450980392157 0.0196078431372549 0.025735294117647058
0 0.863562091503268 0.23958333333333334 0.02777777777777778 0.015931372549019607
0 0.8700980392156863 0.2542892156862745 0.021241830065359478 0.01838235294117647
0 0.8897058823529412 0.2493872549019608 0.021241830065359478 0.025735294117647058
0 0.8995098039215687 0.27512254901960786 0.014705882352941176 0.020833333333333332
0 0.8864379084967321 0.2818627450980392 0.014705882352941176 0.024509803921568627
0 0.8366013071895425 0.2867647058823529 0.0196078431372549 0.01715686274509804
0 0.8406862745098039 0.3069852941176471 0.014705882352941176 0.01838235294117647
0 0.8349673202614379 0.32965686274509803 0.0196078431372549 0.024509803921568627
0 0.8643790849673203 0.33578431372549017 0.0196078431372549 0.022058823529411763
0 0.852124183006536 0.3897058823529412 0.021241830065359478 0.022058823529411763
0 0.857843137254902 0.45955882352941174 0.016339869281045753 0.031862745098039214
0 0.8562091503267975 0.48713235294117646 0.0196078431372549 0.020833333333333332
0 0.8406862745098039 0.4944852941176471 0.021241830065359478 0.030637254901960783
0 0.863562091503268 0.5098039215686274 0.014705882352941176 0.01715686274509804
0 0.8455882352941176 0.5300245098039216 0.014705882352941176 0.023284313725490197
0 0.863562091503268 0.5318627450980392 0.01797385620915033 0.01715686274509804
0 0.8553921568627452 0.548406862745098 0.011437908496732027 0.015931372549019607
0 0.8594771241830066 0.5686274509803921 0.022875816993464054 0.022058823529411763
0 0.8243464052287582 0.5882352941176471 0.021241830065359478 0.0196078431372549
0 0.8464052287581699 0.5925245098039216 0.022875816993464054 0.023284313725490197
0 0.8668300653594772 0.6121323529411765 0.014705882352941176 0.020833333333333332
0 0.8243464052287582 0.6053921568627451 0.03104575163398693 0.0196078431372549
0 0.8431372549019608 0.625 0.022875816993464054 0.02696078431372549
0 0.738562091503268 0.6274509803921569 0.016339869281045753 0.024509803921568627
0 0.7818627450980392 0.6887254901960784 0.014705882352941176 0.0196078431372549
0 0.7581699346405228 0.7126225490196079 0.022875816993464054 0.020833333333333332
0 0.7785947712418301 0.7126225490196079 0.01797385620915033 0.023284313725490197
0 0.8488562091503268 0.7162990196078431 0.021241830065359478 0.028186274509803922
0 0.7745098039215687 0.7371323529411764 0.0196078431372549 0.020833333333333332
0 0.7965686274509804 0.7389705882352942 0.01797385620915033 0.02696078431372549
0 0.7785947712418301 0.7598039215686274 0.024509803921568627 0.02696078431372549
0 0.7818627450980392 0.7904411764705882 0.024509803921568627 0.02696078431372549
0 0.7818627450980392 0.8143382352941176 0.01797385620915033 0.020833333333333332
0 0.803921568627451 0.8253676470588235 0.026143790849673203 0.025735294117647058
0 0.7598039215686275 0.8321078431372549 0.016339869281045753 0.024509803921568627
0 0.7753267973856209 0.8406862745098039 0.01797385620915033 0.022058823529411763
0 0.7949346405228759 0.8511029411764706 0.01797385620915033 0.023284313725490197
0 0.7573529411764706 0.8541666666666666 0.01797385620915033 0.022058823529411763
0 0.7826797385620915 0.8688725490196079 0.029411764705882353 0.029411764705882353
0 0.7573529411764706 0.8762254901960784 0.02777777777777778 0.024509803921568627
0 0.8186274509803921 0.8762254901960784 0.026143790849673203 0.0196078431372549
0 0.8423202614379085 0.8829656862745098 0.014705882352941176 0.023284313725490197
0 0.8267973856209151 0.892156862745098 0.013071895424836602 0.01715686274509804
0 0.8145424836601307 0.9037990196078431 0.021241830065359478 0.023284313725490197
0 0.8341503267973857 0.9111519607843137 0.01797385620915033 0.023284313725490197
0 0.8398692810457516 0.9344362745098039 0.016339869281045753 0.020833333333333332
0 0.7769607843137255 0.9111519607843137 0.01797385620915033 0.023284313725490197
0 0.8088235294117647 0.9442401960784313 0.029411764705882353 0.020833333333333332
0 0.8145424836601307 0.9644607843137255 0.021241830065359478 0.0196078431372549
0 0.823529411764706 0.9846813725490196 0.022875816993464054 0.013480392156862746
0 0.7205882352941176 0.9877450980392156 0.022875816993464054 0.022058823529411763
