0 0.11029411764705882 0.49080882352941174 0.02777777777777778 0.023284313725490197
0 0.059640522875817 0.34129901960784315 0.024509803921568627 0.023284313725490197
0 0.11029411764705882 0.5465686274509803 0.02777777777777778 0.022058823529411763
0 0.09722222222222222 0.5698529411764706 0.03758169934640523 0.03431372549019608
0 0.11029411764705882 0.6121323529411765 0.024509803921568627 0.023284313725490197
0 0.13398692810457516 0.610906862745098 0.022875816993464054 0.020833333333333332
0 0.10130718954248366 0.6262254901960784 0.022875816993464054 0.024509803921568627
0 0.11437908496732027 0.6384803921568627 0.026143790849673203 0.01715686274509804
0 0.0727124183006536 0.6685049019607843 0.03431372549019608 0.030637254901960783
0 0.08006535947712419 0.6924019607843137 0.022875816993464054 0.0196078431372549
0 0.09885620915032681 0.7028186274509803 0.03431372549019608 0.030637254901960783
0 0.10130718954248366 0.7248774509803921 0.029411764705882353 0.01838235294117647
0 0.08415032679738563 0.7310049019607843 0.021241830065359478 0.01838235294117647
0 0.06045751633986928 0.704656862745098 0.029411764705882353 0.0196078431372549
0 0.06045751633986928 0.7242647058823529 0.026143790849673203 0.02696078431372549
0 0.056372549019607844 0.7604166666666666 0.02777777777777778 0.030637254901960783
0 0.0857843137254902 0.8253676470588235 0.03758169934640523 0.03308823529411765
