0 0.2687908496732026 0.5931372549019608 0.021241830065359478 0.02696078431372549
0 0.24591503267973858 0.6378676470588235 0.024509803921568627 0.025735294117647058
0 0.21568627450980393 0.6776960784313726 0.026143790849673203 0.024509803921568627
0 0.24101307189542484 0.8756127450980392 0.02777777777777778 0.025735294117647058
0 0.21568627450980393 0.9362745098039216 0.029411764705882353 0.022058823529411763
0 0.20669934640522877 0.9528186274509803 0.024509803921568627 0.023284313725490197
0 0.24754901960784315 0.9797794117647058 0.02777777777777778 0.020833333333333332
0 0.11683006535947713 0.8633578431372549 0.021241830065359478 0.023284313725490197
0 0.08088235294117647 0.8590686274509803 0.02777777777777778 0.0196078431372549
0 0.09558823529411765 0.8762254901960784 0.03104575163398693 0.0196078431372549
0 0.12173202614379085 0.9074754901960784 0.01797385620915033 0.023284313725490197
0 0.08496732026143791 0.9087009803921569 0.029411764705882353 0.025735294117647058
0 0.10130718954248366 0.9197303921568627 0.029411764705882353 0.01838235294117647
0 0.10294117647058824 0.9399509803921569 0.0196078431372549 0.022058823529411763
0 0.08251633986928104 0.9448529411764706 0.024509803921568627 0.024509803921568627
0 0.09722222222222222 0.9626225490196079 0.01797385620915033 0.020833333333333332
0 0.07679738562091504 0.9626225490196079 0.0196078431372549 0.023284313725490197
0 0.07189542483660132 0.9803921568627451 0.0196078431372549 0.022058823529411763
0 0.018790849673202614 0.9865196078431372 0.02777777777777778 0.0196078431372549
0 0.0196078431372549 0.9705882352941176 0.029411764705882353 0.01715686274509804
0 0.03758169934640523 0.954656862745098 0.0196078431372549 0.0196078431372549
0 0.04656862745098039 0.9399509803921569 0.01797385620915033 0.0196078431372549
0 0.02696078431372549 0.9509803921568627 0.01797385620915033 0.022058823529411763
0 0.0392156862745098 0.9172794117647058 0.0196078431372549 0.023284313725490197
0 0.03104575163398693 0.9319852941176471 0.0196078431372549 0.020833333333333332
0 0.022875816993464054 0.9123774509803921 0.022875816993464054 0.023284313725490197
