0 0.01797385620915033 0.3014705882352941 0.032679738562091505 0.029411764705882353
0 0.14052287581699346 0.10110294117647059 0.0196078431372549 0.025735294117647058
0 0.18382352941176472 0.12377450980392157 0.01797385620915033 0.02696078431372549
0 0.16258169934640523 0.33578431372549017 0.03758169934640523 0.022058823529411763
0 0.22058823529411764 0.5134803921568627 0.022875816993464054 0.031862745098039214
0 0.3496732026143791 0.2892156862745098 0.029411764705882353 0.02696078431372549
0 0.3888888888888889 0.24142156862745098 0.026143790849673203 0.02696078431372549
0 0.44526143790849676 0.09620098039215687 0.03431372549019608 0.028186274509803922
0 0.5531045751633987 0.025735294117647058 0.024509803921568627 0.029411764705882353
0 0.6691176470588236 0.20036764705882354 0.02777777777777778 0.03308823529411765
0 0.6887254901960784 0.22855392156862744 0.03104575163398693 0.03308823529411765
0 0.738562091503268 0.44424019607843135 0.03594771241830066 0.030637254901960783
0 0.6936274509803921 0.5392156862745098 0.03104575163398693 0.024509803921568627
0 0.5996732026143791 0.7426470588235294 0.05228758169934641 0.02696078431372549
0 0.7434640522875817 0.6752450980392157 0.029411764705882353 0.029411764705882353
0 0.01388888888888889 0.8805147058823529 0.024509803921568627 0.025735294117647058
0 0.022875816993464054 0.9136029411764706 0.029411764705882353 0.030637254901960783
0 0.17973856209150327 0.15073529411764705 0.026143790849673203 0.022058823529411763
