0 0.07761437908496732 0.0545343137254902 0.021241830065359478 0.015931372549019607
0 0.10212418300653595 0.061274509803921566 0.02777777777777778 0.01715686274509804
0 0.0196078431372549 0.09865196078431372 0.03594771241830066 0.03799019607843137
0 0.012254901960784314 0.2181372549019608 0.021241830065359478 0.022058823529411763
0 0.012254901960784314 0.3008578431372549 0.021241830065359478 0.023284313725490197
0 0.015522875816993464 0.3939950980392157 0.021241830065359478 0.020833333333333332
0 0.07598039215686275 0.41605392156862747 0.024509803921568627 0.028186274509803922
0 0.5571895424836601 0.41237745098039214 0.03594771241830066 0.04044117647058824
0 0.5375816993464052 0.4050245098039216 0.013071895424836602 0.020833333333333332
0 0.5498366013071896 0.4424019607843137 0.014705882352941176 0.01715686274509804
0 0.5669934640522876 0.4417892156862745 0.0196078431372549 0.01838235294117647
0 0.5302287581699346 0.4319852941176471 0.024509803921568627 0.01838235294117647
0 0.5310457516339869 0.44730392156862747 0.026143790849673203 0.01715686274509804
0 0.22957516339869283 0.6060049019607843 0.01797385620915033 0.023284313725490197
0 0.29983660130718953 0.7071078431372549 0.021241830065359478 0.024509803921568627
