0 0.08496732026143791 0.14950980392156862 0.029411764705882353 0.024509803921568627
0 0.08660130718954248 0.18075980392156862 0.05228758169934641 0.04779411764705882
0 0.13480392156862744 0.21200980392156862 0.03104575163398693 0.022058823529411763
0 0.09803921568627451 0.5079656862745098 0.022875816993464054 0.025735294117647058
0 0.11846405228758171 0.5269607843137255 0.03758169934640523 0.031862745098039214
0 0.09640522875816994 0.5324754901960784 0.0196078431372549 0.030637254901960783
0 0.11764705882352941 0.5557598039215687 0.022875816993464054 0.023284313725490197
0 0.09803921568627451 0.5649509803921569 0.026143790849673203 0.02696078431372549
0 0.12990196078431374 0.6047794117647058 0.024509803921568627 0.023284313725490197
0 0.10375816993464053 0.6207107843137255 0.03104575163398693 0.03553921568627451
0 0.14460784313725492 0.946078431372549 0.04738562091503268 0.04656862745098039
