0 0.125 0.06556372549019608 0.021241830065359478 0.025735294117647058
0 0.12745098039215685 0.09313725490196079 0.016339869281045753 0.022058823529411763
0 0.11683006535947713 0.11642156862745098 0.021241830065359478 0.024509803921568627
0 0.1323529411764706 0.11825980392156862 0.0196078431372549 0.013480392156862746
0 0.13643790849673204 0.13480392156862744 0.01797385620915033 0.022058823529411763
0 0.09313725490196079 0.12990196078431374 0.026143790849673203 0.029411764705882353
0 0.07516339869281045 0.12745098039215685 0.0196078431372549 0.022058823529411763
0 0.07189542483660132 0.1488970588235294 0.022875816993464054 0.023284313725490197
0 0.07761437908496732 0.1758578431372549 0.014705882352941176 0.01838235294117647
0 0.12826797385620917 0.1556372549019608 0.01797385620915033 0.0196078431372549
0 0.12826797385620917 0.17524509803921567 0.01797385620915033 0.0196078431372549
0 0.07189542483660132 0.19669117647058823 0.022875816993464054 0.020833333333333332
0 0.09967320261437909 0.19730392156862744 0.016339869281045753 0.022058823529411763
0 0.08905228758169935 0.21017156862745098 0.01797385620915033 0.020833333333333332
0 0.12173202614379085 0.2107843137254902 0.014705882352941176 0.0196078431372549
0 0.12990196078431374 0.19362745098039216 0.014705882352941176 0.0196078431372549
0 0.12663398692810457 0.22426470588235295 0.01797385620915033 0.0196078431372549
0 0.13316993464052287 0.24080882352941177 0.01797385620915033 0.023284313725490197
0 0.1380718954248366 0.2775735294117647 0.01797385620915033 0.020833333333333332
0 0.10702614379084968 0.2230392156862745 0.021241830065359478 0.022058823529411763
0 0.119281045751634 0.24142156862745098 0.016339869281045753 0.0196078431372549
0 0.12418300653594772 0.2616421568627451 0.0196078431372549 0.025735294117647058
0 0.09885620915032681 0.23529411764705882 0.021241830065359478 0.0196078431372549
0 0.10212418300653595 0.25306372549019607 0.021241830065359478 0.023284313725490197
