0 0.12745098039215685 0.03839869281045752 0.031862745098039214 0.02777777777777778
0 0.1636029411764706 0.10049019607843138 0.025735294117647058 0.03104575163398693
0 0.07536764705882353 0.3382352941176471 0.03308823529411765 0.04575163398692811
0 0.07720588235294118 0.4534313725490196 0.022058823529411763 0.02777777777777778
0 0.2610294117647059 0.21486928104575165 0.0196078431372549 0.02777777777777778
0 0.2555147058823529 0.35784313725490197 0.023284313725490197 0.0196078431372549
0 0.3229166666666667 0.37826797385620914 0.023284313725490197 0.024509803921568627
0 0.3713235294117647 0.3643790849673203 0.024509803921568627 0.022875816993464054
0 0.44362745098039214 0.3831699346405229 0.031862745098039214 0.03104575163398693
0 0.47058823529411764 0.3741830065359477 0.0196078431372549 0.022875816993464054
0 0.5030637254901961 0.4019607843137255 0.020833333333333332 0.029411764705882353
0 0.48590686274509803 0.434640522875817 0.023284313725490197 0.013071895424836602
0 0.5018382352941176 0.17647058823529413 0.025735294117647058 0.029411764705882353
0 0.37745098039215685 0.04575163398692811 0.029411764705882353 0.016339869281045753
0 0.5275735294117647 0.05800653594771242 0.023284313725490197 0.01797385620915033
0 0.5508578431372549 0.05473856209150327 0.01838235294117647 0.01797385620915033
0 0.5698529411764706 0.06862745098039216 0.01715686274509804 0.0196078431372549
0 0.3988970588235294 0.5906862745098039 0.025735294117647058 0.024509803921568627
0 0.4056372549019608 0.6127450980392157 0.024509803921568627 0.0196078431372549
0 0.4215686274509804 0.6290849673202614 0.024509803921568627 0.0196078431372549
0 0.4221813725490196 0.5964052287581699 0.023284313725490197 0.016339869281045753
0 0.4325980392156863 0.613562091503268 0.029411764705882353 0.021241830065359478
0 0.446078431372549 0.6372549019607844 0.022058823529411763 0.022875816993464054
0 0.4736519607843137 0.7377450980392157 0.020833333333333332 0.03104575163398693
0 0.5435049019607843 0.6576797385620915 0.020833333333333332 0.021241830065359478
0 0.5686274509803921 0.6217320261437909 0.024509803921568627 0.02777777777777778
0 0.5912990196078431 0.6397058823529412 0.020833333333333332 0.021241830065359478
0 0.6035539215686274 0.6568627450980392 0.023284313725490197 0.0196078431372549
0 0.6237745098039216 0.6715686274509804 0.02696078431372549 0.026143790849673203
0 0.6268382352941176 0.6143790849673203 0.025735294117647058 0.032679738562091505
0 0.6470588235294118 0.6241830065359477 0.022058823529411763 0.0196078431372549
0 0.6580882352941176 0.607843137254902 0.024509803921568627 0.022875816993464054
0 0.5128676470588235 0.22140522875816995 0.028186274509803922 0.02777777777777778
0 0.6017156862745098 0.06372549019607843 0.024509803921568627 0.013071895424836602
0 0.6299019607843137 0.04738562091503268 0.024509803921568627 0.016339869281045753
0 0.6397058823529411 0.06209150326797386 0.012254901960784314 0.013071895424836602
0 0.5900735294117647 0.08251633986928104 0.023284313725490197 0.01797385620915033
0 0.602328431372549 0.10049019607843138 0.01838235294117647 0.03104575163398693
0 0.6194852941176471 0.09803921568627451 0.01838235294117647 0.016339869281045753
0 0.6397058823529411 0.09967320261437909 0.022058823529411763 0.016339869281045753
0 0.6697303921568627 0.10049019607843138 0.020833333333333332 0.021241830065359478
0 0.7916666666666666 0.09803921568627451 0.024509803921568627 0.0196078431372549
0 0.7665441176470588 0.11274509803921569 0.030637254901960783 0.026143790849673203
0 0.7567401960784313 0.13562091503267976 0.023284313725490197 0.0196078431372549
0 0.7616421568627451 0.15849673202614378 0.011029411764705881 0.0196078431372549
0 0.78125 0.13725490196078433 0.020833333333333332 0.0196078431372549
0 0.8216911764705882 0.2107843137254902 0.023284313725490197 0.026143790849673203
0 0.8370098039215687 0.12908496732026145 0.022058823529411763 0.029411764705882353
0 0.8131127450980392 0.12745098039215685 0.025735294117647058 0.026143790849673203
0 0.8958333333333334 0.07598039215686275 0.022058823529411763 0.014705882352941176
0 0.9142156862745098 0.08823529411764706 0.024509803921568627 0.013071895424836602
0 0.9393382352941176 0.08986928104575163 0.025735294117647058 0.016339869281045753
0 0.9589460784313726 0.09150326797385622 0.01838235294117647 0.016339869281045753
0 0.9822303921568627 0.08823529411764706 0.020833333333333332 0.0196078431372549
0 0.9381127450980392 0.10620915032679738 0.025735294117647058 0.013071895424836602
0 0.9142156862745098 0.11274509803921569 0.024509803921568627 0.0196078431372549
0 0.8265931372549019 0.10866013071895425 0.023284313725490197 0.014705882352941176
0 0.8970588235294118 0.20016339869281047 0.024509803921568627 0.024509803921568627
0 0.9172794117647058 0.20833333333333334 0.01838235294117647 0.024509803921568627
0 0.9227941176470588 0.2508169934640523 0.022058823529411763 0.03104575163398693
0 0.9344362745098039 0.27450980392156865 0.025735294117647058 0.0196078431372549
0 0.7022058823529411 0.4035947712418301 0.022058823529411763 0.022875816993464054
0 0.7248774509803921 0.4068627450980392 0.023284313725490197 0.029411764705882353
0 0.6979166666666666 0.4305555555555556 0.030637254901960783 0.02777777777777778
0 0.7420343137254902 0.39869281045751637 0.020833333333333332 0.016339869281045753
0 0.758578431372549 0.4084967320261438 0.022058823529411763 0.026143790849673203
0 0.7579656862745098 0.37990196078431376 0.020833333333333332 0.02777777777777778
0 0.7916666666666666 0.4150326797385621 0.024509803921568627 0.022875816993464054
0 0.8137254901960784 0.4158496732026144 0.024509803921568627 0.021241830065359478
0 0.8400735294117647 0.41748366013071897 0.023284313725490197 0.014705882352941176
0 0.8480392156862745 0.43790849673202614 0.022058823529411763 0.0196078431372549
0 0.9552696078431372 0.42401960784313725 0.023284313725490197 0.014705882352941176
0 0.9779411764705882 0.434640522875817 0.022058823529411763 0.013071895424836602
0 0.991421568627451 0.45588235294117646 0.01715686274509804 0.022875816993464054
0 0.9050245098039216 0.4526143790849673 0.023284313725490197 0.022875816993464054
0 0.9264705882352942 0.45996732026143794 0.024509803921568627 0.01797385620915033
0 0.8578431372549019 0.5098039215686274 0.044117647058823525 0.032679738562091505
0 0.8149509803921569 0.5310457516339869 0.02696078431372549 0.022875816993464054
0 0.8651960784313726 0.5359477124183006 0.024509803921568627 0.0196078431372549
0 0.8903186274509803 0.5326797385620915 0.023284313725490197 0.026143790849673203
0 0.8958333333333334 0.4934640522875817 0.02696078431372549 0.022875816993464054
0 0.9172794117647058 0.5147058823529412 0.028186274509803922 0.0196078431372549
0 0.6599264705882353 0.6405228758169935 0.023284313725490197 0.0196078431372549
0 0.6850490196078431 0.6405228758169935 0.0196078431372549 0.032679738562091505
0 0.6507352941176471 0.6601307189542484 0.022058823529411763 0.029411764705882353
0 0.6703431372549019 0.6593137254901961 0.024509803921568627 0.01797385620915033
0 0.8370098039215687 0.6756535947712419 0.02696078431372549 0.02777777777777778
0 0.8707107843137255 0.6911764705882353 0.025735294117647058 0.022875816993464054
0 0.9178921568627451 0.684640522875817 0.024509803921568627 0.026143790849673203
