0 0.5996732026143791 0.014705882352941176 0.026143790849673203 0.02696078431372549
0 0.49673202614379086 0.01715686274509804 0.0392156862745098 0.031862745098039214
0 0.5269607843137255 0.025735294117647058 0.024509803921568627 0.024509803921568627
0 0.5277777777777778 0.055759803921568624 0.042483660130718956 0.030637254901960783
0 0.5147058823529412 0.0821078431372549 0.03594771241830066 0.03676470588235294
0 0.4901960784313726 0.09865196078431372 0.0196078431372549 0.025735294117647058
0 0.45588235294117646 0.013480392156862746 0.04575163398692811 0.024509803921568627
0 0.428921568627451 0.018995098039215685 0.01797385620915033 0.020833333333333332
0 0.4297385620915033 0.04534313725490196 0.05228758169934641 0.03431372549019608
0 0.4485294117647059 0.06433823529411764 0.021241830065359478 0.023284313725490197
0 0.45915032679738566 0.08639705882352941 0.032679738562091505 0.01838235294117647
0 0.4084967320261438 0.0784313725490196 0.029411764705882353 0.02696078431372549
0 0.3897058823529412 0.052083333333333336 0.03104575163398693 0.030637254901960783
0 0.477124183006536 0.13051470588235295 0.0196078431372549 0.028186274509803922
0 0.43218954248366015 0.14522058823529413 0.021241830065359478 0.030637254901960783
0 0.667483660130719 0.1170343137254902 0.03758169934640523 0.04044117647058824
0 0.6519607843137255 0.14583333333333334 0.032679738562091505 0.02696078431372549
0 0.6209150326797386 0.18075980392156862 0.029411764705882353 0.028186274509803922
0 0.6233660130718954 0.20649509803921567 0.021241830065359478 0.025735294117647058
0 0.6225490196078431 0.23590686274509803 0.026143790849673203 0.028186274509803922
0 0.6045751633986929 0.23039215686274508 0.016339869281045753 0.01715686274509804
0 0.6053921568627452 0.2506127450980392 0.021241830065359478 0.023284313725490197
0 0.6299019607843137 0.25612745098039214 0.03431372549019608 0.0196078431372549
0 0.613562091503268 0.27267156862745096 0.024509803921568627 0.020833333333333332
0 0.5890522875816994 0.27879901960784315 0.03431372549019608 0.0428921568627451
0 0.6772875816993464 0.3321078431372549 0.05065359477124183 0.04656862745098039
0 0.43218954248366015 0.21017156862745098 0.03758169934640523 0.04044117647058824
0 0.4419934640522876 0.22855392156862744 0.024509803921568627 0.023284313725490197
0 0.43790849673202614 0.29534313725490197 0.026143790849673203 0.0196078431372549
0 0.5522875816993464 0.22181372549019607 0.022875816993464054 0.02696078431372549
0 0.13480392156862744 0.017769607843137254 0.024509803921568627 0.020833333333333332
0 0.15359477124183007 0.02696078431372549 0.03594771241830066 0.0392156862745098
0 0.08905228758169935 0.018995098039215685 0.02777777777777778 0.030637254901960783
0 0.10866013071895425 0.03002450980392157 0.024509803921568627 0.020833333333333332
0 0.06209150326797386 0.024509803921568627 0.029411764705882353 0.02696078431372549
0 0.042483660130718956 0.05330882352941176 0.0392156862745098 0.0428921568627451
0 0.059640522875817 0.06801470588235294 0.021241830065359478 0.023284313725490197
0 0.032679738562091505 0.08884803921568628 0.042483660130718956 0.03553921568627451
0 0.02042483660130719 0.1170343137254902 0.021241830065359478 0.023284313725490197
0 0.07679738562091504 0.1017156862745098 0.03594771241830066 0.041666666666666664
0 0.1053921568627451 0.10723039215686274 0.021241830065359478 0.025735294117647058
0 0.14787581699346405 0.1090686274509804 0.021241830065359478 0.022058823529411763
0 0.23529411764705882 0.11090686274509803 0.03594771241830066 0.03799019607843137
0 0.20016339869281047 0.1409313725490196 0.03431372549019608 0.031862745098039214
0 0.21650326797385622 0.20159313725490197 0.02777777777777778 0.023284313725490197
0 0.11601307189542484 0.1403186274509804 0.032679738562091505 0.04044117647058824
0 0.13398692810457516 0.15073529411764705 0.026143790849673203 0.024509803921568627
0 0.09068627450980392 0.13112745098039216 0.021241830065359478 0.02696078431372549
0 0.058823529411764705 0.12990196078431374 0.016339869281045753 0.0196078431372549
0 0.028594771241830068 0.14583333333333334 0.03104575163398693 0.041666666666666664
0 0.01715686274509804 0.18627450980392157 0.03104575163398693 0.031862745098039214
0 0.03594771241830066 0.1838235294117647 0.0196078431372549 0.0196078431372549
0 0.05555555555555556 0.16605392156862744 0.03594771241830066 0.04044117647058824
0 0.08415032679738563 0.1758578431372549 0.021241830065359478 0.020833333333333332
0 0.12990196078431374 0.23161764705882354 0.03104575163398693 0.0196078431372549
0 0.09885620915032681 0.25 0.03104575163398693 0.024509803921568627
0 0.08006535947712419 0.2696078431372549 0.032679738562091505 0.02696078431372549
0 0.06699346405228758 0.3002450980392157 0.05555555555555556 0.029411764705882353
0 0.022875816993464054 0.289828431372549 0.022875816993464054 0.025735294117647058
0 0.04738562091503268 0.3235294117647059 0.022875816993464054 0.022058823529411763
0 0.008169934640522876 0.3247549019607843 0.013071895424836602 0.01715686274509804
0 0.14869281045751634 0.31004901960784315 0.022875816993464054 0.024509803921568627
0 0.16013071895424838 0.3284313725490196 0.029411764705882353 0.02696078431372549
0 0.21486928104575165 0.33578431372549017 0.021241830065359478 0.022058823529411763
0 0.1388888888888889 0.34558823529411764 0.029411764705882353 0.03431372549019608
0 0.17973856209150327 0.37316176470588236 0.029411764705882353 0.028186274509803922
0 0.2246732026143791 0.4099264705882353 0.024509803921568627 0.025735294117647058
0 0.16013071895424838 0.4301470588235294 0.026143790849673203 0.02696078431372549
0 0.0857843137254902 0.3743872549019608 0.03758169934640523 0.0428921568627451
0 0.056372549019607844 0.36090686274509803 0.021241830065359478 0.020833333333333332
0 0.05310457516339869 0.39338235294117646 0.04084967320261438 0.03431372549019608
0 0.01388888888888889 0.3860294117647059 0.024509803921568627 0.0392156862745098
0 0.01715686274509804 0.4117647058823529 0.03104575163398693 0.01715686274509804
0 0.008986928104575164 0.43137254901960786 0.014705882352941176 0.022058823529411763
0 0.09722222222222222 0.4111519607843137 0.03104575163398693 0.025735294117647058
0 0.09395424836601307 0.45465686274509803 0.024509803921568627 0.031862745098039214
0 0.4019607843137255 0.34068627450980393 0.04575163398692811 0.051470588235294115
0 0.43790849673202614 0.36090686274509803 0.026143790849673203 0.03553921568627451
0 0.45996732026143794 0.35355392156862747 0.02777777777777778 0.028186274509803922
0 0.3619281045751634 0.34558823529411764 0.024509803921568627 0.024509803921568627
0 0.4419934640522876 0.4417892156862745 0.03104575163398693 0.030637254901960783
0 0.6070261437908497 0.446078431372549 0.024509803921568627 0.031862745098039214
0 0.02042483660130719 0.45465686274509803 0.021241830065359478 0.022058823529411763
0 0.05147058823529412 0.4454656862745098 0.02777777777777778 0.030637254901960783
0 0.015522875816993464 0.48651960784313725 0.02777777777777778 0.0196078431372549
0 0.03349673202614379 0.4957107843137255 0.01797385620915033 0.023284313725490197
0 0.02042483660130719 0.5269607843137255 0.03758169934640523 0.03431372549019608
0 0.15849673202614378 0.5147058823529411 0.03594771241830066 0.049019607843137254
0 0.19035947712418302 0.4877450980392157 0.021241830065359478 0.024509803921568627
0 0.38562091503267976 0.49754901960784315 0.042483660130718956 0.024509803921568627
0 0.3897058823529412 0.5220588235294118 0.03431372549019608 0.031862745098039214
0 0.37173202614379086 0.5435049019607843 0.021241830065359478 0.025735294117647058
0 0.3970588235294118 0.5612745098039216 0.0392156862745098 0.044117647058823525
0 0.2818627450980392 0.522671568627451 0.024509803921568627 0.03308823529411765
0 0.25653594771241833 0.5343137254901961 0.029411764705882353 0.029411764705882353
0 0.24019607843137256 0.5606617647058824 0.029411764705882353 0.025735294117647058
0 0.13398692810457516 0.5349264705882353 0.026143790849673203 0.023284313725490197
0 0.15359477124183007 0.5490196078431373 0.022875816993464054 0.024509803921568627
0 0.16993464052287582 0.5637254901960784 0.042483660130718956 0.022058823529411763
0 0.12663398692810457 0.5594362745098039 0.024509803921568627 0.028186274509803922
0 0.1388888888888889 0.5765931372549019 0.029411764705882353 0.03308823529411765
0 0.05555555555555556 0.5655637254901961 0.026143790849673203 0.025735294117647058
0 0.029411764705882353 0.5716911764705882 0.029411764705882353 0.03799019607843137
0 0.12091503267973856 0.602328431372549 0.029411764705882353 0.03553921568627451
0 0.0857843137254902 0.5925245098039216 0.04411764705882353 0.03553921568627451
0 0.04820261437908497 0.5863970588235294 0.021241830065359478 0.020833333333333332
0 0.06045751633986928 0.6041666666666666 0.0196078431372549 0.024509803921568627
0 0.08496732026143791 0.6170343137254902 0.03594771241830066 0.03553921568627451
0 0.09558823529411765 0.6464460784313726 0.024509803921568627 0.025735294117647058
0 0.02369281045751634 0.6029411764705882 0.03431372549019608 0.02696078431372549
0 0.042483660130718956 0.6139705882352942 0.022875816993464054 0.029411764705882353
0 0.05310457516339869 0.6354166666666666 0.03758169934640523 0.03799019607843137
0 0.07434640522875817 0.6384803921568627 0.021241830065359478 0.022058823529411763
0 0.016339869281045753 0.6458333333333334 0.029411764705882353 0.031862745098039214
0 0.08415032679738563 0.6721813725490196 0.03758169934640523 0.04534313725490196
0 0.057189542483660136 0.6623774509803921 0.026143790849673203 0.015931372549019607
0 0.04656862745098039 0.6936274509803921 0.04738562091503268 0.051470588235294115
0 0.09395424836601307 0.7138480392156863 0.04738562091503268 0.03799019607843137
0 0.11029411764705882 0.7438725490196079 0.024509803921568627 0.029411764705882353
0 0.01388888888888889 0.6856617647058824 0.024509803921568627 0.030637254901960783
0 0.021241830065359478 0.7071078431372549 0.022875816993464054 0.02696078431372549
0 0.032679738562091505 0.7242647058823529 0.026143790849673203 0.031862745098039214
0 0.05228758169934641 0.735906862745098 0.029411764705882353 0.023284313725490197
0 0.08088235294117647 0.7420343137254902 0.03431372549019608 0.04779411764705882
0 0.08986928104575163 0.7757352941176471 0.016339869281045753 0.024509803921568627
0 0.07107843137254902 0.7763480392156863 0.021241830065359478 0.015931372549019607
0 0.07352941176470588 0.7935049019607843 0.0196078431372549 0.023284313725490197
0 0.013071895424836602 0.7457107843137255 0.022875816993464054 0.01838235294117647
0 0.05392156862745098 0.7714460784313726 0.029411764705882353 0.03308823529411765
0 0.20016339869281047 0.8082107843137255 0.04411764705882353 0.04779411764705882
0 0.23529411764705882 0.8069852941176471 0.026143790849673203 0.025735294117647058
0 0.3415032679738562 0.8082107843137255 0.032679738562091505 0.023284313725490197
0 0.39133986928104575 0.7867647058823529 0.021241830065359478 0.02696078431372549
0 0.2034313725490196 0.8382352941176471 0.021241830065359478 0.022058823529411763
0 0.06045751633986928 0.8388480392156863 0.029411764705882353 0.030637254901960783
0 0.24918300653594772 0.9338235294117647 0.024509803921568627 0.03431372549019608
0 0.23692810457516342 0.9675245098039216 0.04575163398692811 0.03553921568627451
0 0.2450980392156863 0.991421568627451 0.03594771241830066 0.01715686274509804
0 0.2058823529411765 0.9889705882352942 0.026143790849673203 0.022058823529411763
0 0.18709150326797386 0.9712009803921569 0.021241830065359478 0.023284313725490197
0 0.21977124183006536 0.9424019607843137 0.02777777777777778 0.02696078431372549
0 0.16911764705882354 0.9270833333333334 0.03431372549019608 0.020833333333333332
0 0.14624183006535948 0.9626225490196079 0.03431372549019608 0.025735294117647058
0 0.1119281045751634 0.9203431372549019 0.021241830065359478 0.02696078431372549
0 0.08986928104575163 0.9399509803921569 0.029411764705882353 0.022058823529411763
0 0.06127450980392157 0.9620098039215687 0.03758169934640523 0.029411764705882353
0 0.02777777777777778 0.9613970588235294 0.03594771241830066 0.030637254901960783
0 0.022875816993464054 0.9411764705882353 0.042483660130718956 0.03431372549019608
0 0.01388888888888889 0.8774509803921569 0.024509803921568627 0.031862745098039214
0 0.04820261437908497 0.8719362745098039 0.02777777777777778 0.028186274509803922
