0 0.8700980392156863 0.36887254901960786 0.014705882352941176 0.01715686274509804
0 0.880718954248366 0.3897058823529412 0.0196078431372549 0.01715686274509804
0 0.8823529411764706 0.40808823529411764 0.016339869281045753 0.014705882352941176
0 0.9142156862745099 0.40441176470588236 0.01797385620915033 0.01715686274509804
0 0.8390522875816994 0.414828431372549 0.01797385620915033 0.020833333333333332
0 0.8316993464052288 0.45955882352941174 0.026143790849673203 0.022058823529411763
0 0.8553921568627452 0.47120098039215685 0.014705882352941176 0.020833333333333332
0 0.8717320261437909 0.4963235294117647 0.01797385620915033 0.0196078431372549
0 0.8921568627450981 0.4932598039215686 0.022875816993464054 0.01838235294117647
0 0.8586601307189543 0.517156862745098 0.02777777777777778 0.0196078431372549
0 0.8594771241830066 0.539828431372549 0.0196078431372549 0.015931372549019607
0 0.8357843137254902 0.5386029411764706 0.024509803921568627 0.011029411764705881
0 0.8611111111111112 0.5827205882352942 0.016339869281045753 0.01838235294117647
0 0.8602941176470589 0.5643382352941176 0.014705882352941176 0.015931372549019607
0 0.8733660130718954 0.5588235294117647 0.02777777777777778 0.01715686274509804
0 0.8856209150326798 0.5465686274509803 0.022875816993464054 0.01715686274509804
0 0.9035947712418301 0.5533088235294118 0.026143790849673203 0.015931372549019607
0 0.880718954248366 0.5281862745098039 0.016339869281045753 0.014705882352941176
0 0.8978758169934641 0.53125 0.01797385620915033 0.020833333333333332
0 0.9150326797385622 0.3382352941176471 0.013071895424836602 0.0196078431372549
0 0.934640522875817 0.6954656862745098 0.022875816993464054 0.025735294117647058
0 0.9460784313725491 0.7132352941176471 0.016339869281045753 0.0196078431372549
0 0.8913398692810458 0.8314950980392157 0.024509803921568627 0.023284313725490197
0 0.8243464052287582 0.8474264705882353 0.024509803921568627 0.023284313725490197
0 0.8284313725490197 0.8670343137254902 0.0196078431372549 0.01838235294117647
0 0.8472222222222222 0.8670343137254902 0.021241830065359478 0.020833333333333332
0 0.7998366013071896 0.8602941176470588 0.021241830065359478 0.024509803921568627
0 0.8031045751633987 0.8841911764705882 0.01797385620915033 0.020833333333333332
0 0.8202614379084967 0.8829656862745098 0.0196078431372549 0.01838235294117647
0 0.8276143790849674 0.8964460784313726 0.02777777777777778 0.01838235294117647
0 0.7565359477124183 0.9105392156862745 0.0196078431372549 0.022058823529411763
0 0.7565359477124183 0.9307598039215687 0.022875816993464054 0.01838235294117647
0 0.8227124183006537 0.914828431372549 0.024509803921568627 0.015931372549019607
0 0.8300653594771242 0.9319852941176471 0.026143790849673203 0.020833333333333332
0 0.8161764705882353 0.9405637254901961 0.021241830065359478 0.023284313725490197
0 0.8586601307189543 0.914828431372549 0.01797385620915033 0.01838235294117647
0 0.8741830065359477 0.928921568627451 0.016339869281045753 0.01715686274509804
0 0.8643790849673203 0.9381127450980392 0.022875816993464054 0.013480392156862746
0 0.880718954248366 0.9093137254901961 0.022875816993464054 0.0196078431372549
0 0.8897058823529412 0.9283088235294118 0.021241830065359478 0.020833333333333332
0 0.9044117647058824 0.9479166666666666 0.021241830065359478 0.025735294117647058
0 0.9093137254901961 0.9669117647058824 0.021241830065359478 0.01715686274509804
0 0.9093137254901961 0.9810049019607843 0.01797385620915033 0.013480392156862746
0 0.8897058823529412 0.9644607843137255 0.021241830065359478 0.022058823529411763
0 0.9330065359477124 0.9405637254901961 0.022875816993464054 0.023284313725490197
0 0.9370915032679739 0.9595588235294118 0.024509803921568627 0.0196078431372549
0 0.9297385620915033 0.9803921568627451 0.0196078431372549 0.01715686274509804
0 0.9493464052287582 0.977328431372549 0.022875816993464054 0.020833333333333332
0 0.8455882352941176 0.9595588235294118 0.011437908496732027 0.0196078431372549
0 0.8684640522875817 0.9595588235294118 0.02777777777777778 0.029411764705882353
