0 0.009191176470588236 0.0196078431372549 0.015931372549019607 0.016339869281045753
0 0.029411764705882353 0.05147058823529412 0.022058823529411763 0.024509803921568627
0 0.06924019607843138 0.06045751633986928 0.028186274509803922 0.029411764705882353
0 0.13174019607843138 0.032679738562091505 0.01838235294117647 0.026143790849673203
0 0.1482843137254902 0.03431372549019608 0.01715686274509804 0.016339869281045753
0 0.1642156862745098 0.03758169934640523 0.014705882352941176 0.026143790849673203
0 0.16605392156862744 0.013071895424836602 0.015931372549019607 0.016339869281045753
0 0.18504901960784315 0.0196078431372549 0.022058823529411763 0.0196078431372549
0 0.14338235294117646 0.25653594771241833 0.022058823529411763 0.026143790849673203
0 0.3449754901960784 0.23692810457516342 0.023284313725490197 0.0196078431372549
0 0.4172794117647059 0.2638888888888889 0.01838235294117647 0.024509803921568627
0 0.548406862745098 0.1053921568627451 0.0428921568627451 0.04411764705882353
0 0.5863970588235294 0.07434640522875817 0.020833333333333332 0.01797385620915033
0 0.5784313725490196 0.1053921568627451 0.0196078431372549 0.014705882352941176
0 0.5925245098039216 0.11764705882352941 0.020833333333333332 0.016339869281045753
0 0.5986519607843137 0.10375816993464053 0.015931372549019607 0.01797385620915033
0 0.6121323529411765 0.0923202614379085 0.020833333333333332 0.024509803921568627
0 0.6323529411764706 0.08905228758169935 0.01715686274509804 0.01797385620915033
0 0.642156862745098 0.10049019607843138 0.01715686274509804 0.01797385620915033
0 0.6292892156862745 0.11683006535947713 0.020833333333333332 0.014705882352941176
0 0.6458333333333334 0.12418300653594772 0.014705882352941176 0.016339869281045753
0 0.6544117647058824 0.10947712418300654 0.01715686274509804 0.00980392156862745
0 0.6617647058823529 0.12009803921568628 0.014705882352941176 0.014705882352941176
0 0.3743872549019608 0.5776143790849674 0.025735294117647058 0.02777777777777778
0 0.6727941176470588 0.1119281045751634 0.01715686274509804 0.014705882352941176
