0 0.6176470588235294 0.058823529411764705 0.049019607843137254 0.044117647058823525
0 0.2622549019607843 0.5006127450980392 0.03104575163398693 0.028186274509803922
0 0.8995098039215687 0.6029411764705882 0.03758169934640523 0.03431372549019608
0 0.24019607843137256 0.4724264705882353 0.05555555555555556 0.05269607843137255
0 0.22712418300653595 0.4325980392156863 0.032679738562091505 0.03676470588235294
0 0.2573529411764706 0.31004901960784315 0.04738562091503268 0.049019607843137254
0 0.23202614379084968 0.30943627450980393 0.029411764705882353 0.03553921568627451
0 0.1593137254901961 0.2506127450980392 0.03758169934640523 0.03553921568627451
0 0.20915032679738563 0.09987745098039215 0.03594771241830066 0.023284313725490197
0 0.14297385620915032 0.12683823529411764 0.03758169934640523 0.025735294117647058
0 0.14215686274509803 0.10355392156862744 0.026143790849673203 0.028186274509803922
0 0.14705882352941177 0.07965686274509803 0.032679738562091505 0.024509803921568627
0 0.14624183006535948 0.05698529411764706 0.03104575163398693 0.023284313725490197
0 0.13643790849673204 0.029411764705882353 0.057189542483660136 0.0392156862745098
0 0.11764705882352941 0.02022058823529412 0.032679738562091505 0.03799019607843137
0 0.01388888888888889 0.17095588235294118 0.024509803921568627 0.04044117647058824
