0 0.7303921568627451 0.013071895424836602 0.024509803921568627 0.0196078431372549
0 0.034926470588235295 0.23937908496732027 0.023284313725490197 0.02777777777777778
0 0.125 0.2785947712418301 0.014705882352941176 0.02777777777777778
0 0.1446078431372549 0.27941176470588236 0.022058823529411763 0.029411764705882353
0 0.27267156862745096 0.3619281045751634 0.028186274509803922 0.02777777777777778
0 0.052083333333333336 0.30718954248366015 0.025735294117647058 0.0196078431372549
0 0.1721813725490196 0.5171568627450981 0.028186274509803922 0.02777777777777778
0 0.24571078431372548 0.4754901960784314 0.020833333333333332 0.0196078431372549
0 0.2696078431372549 0.47385620915032683 0.022058823529411763 0.0196078431372549
0 0.2579656862745098 0.49754901960784315 0.023284313725490197 0.024509803921568627
0 0.2800245098039216 0.4893790849673203 0.020833333333333332 0.021241830065359478
0 0.29840686274509803 0.4901960784313726 0.025735294117647058 0.029411764705882353
0 0.3290441176470588 0.49264705882352944 0.025735294117647058 0.02777777777777778
0 0.2892156862745098 0.5326797385620915 0.02696078431372549 0.022875816993464054
0 0.2763480392156863 0.5106209150326797 0.01838235294117647 0.01797385620915033
0 0.65625 0.42401960784313725 0.015931372549019607 0.01797385620915033
0 0.5692401960784313 0.6029411764705882 0.015931372549019607 0.029411764705882353
0 0.16666666666666666 0.7271241830065359 0.024509803921568627 0.022875816993464054
0 0.032475490196078434 0.9003267973856209 0.025735294117647058 0.022875816993464054
0 0.3167892156862745 0.7344771241830066 0.030637254901960783 0.024509803921568627
0 0.5153186274509803 0.7875816993464052 0.025735294117647058 0.022875816993464054
0 0.5386029411764706 0.7834967320261438 0.020833333333333332 0.02777777777777778
0 0.7536764705882353 0.8227124183006537 0.022058823529411763 0.024509803921568627
0 0.7714460784313726 0.8120915032679739 0.020833333333333332 0.0196078431372549
0 0.5974264705882353 0.7148692810457516 0.020833333333333332 0.014705882352941176
0 0.9736519607843137 0.8488562091503268 0.01838235294117647 0.014705882352941176
0 0.991421568627451 0.8496732026143791 0.014705882352941176 0.022875816993464054
