0 0.6805555555555556 0.015318627450980392 0.021241830065359478 0.028186274509803922
0 0.6560457516339869 0.011642156862745098 0.021241830065359478 0.020833333333333332
0 0.6372549019607844 0.013480392156862746 0.022875816993464054 0.022058823529411763
0 0.5890522875816994 0.044117647058823525 0.024509803921568627 0.024509803921568627
0 0.34885620915032683 0.21691176470588236 0.03758169934640523 0.024509803921568627
0 0.4714052287581699 0.4227941176470588 0.024509803921568627 0.024509803921568627
0 0.4869281045751634 0.44362745098039214 0.0196078431372549 0.022058823529411763
0 0.4681372549019608 0.44424019607843135 0.021241830065359478 0.023284313725490197
0 0.44526143790849676 0.4497549019607843 0.021241830065359478 0.02696078431372549
0 0.45588235294117646 0.4620098039215686 0.0196078431372549 0.022058823529411763
0 0.4616013071895425 0.4846813725490196 0.021241830065359478 0.023284313725490197
0 0.5253267973856209 0.5238970588235294 0.03431372549019608 0.03553921568627451
0 0.4477124183006536 0.5183823529411765 0.022875816993464054 0.022058823529411763
0 0.45098039215686275 0.5447303921568627 0.022875816993464054 0.03308823529411765
0 0.46405228758169936 0.5992647058823529 0.016339869281045753 0.022058823529411763
