0 0.0428921568627451 0.37173202614379086 0.022058823529411763 0.021241830065359478
0 0.1525735294117647 0.4084967320261438 0.023284313725490197 0.0196078431372549
0 0.06433823529411764 0.37826797385620914 0.013480392156862746 0.01797385620915033
0 0.2426470588235294 0.238562091503268 0.0196078431372549 0.0196078431372549
0 0.30453431372549017 0.20669934640522877 0.015931372549019607 0.021241830065359478
0 0.5545343137254902 0.028594771241830068 0.01838235294117647 0.01797385620915033
0 0.39705882352941174 0.2377450980392157 0.0196078431372549 0.01797385620915033
0 0.4142156862745098 0.21977124183006536 0.0196078431372549 0.021241830065359478
0 0.42034313725490197 0.25653594771241833 0.01715686274509804 0.016339869281045753
0 0.43933823529411764 0.2589869281045752 0.01838235294117647 0.014705882352941176
0 0.6580882352941176 0.04166666666666667 0.01715686274509804 0.021241830065359478
0 0.6464460784313726 0.2581699346405229 0.015931372549019607 0.016339869281045753
0 0.678921568627451 0.23284313725490197 0.022058823529411763 0.02777777777777778
0 0.7028186274509803 0.2908496732026144 0.01838235294117647 0.0196078431372549
0 0.7150735294117647 0.4436274509803922 0.023284313725490197 0.02777777777777778
0 0.7212009803921569 0.4852941176470588 0.020833333333333332 0.0196078431372549
0 0.5870098039215687 0.43300653594771243 0.024509803921568627 0.016339869281045753
0 0.616421568627451 0.238562091503268 0.014705882352941176 0.016339869281045753
0 0.08272058823529412 0.7271241830065359 0.020833333333333332 0.0196078431372549
0 0.10845588235294118 0.7214052287581699 0.01838235294117647 0.024509803921568627
0 0.3131127450980392 0.43218954248366015 0.020833333333333332 0.01797385620915033
0 0.33088235294117646 0.4297385620915033 0.014705882352941176 0.016339869281045753
0 0.3247549019607843 0.45179738562091504 0.022058823529411763 0.01797385620915033
0 0.34681372549019607 0.4714052287581699 0.022058823529411763 0.024509803921568627
0 0.3474264705882353 0.4877450980392157 0.01838235294117647 0.01797385620915033
0 0.36151960784313725 0.5008169934640523 0.01715686274509804 0.01797385620915033
0 0.375 0.513888888888889 0.014705882352941176 0.011437908496732027
0 0.4007352941176471 0.4526143790849673 0.01715686274509804 0.013071895424836602
0 0.3909313725490196 0.4681372549019608 0.0196078431372549 0.014705882352941176
0 0.4056372549019608 0.47875816993464054 0.012254901960784314 0.0196078431372549
0 0.4215686274509804 0.48284313725490197 0.014705882352941176 0.021241830065359478
0 0.4319852941176471 0.4665032679738562 0.013480392156862746 0.01797385620915033
0 0.43995098039215685 0.4812091503267974 0.01715686274509804 0.014705882352941176
0 0.4522058823529412 0.4959150326797386 0.01715686274509804 0.01797385620915033
0 0.38786764705882354 0.5106209150326797 0.015931372549019607 0.01797385620915033
0 0.41911764705882354 0.4493464052287582 0.0196078431372549 0.016339869281045753
0 0.39828431372549017 0.4068627450980392 0.01715686274509804 0.016339869281045753
0 0.42769607843137253 0.4297385620915033 0.014705882352941176 0.022875816993464054
0 0.25980392156862747 0.7900326797385621 0.014705882352941176 0.024509803921568627
0 0.25980392156862747 0.8799019607843137 0.01715686274509804 0.021241830065359478
0 0.21691176470588236 0.8529411764705883 0.0196078431372549 0.016339869281045753
0 0.3137254901960784 0.7565359477124183 0.0196078431372549 0.0196078431372549
0 0.3161764705882353 0.7777777777777778 0.0196078431372549 0.0196078431372549
0 0.3284313725490196 0.7663398692810458 0.0196078431372549 0.0196078431372549
0 0.3449754901960784 0.7777777777777778 0.01838235294117647 0.0196078431372549
0 0.3541666666666667 0.7565359477124183 0.0196078431372549 0.016339869281045753
0 0.33455882352941174 0.7916666666666667 0.0196078431372549 0.01797385620915033
0 0.33455882352941174 0.8120915032679739 0.0196078431372549 0.0196078431372549
0 0.3314950980392157 0.9093137254901961 0.023284313725490197 0.024509803921568627
0 0.36213235294117646 0.7834967320261438 0.013480392156862746 0.024509803921568627
0 0.3799019607843137 0.7834967320261438 0.0196078431372549 0.01797385620915033
0 0.3805147058823529 0.7606209150326798 0.01838235294117647 0.021241830065359478
0 0.41299019607843135 0.744281045751634 0.022058823529411763 0.02777777777777778
0 0.44424019607843135 0.8047385620915033 0.023284313725490197 0.02777777777777778
0 0.4644607843137255 0.8186274509803921 0.01715686274509804 0.0196078431372549
0 0.4626225490196078 0.8431372549019608 0.01838235294117647 0.022875816993464054
0 0.4889705882352941 0.8709150326797386 0.02696078431372549 0.022875816993464054
0 0.9448529411764706 0.08251633986928104 0.024509803921568627 0.014705882352941176
0 0.9779411764705882 0.12336601307189543 0.01715686274509804 0.01797385620915033
0 0.8363970588235294 0.7598039215686275 0.01838235294117647 0.0196078431372549
0 0.860906862745098 0.7589869281045751 0.020833333333333332 0.021241830065359478
0 0.8431372549019608 0.7785947712418301 0.024509803921568627 0.01797385620915033
0 0.860906862745098 0.04820261437908497 0.020833333333333332 0.014705882352941176
