0 0.9893790849673203 0.04779411764705882 0.021241830065359478 0.049019607843137254
0 0.8946078431372549 0.012254901960784314 0.021241830065359478 0.022058823529411763
0 0.8333333333333334 0.012867647058823529 0.0196078431372549 0.023284313725490197
0 0.829248366013072 0.04534313725490196 0.04084967320261438 0.0392156862745098
0 0.823529411764706 0.08272058823529412 0.0196078431372549 0.020833333333333332
0 0.8660130718954249 0.1446078431372549 0.022875816993464054 0.024509803921568627
0 0.755718954248366 0.17340686274509803 0.02777777777777778 0.025735294117647058
0 0.7900326797385621 0.17892156862745098 0.021241830065359478 0.022058823529411763
0 0.8088235294117647 0.1721813725490196 0.016339869281045753 0.023284313725490197
0 0.8161764705882353 0.19730392156862744 0.04738562091503268 0.029411764705882353
0 0.8374183006535948 0.1715686274509804 0.024509803921568627 0.029411764705882353
0 0.9869281045751634 0.21629901960784315 0.0196078431372549 0.023284313725490197
0 0.8513071895424836 0.2077205882352941 0.016339869281045753 0.023284313725490197
0 0.8374183006535948 0.22120098039215685 0.01797385620915033 0.015931372549019607
0 0.8161764705882353 0.22242647058823528 0.021241830065359478 0.01838235294117647
0 0.7009803921568628 0.2892156862745098 0.022875816993464054 0.029411764705882353
0 0.7761437908496732 0.2653186274509804 0.026143790849673203 0.028186274509803922
0 0.8120915032679739 0.2696078431372549 0.032679738562091505 0.03676470588235294
0 0.8251633986928105 0.2549019607843137 0.0196078431372549 0.024509803921568627
0 0.8398692810457516 0.2659313725490196 0.013071895424836602 0.022058823529411763
0 0.7810457516339869 0.2928921568627451 0.026143790849673203 0.024509803921568627
0 0.8504901960784313 0.33394607843137253 0.024509803921568627 0.020833333333333332
0 0.8398692810457516 0.3486519607843137 0.016339869281045753 0.020833333333333332
0 0.7965686274509804 0.3915441176470588 0.024509803921568627 0.023284313725490197
0 0.8439542483660131 0.36887254901960786 0.014705882352941176 0.0196078431372549
0 0.869281045751634 0.36642156862745096 0.032679738562091505 0.03676470588235294
0 0.8602941176470589 0.39215686274509803 0.01797385620915033 0.022058823529411763
0 0.8782679738562091 0.3952205882352941 0.01797385620915033 0.020833333333333332
0 0.8913398692810458 0.2542892156862745 0.024509803921568627 0.025735294117647058
0 0.8602941176470589 0.43137254901960786 0.03104575163398693 0.044117647058823525
0 0.875 0.4166666666666667 0.01797385620915033 0.024509803921568627
0 0.8627450980392157 0.4730392156862745 0.03594771241830066 0.041666666666666664
0 0.7851307189542484 0.6550245098039216 0.021241830065359478 0.023284313725490197
0 0.7532679738562091 0.6819852941176471 0.022875816993464054 0.025735294117647058
0 0.7483660130718954 0.7071078431372549 0.026143790849673203 0.022058823529411763
0 0.696078431372549 0.7064950980392157 0.026143790849673203 0.023284313725490197
0 0.7197712418300654 0.7205882352941176 0.021241830065359478 0.022058823529411763
0 0.690359477124183 0.727328431372549 0.024509803921568627 0.01838235294117647
0 0.7434640522875817 0.8026960784313726 0.032679738562091505 0.024509803921568627
0 0.821078431372549 0.9405637254901961 0.02777777777777778 0.025735294117647058
0 0.7263071895424836 0.9632352941176471 0.021241830065359478 0.024509803921568627
0 0.9583333333333334 0.9583333333333334 0.021241830065359478 0.02696078431372549
0 0.9428104575163399 0.9877450980392156 0.022875816993464054 0.024509803921568627
0 0.6723856209150327 0.7420343137254902 0.01797385620915033 0.015931372549019607
