0 0.6413398692810458 0.20833333333333334 0.021241830065359478 0.022058823529411763
0 0.8071895424836601 0.3602941176470588 0.0196078431372549 0.029411764705882353
0 0.7990196078431373 0.4068627450980392 0.026143790849673203 0.031862745098039214
0 0.5498366013071896 0.4571078431372549 0.01797385620915033 0.024509803921568627
0 0.542483660130719 0.5349264705882353 0.022875816993464054 0.025735294117647058
0 0.48447712418300654 0.4926470588235294 0.014705882352941176 0.022058823529411763
0 0.4754901960784314 0.5104166666666666 0.032679738562091505 0.013480392156862746
0 0.4673202614379085 0.4895833333333333 0.0196078431372549 0.01838235294117647
0 0.4354575163398693 0.4791666666666667 0.02777777777777778 0.0196078431372549
0 0.3700980392156863 0.4852941176470588 0.021241830065359478 0.022058823529411763
0 0.35375816993464054 0.5024509803921569 0.021241830065359478 0.022058823529411763
0 0.3741830065359477 0.5110294117647058 0.016339869281045753 0.022058823529411763
0 0.3929738562091503 0.5079656862745098 0.014705882352941176 0.01838235294117647
0 0.42320261437908496 0.5232843137254902 0.016339869281045753 0.022058823529411763
0 0.41421568627450983 0.5055147058823529 0.02777777777777778 0.025735294117647058
0 0.4411764705882353 0.5373774509803921 0.016339869281045753 0.023284313725490197
0 0.4444444444444445 0.5575980392156863 0.022875816993464054 0.0196078431372549
0 0.47303921568627455 0.5625 0.02777777777777778 0.029411764705882353
0 0.45588235294117646 0.5784313725490196 0.016339869281045753 0.0196078431372549
0 0.4607843137254902 0.6176470588235294 0.0196078431372549 0.022058823529411763
0 0.4493464052287582 0.6323529411764706 0.022875816993464054 0.024509803921568627
0 0.49101307189542487 0.6856617647058824 0.021241830065359478 0.023284313725490197
0 0.4877450980392157 0.7126225490196079 0.021241830065359478 0.023284313725490197
0 0.5253267973856209 0.71875 0.03758169934640523 0.04534313725490196
0 0.4436274509803922 0.7971813725490196 0.01797385620915033 0.028186274509803922
0 0.4624183006535948 0.7959558823529411 0.016339869281045753 0.025735294117647058
0 0.7589869281045751 0.7475490196078431 0.03758169934640523 0.049019607843137254
0 0.7549019607843137 0.7843137254901961 0.026143790849673203 0.02696078431372549
0 0.9632352941176471 0.8278186274509803 0.021241830065359478 0.028186274509803922
0 0.9640522875816994 0.8927696078431372 0.022875816993464054 0.028186274509803922
0 0.9763071895424837 0.9142156862745098 0.014705882352941176 0.024509803921568627
0 0.9599673202614379 0.9154411764705882 0.01797385620915033 0.022058823529411763
0 0.9575163398692811 0.9356617647058824 0.0196078431372549 0.023284313725490197
0 0.9787581699346406 0.9552696078431372 0.026143790849673203 0.028186274509803922
0 0.9746732026143791 0.9785539215686274 0.024509803921568627 0.020833333333333332
0 0.9730392156862745 0.9938725490196079 0.024509803921568627 0.012254901960784314
0 0.06781045751633988 0.4270833333333333 0.02777777777777778 0.025735294117647058
0 0.39950980392156865 0.5337009803921569 0.024509803921568627 0.028186274509803922
0 0.3619281045751634 0.5318627450980392 0.01797385620915033 0.024509803921568627
0 0.37745098039215685 0.5471813725490196 0.016339869281045753 0.020833333333333332
0 0.3627450980392157 0.5606617647058824 0.0196078431372549 0.020833333333333332
0 0.3366013071895425 0.5649509803921569 0.016339869281045753 0.022058823529411763
0 0.34885620915032683 0.5759803921568627 0.021241830065359478 0.024509803921568627
0 0.3374183006535948 0.5955882352941176 0.021241830065359478 0.022058823529411763
0 0.7753267973856209 0.7193627450980392 0.021241830065359478 0.029411764705882353
0 0.8668300653594772 0.042279411764705885 0.03431372549019608 0.03308823529411765
