0 0.03002450980392157 0.012254901960784314 0.028186274509803922 0.014705882352941176
0 0.056372549019607844 0.022058823529411766 0.024509803921568627 0.021241830065359478
0 0.09129901960784313 0.02777777777777778 0.028186274509803922 0.022875816993464054
0 0.16237745098039216 0.018790849673202614 0.030637254901960783 0.021241830065359478
0 0.19056372549019607 0.015522875816993464 0.023284313725490197 0.021241830065359478
0 0.5306372549019608 0.022058823529411766 0.02696078431372549 0.021241830065359478
0 0.5661764705882353 0.026143790849673203 0.022058823529411763 0.022875816993464054
0 0.5900735294117647 0.01797385620915033 0.020833333333333332 0.022875816993464054
0 0.6121323529411765 0.02042483660130719 0.020833333333333332 0.02777777777777778
0 0.6311274509803921 0.02369281045751634 0.014705882352941176 0.024509803921568627
0 0.4699754901960784 0.1119281045751634 0.020833333333333332 0.02777777777777778
0 0.031862745098039214 0.1650326797385621 0.022058823529411763 0.0196078431372549
0 0.04718137254901961 0.18055555555555555 0.023284313725490197 0.021241830065359478
0 0.08517156862745098 0.238562091503268 0.025735294117647058 0.022875816993464054
0 0.1758578431372549 0.26633986928104575 0.028186274509803922 0.026143790849673203
0 0.6709558823529411 0.2785947712418301 0.03308823529411765 0.03431372549019608
0 0.5355392156862745 0.3790849673202614 0.0196078431372549 0.026143790849673203
0 0.5618872549019608 0.37745098039215685 0.023284313725490197 0.0196078431372549
0 0.5453431372549019 0.43790849673202614 0.022058823529411763 0.026143790849673203
0 0.037377450980392156 0.34395424836601307 0.023284313725490197 0.021241830065359478
0 0.06678921568627451 0.40604575163398693 0.020833333333333332 0.01797385620915033
0 0.11029411764705882 0.3545751633986928 0.02696078431372549 0.0196078431372549
0 0.13602941176470587 0.36764705882352944 0.022058823529411763 0.032679738562091505
0 0.1488970588235294 0.40931372549019607 0.025735294117647058 0.024509803921568627
0 0.1801470588235294 0.4256535947712418 0.02696078431372549 0.021241830065359478
0 0.20465686274509803 0.41013071895424835 0.02696078431372549 0.022875816993464054
0 0.25183823529411764 0.36764705882352944 0.023284313725490197 0.0196078431372549
0 0.27941176470588236 0.3839869281045752 0.022058823529411763 0.022875816993464054
0 0.3327205882352941 0.38480392156862747 0.025735294117647058 0.021241830065359478
0 0.04840686274509804 0.5808823529411765 0.023284313725490197 0.024509803921568627
0 0.08394607843137254 0.428921568627451 0.023284313725490197 0.021241830065359478
0 0.08946078431372549 0.4076797385620915 0.024509803921568627 0.01797385620915033
0 0.8082107843137255 0.2834967320261438 0.025735294117647058 0.021241830065359478
0 0.7873774509803921 0.3014705882352941 0.020833333333333332 0.024509803921568627
0 0.8075980392156863 0.32026143790849676 0.02696078431372549 0.026143790849673203
0 0.9375 0.24836601307189543 0.01715686274509804 0.03594771241830066
0 0.8259803921568627 0.3790849673202614 0.024509803921568627 0.026143790849673203
0 0.7702205882352942 0.45996732026143794 0.028186274509803922 0.024509803921568627
0 0.7549019607843137 0.4746732026143791 0.024509803921568627 0.03431372549019608
0 0.7830882352941176 0.4852941176470588 0.02696078431372549 0.022875816993464054
0 0.8063725490196079 0.46895424836601307 0.02696078431372549 0.026143790849673203
0 0.7732843137254902 0.5179738562091504 0.02696078431372549 0.029411764705882353
