0 0.23447712418300654 0.015318627450980392 0.024509803921568627 0.020833333333333332
0 0.2181372549019608 0.010416666666666666 0.021241830065359478 0.01838235294117647
0 0.20506535947712418 0.007352941176470588 0.01797385620915033 0.012254901960784314
0 0.19362745098039216 0.023284313725490197 0.01797385620915033 0.024509803921568627
0 0.09967320261437909 0.027573529411764705 0.0196078431372549 0.020833333333333332
0 0.056372549019607844 0.014705882352941176 0.03104575163398693 0.01715686274509804
0 0.10375816993464053 0.04963235294117647 0.01797385620915033 0.023284313725490197
0 0.07352941176470588 0.25245098039215685 0.0196078431372549 0.024509803921568627
0 0.7254901960784313 0.19056372549019607 0.013071895424836602 0.023284313725490197
0 0.7124183006535948 0.20588235294117646 0.022875816993464054 0.022058823529411763
0 0.7312091503267975 0.22549019607843138 0.021241830065359478 0.024509803921568627
0 0.7156862745098039 0.29963235294117646 0.0196078431372549 0.01838235294117647
0 0.7205882352941176 0.32230392156862747 0.022875816993464054 0.024509803921568627
0 0.7026143790849674 0.3180147058823529 0.0196078431372549 0.023284313725490197
0 0.6993464052287582 0.3400735294117647 0.016339869281045753 0.023284313725490197
0 0.7140522875816994 0.3449754901960784 0.022875816993464054 0.025735294117647058
0 0.9901960784313726 0.5471813725490196 0.0196078431372549 0.025735294117647058
0 0.34477124183006536 0.6568627450980392 0.026143790849673203 0.02696078431372549
0 0.6495098039215687 0.9246323529411764 0.01797385620915033 0.023284313725490197
0 0.6707516339869282 0.9675245098039216 0.02777777777777778 0.030637254901960783
0 0.6519607843137255 0.9736519607843137 0.022875816993464054 0.025735294117647058
0 0.00980392156862745 0.9105392156862745 0.016339869281045753 0.029411764705882353
0 0.049019607843137254 0.90625 0.029411764705882353 0.028186274509803922
0 0.09558823529411765 0.8474264705882353 0.02777777777777778 0.028186274509803922
0 0.008986928104575164 0.7285539215686274 0.014705882352941176 0.023284313725490197
0 0.01797385620915033 0.6917892156862745 0.016339869281045753 0.020833333333333332
0 0.05800653594771242 0.4319852941176471 0.021241830065359478 0.020833333333333332
0 0.049019607843137254 0.4528186274509804 0.0196078431372549 0.023284313725490197
0 0.03594771241830066 0.49019607843137253 0.022875816993464054 0.02696078431372549
0 0.031862745098039214 0.5349264705882353 0.024509803921568627 0.028186274509803922
