0 0.25653594771241833 0.3645833333333333 0.0196078431372549 0.023284313725490197
0 0.4754901960784314 0.4840686274509804 0.026143790849673203 0.022058823529411763
0 0.3946078431372549 0.548406862745098 0.014705882352941176 0.015931372549019607
0 0.4109477124183007 0.5551470588235294 0.014705882352941176 0.01715686274509804
0 0.39542483660130723 0.5790441176470588 0.0392156862745098 0.03799019607843137
0 0.9411764705882353 0.2420343137254902 0.013071895424836602 0.01838235294117647
0 0.9117647058823529 0.30392156862745096 0.026143790849673203 0.03676470588235294
0 0.9354575163398693 0.3088235294117647 0.014705882352941176 0.024509803921568627
0 0.9387254901960784 0.3596813725490196 0.014705882352941176 0.01838235294117647
0 0.9354575163398693 0.4325980392156863 0.014705882352941176 0.0196078431372549
0 0.9142156862745099 0.46017156862745096 0.014705882352941176 0.01838235294117647
0 0.9477124183006537 0.4993872549019608 0.013071895424836602 0.020833333333333332
0 0.9101307189542484 0.5367647058823529 0.016339869281045753 0.022058823529411763
0 0.9011437908496732 0.5526960784313726 0.021241830065359478 0.024509803921568627
0 0.9330065359477124 0.5692401960784313 0.016339869281045753 0.01838235294117647
0 0.928921568627451 0.5876225490196079 0.021241830065359478 0.01838235294117647
0 0.9125816993464052 0.6029411764705882 0.01797385620915033 0.01715686274509804
0 0.9313725490196079 0.6207107843137255 0.042483660130718956 0.04779411764705882
0 0.9133986928104575 0.6403186274509803 0.016339869281045753 0.015931372549019607
0 0.9166666666666667 0.6617647058823529 0.022875816993464054 0.022058823529411763
0 0.9281045751633987 0.6495098039215687 0.013071895424836602 0.014705882352941176
0 0.8423202614379085 0.6875 0.021241830065359478 0.022058823529411763
0 0.823529411764706 0.7579656862745098 0.0196078431372549 0.023284313725490197
0 0.9027777777777778 0.9485294117647058 0.03104575163398693 0.0392156862745098
