0 0.2604166666666667 0.988562091503268 0.01838235294117647 0.022875816993464054
0 0.012867647058823529 0.024509803921568627 0.015931372549019607 0.0196078431372549
0 0.016544117647058824 0.05473856209150327 0.015931372549019607 0.01797385620915033
0 0.028799019607843136 0.049019607843137254 0.013480392156862746 0.013071895424836602
0 0.029411764705882353 0.02777777777777778 0.014705882352941176 0.016339869281045753
0 0.0428921568627451 0.03676470588235294 0.01715686274509804 0.01797385620915033
0 0.05392156862745098 0.06372549019607843 0.01715686274509804 0.013071895424836602
0 0.0741421568627451 0.0661764705882353 0.013480392156862746 0.011437908496732027
0 0.09436274509803921 0.0784313725490196 0.01715686274509804 0.013071895424836602
0 0.09313725490196079 0.09150326797385622 0.01715686274509804 0.013071895424836602
0 0.10232843137254902 0.06290849673202614 0.015931372549019607 0.014705882352941176
0 0.11274509803921569 0.07026143790849673 0.012254901960784314 0.022875816993464054
0 0.12254901960784313 0.08251633986928104 0.01715686274509804 0.014705882352941176
0 0.13051470588235295 0.06454248366013073 0.015931372549019607 0.014705882352941176
0 0.13909313725490197 0.07679738562091504 0.01838235294117647 0.016339869281045753
0 0.15747549019607843 0.08741830065359478 0.01838235294117647 0.014705882352941176
0 0.22487745098039216 0.09068627450980392 0.01838235294117647 0.011437908496732027
0 0.3333333333333333 0.10049019607843138 0.01715686274509804 0.014705882352941176
0 0.35049019607843135 0.09477124183006536 0.014705882352941176 0.016339869281045753
0 0.36580882352941174 0.09967320261437909 0.015931372549019607 0.022875816993464054
0 0.3676470588235294 0.07516339869281045 0.014705882352941176 0.016339869281045753
0 0.38235294117647056 0.08333333333333334 0.014705882352941176 0.013071895424836602
0 0.3866421568627451 0.07434640522875817 0.011029411764705881 0.014705882352941176
0 0.4301470588235294 0.08741830065359478 0.014705882352941176 0.014705882352941176
0 0.45465686274509803 0.11519607843137256 0.01715686274509804 0.014705882352941176
0 0.45159313725490197 0.23529411764705882 0.01838235294117647 0.016339869281045753
0 0.4993872549019608 0.24183006535947713 0.01838235294117647 0.013071895424836602
0 0.5281862745098039 0.25 0.012254901960784314 0.016339869281045753
0 0.5416666666666666 0.26143790849673204 0.0196078431372549 0.016339869281045753
0 0.5582107843137255 0.25 0.01838235294117647 0.016339869281045753
0 0.5753676470588235 0.244281045751634 0.01838235294117647 0.014705882352941176
0 0.585171568627451 0.2679738562091503 0.020833333333333332 0.0196078431372549
0 0.6115196078431372 0.2818627450980392 0.01715686274509804 0.02777777777777778
0 0.7303921568627451 0.12908496732026145 0.014705882352941176 0.013071895424836602
0 0.7181372549019608 0.14133986928104575 0.0392156862745098 0.03758169934640523
0 0.7512254901960784 0.13480392156862744 0.014705882352941176 0.011437908496732027
0 0.7610294117647058 0.10620915032679738 0.0196078431372549 0.0196078431372549
0 0.7622549019607843 0.1454248366013072 0.0196078431372549 0.016339869281045753
0 0.7708333333333334 0.1315359477124183 0.0196078431372549 0.01797385620915033
0 0.7849264705882353 0.12173202614379085 0.01838235294117647 0.01797385620915033
0 0.8033088235294118 0.11683006535947713 0.020833333333333332 0.01797385620915033
0 0.8149509803921569 0.125 0.0196078431372549 0.01797385620915033
0 0.7971813725490196 0.14052287581699346 0.020833333333333332 0.016339869281045753
0 0.8161764705882353 0.14705882352941177 0.0196078431372549 0.016339869281045753
0 0.8272058823529411 0.13398692810457516 0.01715686274509804 0.016339869281045753
0 0.8321078431372549 0.14624183006535948 0.014705882352941176 0.011437908496732027
0 0.8455882352941176 0.13562091503267976 0.014705882352941176 0.016339869281045753
