0 0.7622549019607844 0.44730392156862747 0.024509803921568627 0.0196078431372549
0 0.7949346405228759 0.4613970588235294 0.03104575163398693 0.01838235294117647
0 0.9746732026143791 0.3915441176470588 0.014705882352941176 0.020833333333333332
0 0.9934640522875817 0.4319852941176471 0.013071895424836602 0.023284313725490197
0 0.9730392156862745 0.4411764705882353 0.01797385620915033 0.01715686274509804
0 0.988562091503268 0.4491421568627451 0.022875816993464054 0.020833333333333332
0 0.9918300653594772 0.47181372549019607 0.016339869281045753 0.02696078431372549
0 0.9648692810457516 0.47855392156862747 0.03758169934640523 0.03308823529411765
0 0.977124183006536 0.49142156862745096 0.032679738562091505 0.0196078431372549
0 0.9877450980392157 0.5030637254901961 0.021241830065359478 0.020833333333333332
0 0.9632352941176471 0.5073529411764706 0.02777777777777778 0.022058823529411763
0 0.9264705882352942 0.5012254901960784 0.026143790849673203 0.024509803921568627
0 0.9419934640522876 0.522671568627451 0.01797385620915033 0.023284313725490197
0 0.9534313725490197 0.5435049019607843 0.021241830065359478 0.023284313725490197
0 0.8774509803921569 0.4932598039215686 0.022875816993464054 0.028186274509803922
0 0.8447712418300654 0.4987745098039216 0.029411764705882353 0.01715686274509804
0 0.8562091503267975 0.5153186274509803 0.022875816993464054 0.023284313725490197
0 0.8537581699346406 0.5416666666666666 0.02777777777777778 0.02696078431372549
0 0.9027777777777778 0.5367647058823529 0.04084967320261438 0.02696078431372549
0 0.9379084967320261 0.5649509803921569 0.029411764705882353 0.03431372549019608
0 0.9591503267973857 0.5661764705882353 0.022875816993464054 0.024509803921568627
0 0.9893790849673203 0.585171568627451 0.021241830065359478 0.025735294117647058
0 0.9918300653594772 0.6115196078431372 0.016339869281045753 0.031862745098039214
0 0.9803921568627452 0.625 0.026143790849673203 0.029411764705882353
0 0.9877450980392157 0.647671568627451 0.024509803921568627 0.03308823529411765
0 0.9656862745098039 0.5900735294117647 0.026143790849673203 0.028186274509803922
0 0.9477124183006537 0.6096813725490196 0.022875816993464054 0.020833333333333332
0 0.948529411764706 0.633578431372549 0.02777777777777778 0.029411764705882353
0 0.9125816993464052 0.5778186274509803 0.024509803921568627 0.023284313725490197
0 0.8684640522875817 0.5545343137254902 0.014705882352941176 0.01838235294117647
0 0.8357843137254902 0.5441176470588235 0.024509803921568627 0.022058823529411763
0 0.8782679738562091 0.5716911764705882 0.01797385620915033 0.023284313725490197
0 0.8946078431372549 0.5821078431372549 0.01797385620915033 0.0196078431372549
0 0.9084967320261438 0.6011029411764706 0.03594771241830066 0.028186274509803922
0 0.9150326797385622 0.6188725490196079 0.0196078431372549 0.01715686274509804
0 0.9281045751633987 0.6225490196078431 0.016339869281045753 0.014705882352941176
0 0.9256535947712419 0.6397058823529411 0.01797385620915033 0.0196078431372549
0 0.8333333333333334 0.5692401960784313 0.022875816993464054 0.025735294117647058
0 0.8496732026143791 0.5821078431372549 0.029411764705882353 0.029411764705882353
0 0.8651960784313726 0.5925245098039216 0.03758169934640523 0.023284313725490197
0 0.8766339869281046 0.6102941176470588 0.02777777777777778 0.024509803921568627
0 0.8848039215686275 0.6360294117647058 0.03758169934640523 0.03676470588235294
0 0.8586601307189543 0.6213235294117647 0.03431372549019608 0.03676470588235294
0 0.8145424836601307 0.5857843137254902 0.01797385620915033 0.0196078431372549
0 0.8169934640522876 0.6066176470588235 0.029411764705882353 0.029411764705882353
0 0.8366013071895425 0.6090686274509803 0.022875816993464054 0.024509803921568627
0 0.8251633986928105 0.6378676470588235 0.032679738562091505 0.03799019607843137
0 0.852124183006536 0.6433823529411765 0.024509803921568627 0.0196078431372549
0 0.8333333333333334 0.6672794117647058 0.026143790849673203 0.030637254901960783
0 0.8602941176470589 0.6758578431372549 0.04084967320261438 0.03553921568627451
0 0.940359477124183 0.6605392156862745 0.021241830065359478 0.022058823529411763
0 0.9607843137254902 0.6666666666666666 0.029411764705882353 0.01715686274509804
0 0.9689542483660131 0.6973039215686274 0.0196078431372549 0.01715686274509804
0 0.9526143790849674 0.6825980392156863 0.0196078431372549 0.024509803921568627
0 0.9305555555555556 0.678921568627451 0.03104575163398693 0.01715686274509804
0 0.9901960784313726 0.7248774509803921 0.0196078431372549 0.03308823529411765
0 0.9910130718954249 0.7892156862745098 0.01797385620915033 0.029411764705882353
0 0.9705882352941176 0.8026960784313726 0.026143790849673203 0.024509803921568627
0 0.9844771241830066 0.8204656862745098 0.01797385620915033 0.020833333333333332
0 0.9305555555555556 0.7291666666666666 0.03104575163398693 0.03431372549019608
0 0.9509803921568628 0.7450980392156863 0.029411764705882353 0.029411764705882353
0 0.9411764705882353 0.7647058823529411 0.022875816993464054 0.022058823529411763
0 0.7933006535947713 0.6170343137254902 0.021241830065359478 0.023284313725490197
0 0.7973856209150327 0.6360294117647058 0.016339869281045753 0.022058823529411763
0 0.809640522875817 0.6605392156862745 0.01797385620915033 0.01715686274509804
0 0.8423202614379085 0.6899509803921569 0.014705882352941176 0.01715686274509804
0 0.8537581699346406 0.704656862745098 0.024509803921568627 0.022058823529411763
0 0.8758169934640523 0.7052696078431372 0.016339869281045753 0.023284313725490197
0 0.8374183006535948 0.7107843137254902 0.021241830065359478 0.022058823529411763
0 0.8447712418300654 0.7328431372549019 0.03594771241830066 0.03431372549019608
0 0.8684640522875817 0.7340686274509803 0.021241830065359478 0.024509803921568627
0 0.8145424836601307 0.7303921568627451 0.02777777777777778 0.022058823529411763
0 0.7034313725490197 0.5986519607843137 0.024509803921568627 0.025735294117647058
0 0.7083333333333334 0.6256127450980392 0.021241830065359478 0.015931372549019607
0 0.6772875816993464 0.6151960784313726 0.021241830065359478 0.022058823529411763
0 0.6928104575163399 0.633578431372549 0.026143790849673203 0.02696078431372549
0 0.6576797385620915 0.6121323529411765 0.021241830065359478 0.025735294117647058
0 0.6519607843137255 0.6348039215686274 0.0196078431372549 0.024509803921568627
0 0.6699346405228759 0.6341911764705882 0.0196078431372549 0.020833333333333332
0 0.6740196078431373 0.6501225490196079 0.03431372549019608 0.03553921568627451
0 0.6952614379084967 0.65625 0.014705882352941176 0.01838235294117647
0 0.6928104575163399 0.6770833333333334 0.0196078431372549 0.023284313725490197
0 0.6454248366013072 0.6727941176470588 0.042483660130718956 0.022058823529411763
0 0.7393790849673203 0.6531862745098039 0.03104575163398693 0.03431372549019608
0 0.7630718954248367 0.6672794117647058 0.029411764705882353 0.023284313725490197
0 0.7630718954248367 0.6850490196078431 0.03594771241830066 0.014705882352941176
0 0.7393790849673203 0.6764705882352942 0.03104575163398693 0.014705882352941176
0 0.763888888888889 0.7028186274509803 0.024509803921568627 0.025735294117647058
0 0.9746732026143791 0.8988970588235294 0.02777777777777778 0.03308823529411765
0 0.9869281045751634 0.914828431372549 0.0196078431372549 0.025735294117647058
0 0.9918300653594772 0.9393382352941176 0.016339869281045753 0.025735294117647058
0 0.9714052287581699 0.9283088235294118 0.01797385620915033 0.023284313725490197
0 0.9844771241830066 0.9613970588235294 0.02777777777777778 0.015931372549019607
0 0.9697712418300654 0.9810049019607843 0.021241830065359478 0.020833333333333332
0 0.9011437908496732 0.9693627450980392 0.021241830065359478 0.022058823529411763
0 0.8921568627450981 0.9552696078431372 0.026143790849673203 0.01838235294117647
0 0.869281045751634 0.9515931372549019 0.026143790849673203 0.023284313725490197
0 0.8129084967320261 0.7977941176470588 0.021241830065359478 0.022058823529411763
0 0.7736928104575164 0.9785539215686274 0.024509803921568627 0.025735294117647058
0 0.6070261437908497 0.9319852941176471 0.04411764705882353 0.030637254901960783
0 0.5441176470588236 0.8492647058823529 0.022875816993464054 0.024509803921568627
0 0.5441176470588236 0.866421568627451 0.0392156862745098 0.0196078431372549
0 0.5285947712418301 0.8474264705882353 0.021241830065359478 0.013480392156862746
0 0.5212418300653595 0.8596813725490196 0.032679738562091505 0.01838235294117647
0 0.494281045751634 0.8688725490196079 0.01797385620915033 0.0196078431372549
0 0.5073529411764706 0.8792892156862745 0.02777777777777778 0.028186274509803922
0 0.5433006535947713 0.8903186274509803 0.01797385620915033 0.01838235294117647
0 0.5302287581699346 0.8988970588235294 0.02777777777777778 0.01838235294117647
0 0.5049019607843137 0.8982843137254902 0.032679738562091505 0.014705882352941176
0 0.5089869281045751 0.9129901960784313 0.03431372549019608 0.0196078431372549
0 0.5245098039215687 0.9172794117647058 0.032679738562091505 0.015931372549019607
0 0.4673202614379085 0.9019607843137255 0.0196078431372549 0.0196078431372549
0 0.488562091503268 0.9209558823529411 0.022875816993464054 0.01838235294117647
0 0.4861111111111111 0.883578431372549 0.01797385620915033 0.014705882352941176
0 0.440359477124183 0.9087009803921569 0.02777777777777778 0.030637254901960783
0 0.4166666666666667 0.9111519607843137 0.026143790849673203 0.01838235294117647
0 0.4199346405228758 0.9301470588235294 0.016339869281045753 0.0196078431372549
0 0.4746732026143791 0.9822303921568627 0.01797385620915033 0.023284313725490197
0 0.45179738562091504 0.991421568627451 0.024509803921568627 0.01715686274509804
0 0.13970588235294118 0.7965686274509803 0.04084967320261438 0.03676470588235294
0 0.09477124183006536 0.5912990196078431 0.022875816993464054 0.01838235294117647
