0 0.08660130718954248 0.07107843137254902 0.032679738562091505 0.03676470588235294
0 0.20915032679738563 0.16482843137254902 0.022875816993464054 0.023284313725490197
0 0.14052287581699346 0.25980392156862747 0.032679738562091505 0.022058823529411763
0 0.04411764705882353 0.2763480392156863 0.016339869281045753 0.01838235294117647
0 0.04330065359477124 0.3167892156862745 0.03431372549019608 0.04044117647058824
0 0.058823529411764705 0.3321078431372549 0.0392156862745098 0.04656862745098039
0 0.03431372549019608 0.3596813725490196 0.029411764705882353 0.03308823529411765
0 0.04411764705882353 0.40625 0.0196078431372549 0.020833333333333332
0 0.13316993464052287 0.4111519607843137 0.02777777777777778 0.023284313725490197
0 0.03839869281045752 0.45098039215686275 0.04084967320261438 0.03431372549019608
0 0.04493464052287582 0.4730392156862745 0.024509803921568627 0.024509803921568627
0 0.035130718954248366 0.49693627450980393 0.021241830065359478 0.023284313725490197
0 0.018790849673202614 0.5104166666666666 0.021241830065359478 0.01838235294117647
0 0.06127450980392157 0.5465686274509803 0.03431372549019608 0.03676470588235294
0 0.035130718954248366 0.5526960784313726 0.024509803921568627 0.031862745098039214
0 0.04166666666666667 0.5723039215686274 0.03104575163398693 0.022058823529411763
0 0.05392156862745098 0.5925245098039216 0.026143790849673203 0.023284313725490197
0 0.012254901960784314 0.5827205882352942 0.021241830065359478 0.020833333333333332
0 0.01388888888888889 0.5992647058823529 0.024509803921568627 0.02696078431372549
0 0.02042483660130719 0.6194852941176471 0.03104575163398693 0.03799019607843137
0 0.04330065359477124 0.6188725490196079 0.021241830065359478 0.02696078431372549
0 0.021241830065359478 0.6415441176470588 0.026143790849673203 0.01838235294117647
0 0.021241830065359478 0.6605392156862745 0.022875816993464054 0.022058823529411763
0 0.07761437908496732 0.6715686274509803 0.024509803921568627 0.024509803921568627
0 0.12581699346405228 0.6985294117647058 0.029411764705882353 0.022058823529411763
0 0.315359477124183 0.6930147058823529 0.0196078431372549 0.025735294117647058
0 0.39869281045751637 0.6629901960784313 0.022875816993464054 0.02696078431372549
0 0.34558823529411764 0.6446078431372549 0.03104575163398693 0.03676470588235294
0 0.3178104575163399 0.6488970588235294 0.02777777777777778 0.025735294117647058
0 0.09558823529411765 0.928921568627451 0.02777777777777778 0.024509803921568627
0 0.059640522875817 0.009191176470588236 0.021241830065359478 0.015931372549019607
