0 0.013071895424836602 0.17095588235294118 0.022875816993464054 0.030637254901960783
0 0.2785947712418301 0.03125 0.02777777777777778 0.023284313725490197
0 0.2720588235294118 0.07659313725490197 0.02777777777777778 0.025735294117647058
0 0.3823529411764706 0.06066176470588235 0.026143790849673203 0.023284313725490197
0 0.5269607843137255 0.09068627450980392 0.03104575163398693 0.022058823529411763
0 0.6233660130718954 0.051470588235294115 0.02777777777777778 0.024509803921568627
0 0.7467320261437909 0.007965686274509803 0.029411764705882353 0.013480392156862746
0 0.9240196078431373 0.0196078431372549 0.021241830065359478 0.029411764705882353
0 0.988562091503268 0.12806372549019607 0.016339869281045753 0.025735294117647058
0 0.5163398692810458 0.20098039215686275 0.05228758169934641 0.044117647058823525
0 0.20669934640522877 0.4050245098039216 0.02777777777777778 0.025735294117647058
0 0.22957516339869283 0.4019607843137255 0.024509803921568627 0.029411764705882353
0 0.7393790849673203 0.4577205882352941 0.02777777777777778 0.025735294117647058
0 0.14624183006535948 0.6305147058823529 0.03104575163398693 0.025735294117647058
0 0.022875816993464054 0.8988970588235294 0.022875816993464054 0.023284313725490197
0 0.2728758169934641 0.8762254901960784 0.03594771241830066 0.031862745098039214
0 0.303921568627451 0.9068627450980392 0.026143790849673203 0.029411764705882353
0 0.7222222222222222 0.7463235294117647 0.026143790849673203 0.024509803921568627
0 0.9468954248366014 0.7095588235294118 0.021241830065359478 0.024509803921568627
0 0.7663398692810458 0.9332107843137255 0.0196078431372549 0.023284313725490197
