0 0.029411764705882353 0.11948529411764705 0.0392156862745098 0.0428921568627451
0 0.32026143790849676 0.08026960784313725 0.026143790849673203 0.01838235294117647
0 0.34885620915032683 0.09252450980392157 0.024509803921568627 0.03308823529411765
0 0.38071895424836605 0.010416666666666666 0.022875816993464054 0.01838235294117647
0 0.3709150326797386 0.03002450980392157 0.016339869281045753 0.01838235294117647
0 0.37173202614379086 0.04534313725490196 0.014705882352941176 0.022058823529411763
0 0.3872549019607843 0.05269607843137255 0.013071895424836602 0.01715686274509804
0 0.5906862745098039 0.15992647058823528 0.02777777777777778 0.020833333333333332
0 0.7181372549019608 0.018995098039215685 0.01797385620915033 0.020833333333333332
0 0.7287581699346406 0.037377450980392156 0.0196078431372549 0.023284313725490197
0 0.7393790849673203 0.016544117647058824 0.021241830065359478 0.023284313725490197
0 0.9011437908496732 0.025122549019607844 0.024509803921568627 0.028186274509803922
0 0.9150326797385622 0.049019607843137254 0.022875816993464054 0.01715686274509804
0 0.9419934640522876 0.0428921568627451 0.01797385620915033 0.0196078431372549
0 0.940359477124183 0.06556372549019608 0.01797385620915033 0.01838235294117647
0 0.8880718954248367 0.06066176470588235 0.01797385620915033 0.023284313725490197
0 0.8537581699346406 0.07169117647058823 0.014705882352941176 0.015931372549019607
0 0.8529411764705883 0.1096813725490196 0.016339869281045753 0.01838235294117647
0 0.9052287581699346 0.09313725490196079 0.0196078431372549 0.01715686274509804
0 0.7197712418300654 0.14767156862745098 0.021241830065359478 0.020833333333333332
0 0.7001633986928105 0.1685049019607843 0.01797385620915033 0.020833333333333332
0 0.6993464052287582 0.18933823529411764 0.022875816993464054 0.020833333333333332
0 0.7238562091503268 0.17034313725490197 0.016339869281045753 0.0196078431372549
0 0.7214052287581699 0.18627450980392157 0.01797385620915033 0.01715686274509804
0 0.7222222222222222 0.20894607843137256 0.0196078431372549 0.020833333333333332
0 0.1715686274509804 0.21262254901960784 0.016339869281045753 0.023284313725490197
0 0.28594771241830064 0.19791666666666666 0.032679738562091505 0.023284313725490197
0 0.3611111111111111 0.2028186274509804 0.029411764705882353 0.023284313725490197
0 0.2638888888888889 0.25735294117647056 0.01797385620915033 0.022058823529411763
0 0.2777777777777778 0.2665441176470588 0.026143790849673203 0.015931372549019607
0 0.3104575163398693 0.2775735294117647 0.0196078431372549 0.020833333333333332
0 0.315359477124183 0.2928921568627451 0.016339869281045753 0.01715686274509804
0 0.33169934640522875 0.2824754901960784 0.0196078431372549 0.020833333333333332
0 0.3357843137254902 0.3069852941176471 0.01797385620915033 0.020833333333333332
0 0.8374183006535948 0.2665441176470588 0.014705882352941176 0.020833333333333332
0 0.6993464052287582 0.2775735294117647 0.016339869281045753 0.020833333333333332
0 0.8472222222222222 0.2959558823529412 0.021241830065359478 0.015931372549019607
0 0.8480392156862745 0.321078431372549 0.013071895424836602 0.01715686274509804
0 0.8308823529411765 0.32965686274509803 0.014705882352941176 0.01715686274509804
0 0.823529411764706 0.3449754901960784 0.016339869281045753 0.01838235294117647
0 0.8366013071895425 0.3431372549019608 0.016339869281045753 0.01715686274509804
0 0.8643790849673203 0.34375 0.026143790849673203 0.015931372549019607
0 0.18382352941176472 0.3229166666666667 0.021241830065359478 0.020833333333333332
0 0.2450980392156863 0.29840686274509803 0.029411764705882353 0.020833333333333332
0 0.2622549019607843 0.31862745098039214 0.01797385620915033 0.0196078431372549
0 0.26143790849673204 0.3425245098039216 0.0196078431372549 0.023284313725490197
0 0.23447712418300654 0.3560049019607843 0.021241830065359478 0.01838235294117647
0 0.20915032679738563 0.36580882352941174 0.022875816993464054 0.020833333333333332
0 0.2312091503267974 0.3805147058823529 0.021241830065359478 0.020833333333333332
0 0.22630718954248366 0.3958333333333333 0.02777777777777778 0.01715686274509804
0 0.3161764705882353 0.3854166666666667 0.021241830065359478 0.023284313725490197
0 0.34558823529411764 0.3792892156862745 0.021241830065359478 0.020833333333333332
0 0.34477124183006536 0.39705882352941174 0.022875816993464054 0.022058823529411763
0 0.35947712418300654 0.4178921568627451 0.022875816993464054 0.0196078431372549
0 0.3602941176470588 0.4381127450980392 0.021241830065359478 0.01838235294117647
0 0.3464052287581699 0.4528186274509804 0.016339869281045753 0.020833333333333332
0 0.46568627450980393 0.2977941176470588 0.022875816993464054 0.022058823529411763
0 0.4861111111111111 0.2935049019607843 0.01797385620915033 0.025735294117647058
0 0.5236928104575164 0.27512254901960786 0.021241830065359478 0.020833333333333332
0 0.5375816993464052 0.29840686274509803 0.022875816993464054 0.020833333333333332
0 0.5236928104575164 0.3860294117647059 0.021241830065359478 0.022058823529411763
0 0.5441176470588236 0.3958333333333333 0.022875816993464054 0.022058823529411763
0 0.5171568627450981 0.4056372549019608 0.024509803921568627 0.0196078431372549
0 0.5302287581699346 0.4172794117647059 0.021241830065359478 0.01838235294117647
0 0.7083333333333334 0.3590686274509804 0.021241830065359478 0.022058823529411763
0 0.698529411764706 0.3952205882352941 0.01797385620915033 0.023284313725490197
0 0.8464052287581699 0.36887254901960786 0.013071895424836602 0.01715686274509804
0 0.8055555555555556 0.39338235294117646 0.013071895424836602 0.014705882352941176
0 0.8047385620915033 0.4166666666666667 0.014705882352941176 0.0196078431372549
0 0.8120915032679739 0.4325980392156863 0.013071895424836602 0.0196078431372549
0 0.8227124183006537 0.4301470588235294 0.008169934640522876 0.01715686274509804
0 0.8227124183006537 0.4522058823529412 0.014705882352941176 0.01715686274509804
0 0.8194444444444444 0.4142156862745098 0.011437908496732027 0.01715686274509804
0 0.8202614379084967 0.4736519607843137 0.013071895424836602 0.01838235294117647
0 0.8349673202614379 0.4810049019607843 0.013071895424836602 0.01838235294117647
0 0.7933006535947713 0.5980392156862745 0.014705882352941176 0.024509803921568627
0 0.8006535947712419 0.5778186274509803 0.016339869281045753 0.01838235294117647
0 0.8071895424836601 0.5998774509803921 0.00980392156862745 0.01838235294117647
0 0.7957516339869282 0.6188725490196079 0.013071895424836602 0.01715686274509804
0 0.803921568627451 0.6274509803921569 0.00980392156862745 0.01715686274509804
0 0.8145424836601307 0.6176470588235294 0.011437908496732027 0.01715686274509804
0 0.8995098039215687 0.5784313725490196 0.014705882352941176 0.022058823529411763
0 0.7965686274509804 0.6378676470588235 0.014705882352941176 0.015931372549019607
0 0.8129084967320261 0.6439950980392157 0.01797385620915033 0.01838235294117647
0 0.8055555555555556 0.6580882352941176 0.016339869281045753 0.01715686274509804
0 0.8006535947712419 0.6795343137254902 0.016339869281045753 0.015931372549019607
0 0.7892156862745098 0.7346813725490196 0.016339869281045753 0.01838235294117647
0 0.7916666666666667 0.7512254901960784 0.01797385620915033 0.0196078431372549
0 0.6683006535947713 0.7469362745098039 0.016339869281045753 0.01838235294117647
0 0.6633986928104575 0.7647058823529411 0.016339869281045753 0.01715686274509804
0 0.6723856209150327 0.7843137254901961 0.014705882352941176 0.01715686274509804
0 0.4934640522875817 0.664828431372549 0.029411764705882353 0.020833333333333332
0 0.32679738562091504 0.7052696078431372 0.0196078431372549 0.020833333333333332
0 0.2540849673202614 0.7028186274509803 0.01797385620915033 0.023284313725490197
0 0.25245098039215685 0.7248774509803921 0.01797385620915033 0.023284313725490197
0 0.2573529411764706 0.7444852941176471 0.01797385620915033 0.01838235294117647
0 0.2785947712418301 0.7267156862745098 0.024509803921568627 0.024509803921568627
0 0.24918300653594772 0.8198529411764706 0.024509803921568627 0.024509803921568627
0 0.3104575163398693 0.7922794117647058 0.022875816993464054 0.020833333333333332
0 0.30637254901960786 0.8149509803921569 0.01797385620915033 0.0196078431372549
0 0.30718954248366015 0.8363970588235294 0.0196078431372549 0.015931372549019607
0 0.30637254901960786 0.8517156862745098 0.024509803921568627 0.01715686274509804
0 0.3145424836601307 0.8658088235294118 0.01797385620915033 0.015931372549019607
0 0.3243464052287582 0.8302696078431372 0.01797385620915033 0.020833333333333332
0 0.36683006535947715 0.8860294117647058 0.021241830065359478 0.022058823529411763
0 0.4428104575163399 0.7696078431372549 0.0196078431372549 0.022058823529411763
0 0.4852941176470588 0.7598039215686274 0.022875816993464054 0.022058823529411763
0 0.5465686274509804 0.7849264705882353 0.024509803921568627 0.025735294117647058
0 0.5351307189542484 0.8033088235294118 0.01797385620915033 0.01838235294117647
0 0.5261437908496732 0.8155637254901961 0.022875816993464054 0.020833333333333332
0 0.2777777777777778 0.9540441176470588 0.022875816993464054 0.020833333333333332
0 0.3006535947712418 0.9540441176470588 0.0196078431372549 0.020833333333333332
0 0.2647058823529412 0.9803921568627451 0.0196078431372549 0.0196078431372549
0 0.2434640522875817 0.9871323529411764 0.0196078431372549 0.020833333333333332
0 0.6062091503267975 0.8737745098039216 0.016339869281045753 0.022058823529411763
0 0.6339869281045751 0.8602941176470588 0.016339869281045753 0.0196078431372549
0 0.6299019607843137 0.8780637254901961 0.014705882352941176 0.01838235294117647
0 0.6274509803921569 0.8952205882352942 0.0196078431372549 0.015931372549019607
0 0.6470588235294118 0.8743872549019608 0.013071895424836602 0.01838235294117647
0 0.6405228758169935 0.892156862745098 0.00980392156862745 0.01715686274509804
0 0.6527777777777778 0.8995098039215687 0.01797385620915033 0.022058823529411763
0 0.6299019607843137 0.9099264705882353 0.024509803921568627 0.015931372549019607
0 0.5972222222222222 0.9803921568627451 0.01797385620915033 0.0196078431372549
0 0.6650326797385621 0.9620098039215687 0.016339869281045753 0.022058823529411763
0 0.7777777777777778 0.9920343137254902 0.022875816993464054 0.015931372549019607
0 0.8741830065359477 0.9534313725490196 0.016339869281045753 0.022058823529411763
0 0.863562091503268 0.9699754901960784 0.01797385620915033 0.020833333333333332
0 0.8366013071895425 0.9736519607843137 0.022875816993464054 0.015931372549019607
0 0.8480392156862745 0.9920343137254902 0.0196078431372549 0.015931372549019607
0 0.8823529411764706 0.9779411764705882 0.0196078431372549 0.02696078431372549
0 0.9673202614379085 0.42769607843137253 0.016339869281045753 0.022058823529411763
0 0.06781045751633988 0.20159313725490197 0.021241830065359478 0.020833333333333332
0 0.058823529411764705 0.22181372549019607 0.026143790849673203 0.012254901960784314
0 0.04820261437908497 0.23345588235294118 0.01797385620915033 0.013480392156862746
0 0.06290849673202614 0.2389705882352941 0.014705882352941176 0.0196078431372549
0 0.03839869281045752 0.24325980392156862 0.024509803921568627 0.015931372549019607
0 0.05555555555555556 0.25735294117647056 0.0196078431372549 0.01715686274509804
0 0.0392156862745098 0.2659313725490196 0.016339869281045753 0.01715686274509804
0 0.021241830065359478 0.2659313725490196 0.0196078431372549 0.0196078431372549
0 0.02042483660130719 0.2855392156862745 0.01797385620915033 0.0196078431372549
0 0.006535947712418301 0.28860294117647056 0.00980392156862745 0.01838235294117647
