0 0.1707516339869281 0.05698529411764706 0.01797385620915033 0.01838235294117647
0 0.18055555555555555 0.07107843137254902 0.014705882352941176 0.0196078431372549
0 0.12663398692810457 0.024509803921568627 0.024509803921568627 0.014705882352941176
0 0.13071895424836602 0.0392156862745098 0.0196078431372549 0.022058823529411763
0 0.09640522875816994 0.03308823529411765 0.013071895424836602 0.01715686274509804
0 0.10457516339869281 0.049019607843137254 0.0196078431372549 0.0196078431372549
0 0.11111111111111112 0.07659313725490197 0.016339869281045753 0.01838235294117647
0 0.12009803921568628 0.08823529411764705 0.01797385620915033 0.01715686274509804
0 0.11683006535947713 0.1090686274509804 0.01797385620915033 0.0196078431372549
0 0.1315359477124183 0.1090686274509804 0.01797385620915033 0.0196078431372549
0 0.14133986928104575 0.11580882352941177 0.021241830065359478 0.01838235294117647
0 0.13071895424836602 0.12867647058823528 0.016339869281045753 0.0196078431372549
0 0.16748366013071897 0.15625 0.021241830065359478 0.01838235294117647
0 0.1503267973856209 0.16237745098039216 0.0196078431372549 0.020833333333333332
0 0.13562091503267976 0.20649509803921567 0.0196078431372549 0.030637254901960783
0 0.13643790849673204 0.25306372549019607 0.04738562091503268 0.023284313725490197
0 0.11356209150326797 0.2892156862745098 0.01797385620915033 0.0196078431372549
0 0.10620915032679738 0.3314950980392157 0.016339869281045753 0.015931372549019607
0 0.14460784313725492 0.3627450980392157 0.01797385620915033 0.0196078431372549
0 0.14869281045751634 0.3786764705882353 0.016339869281045753 0.0196078431372549
0 0.1315359477124183 0.375 0.014705882352941176 0.01715686274509804
0 0.13316993464052287 0.39338235294117646 0.021241830065359478 0.0196078431372549
0 0.1119281045751634 0.35784313725490197 0.014705882352941176 0.0196078431372549
0 0.11274509803921569 0.3382352941176471 0.013071895424836602 0.01715686274509804
0 0.12091503267973856 0.35784313725490197 0.016339869281045753 0.0196078431372549
0 0.15441176470588236 0.49203431372549017 0.021241830065359478 0.01838235294117647
0 0.12336601307189543 0.5134803921568627 0.03431372549019608 0.041666666666666664
0 0.15359477124183007 0.5220588235294118 0.016339869281045753 0.01715686274509804
0 0.16748366013071897 0.5373774509803921 0.01797385620915033 0.020833333333333332
0 0.1911764705882353 0.5551470588235294 0.0196078431372549 0.0196078431372549
0 0.19771241830065361 0.5790441176470588 0.0196078431372549 0.020833333333333332
0 0.17565359477124184 0.5631127450980392 0.01797385620915033 0.020833333333333332
0 0.17973856209150327 0.5870098039215687 0.0196078431372549 0.022058823529411763
0 0.125 0.5428921568627451 0.01797385620915033 0.01715686274509804
0 0.14297385620915032 0.553921568627451 0.01797385620915033 0.01715686274509804
0 0.11846405228758171 0.5649509803921569 0.021241830065359478 0.022058823529411763
0 0.12254901960784315 0.6305147058823529 0.016339869281045753 0.01838235294117647
0 0.10130718954248366 0.6482843137254902 0.016339869281045753 0.0196078431372549
0 0.1119281045751634 0.6617647058823529 0.01797385620915033 0.01715686274509804
0 0.10375816993464053 0.8388480392156863 0.021241830065359478 0.030637254901960783
0 0.10130718954248366 0.866421568627451 0.016339869281045753 0.024509803921568627
0 0.10049019607843138 0.9001225490196079 0.01797385620915033 0.020833333333333332
0 0.09477124183006536 0.9319852941176471 0.016339869281045753 0.01838235294117647
0 0.10212418300653595 0.9411764705882353 0.014705882352941176 0.0196078431372549
0 0.11029411764705882 0.9589460784313726 0.021241830065359478 0.028186274509803922
0 0.9566993464052288 0.5036764705882353 0.03104575163398693 0.022058823529411763
