0 0.14297385620915032 0.13480392156862744 0.02777777777777778 0.029411764705882353
0 0.440359477124183 0.21384803921568626 0.03104575163398693 0.028186274509803922
0 0.5890522875816994 0.20833333333333334 0.02777777777777778 0.02696078431372549
0 0.7622549019607844 0.30269607843137253 0.021241830065359478 0.024509803921568627
0 0.20016339869281047 0.2922794117647059 0.03104575163398693 0.028186274509803922
0 0.1895424836601307 0.32598039215686275 0.042483660130718956 0.051470588235294115
0 0.22058823529411764 0.32659313725490197 0.022875816993464054 0.023284313725490197
0 0.23366013071895425 0.4895833333333333 0.029411764705882353 0.025735294117647058
0 0.4207516339869281 0.47058823529411764 0.02777777777777778 0.03431372549019608
0 0.7091503267973857 0.36090686274509803 0.029411764705882353 0.03308823529411765
0 0.9191176470588236 0.4564950980392157 0.02777777777777778 0.020833333333333332
0 0.4901960784313726 0.6660539215686274 0.03594771241830066 0.03553921568627451
0 0.763888888888889 0.6544117647058824 0.021241830065359478 0.02696078431372549
0 0.6511437908496732 0.8075980392156863 0.024509803921568627 0.029411764705882353
0 0.7361111111111112 0.8848039215686274 0.024509803921568627 0.024509803921568627
0 0.3946078431372549 0.9356617647058824 0.021241830065359478 0.025735294117647058
