0 0.9501633986928105 0.0900735294117647 0.04084967320261438 0.03553921568627451
0 0.9526143790849674 0.13174019607843138 0.0392156862745098 0.03308823529411765
0 0.9509803921568628 0.19240196078431374 0.029411764705882353 0.031862745098039214
0 0.9264705882352942 0.19791666666666666 0.032679738562091505 0.028186274509803922
0 0.9109477124183006 0.1482843137254902 0.024509803921568627 0.02696078431372549
0 0.9011437908496732 0.11580882352941177 0.021241830065359478 0.025735294117647058
0 0.9321895424836601 0.1323529411764706 0.014705882352941176 0.01715686274509804
0 0.8717320261437909 0.06740196078431372 0.02777777777777778 0.031862745098039214
0 0.8880718954248367 0.08884803921568628 0.021241830065359478 0.025735294117647058
0 0.8717320261437909 0.09191176470588235 0.021241830065359478 0.024509803921568627
0 0.8562091503267975 0.09436274509803921 0.022875816993464054 0.022058823529411763
0 0.8619281045751634 0.1133578431372549 0.03431372549019608 0.01838235294117647
0 0.8741830065359477 0.13909313725490197 0.05228758169934641 0.0428921568627451
0 0.7099673202614379 0.19607843137254902 0.03431372549019608 0.031862745098039214
0 0.638888888888889 0.014705882352941176 0.042483660130718956 0.02696078431372549
0 0.6013071895424836 0.015318627450980392 0.022875816993464054 0.025735294117647058
0 0.6160130718954249 0.03308823529411765 0.026143790849673203 0.0196078431372549
0 0.6258169934640523 0.055759803921568624 0.022875816993464054 0.028186274509803922
0 0.6053921568627452 0.05269607843137255 0.024509803921568627 0.02696078431372549
0 0.6266339869281046 0.0784313725490196 0.03431372549019608 0.01715686274509804
0 0.6348039215686274 0.09375 0.02777777777777778 0.020833333333333332
0 0.6356209150326798 0.11887254901960784 0.026143790849673203 0.02696078431372549
0 0.6168300653594772 0.125 0.021241830065359478 0.02696078431372549
0 0.613562091503268 0.289828431372549 0.03104575163398693 0.025735294117647058
0 0.6290849673202614 0.3069852941176471 0.022875816993464054 0.023284313725490197
0 0.5106209150326797 0.09620098039215687 0.03104575163398693 0.03308823529411765
0 0.32107843137254904 0.12254901960784313 0.03758169934640523 0.031862745098039214
0 0.2949346405228758 0.12193627450980392 0.024509803921568627 0.023284313725490197
0 0.22957516339869283 0.13848039215686275 0.02777777777777778 0.024509803921568627
0 0.309640522875817 0.16237745098039216 0.024509803921568627 0.028186274509803922
0 0.3227124183006536 0.1488970588235294 0.03104575163398693 0.025735294117647058
0 0.12826797385620917 0.24754901960784315 0.057189542483660136 0.04656862745098039
0 0.31209150326797386 0.27941176470588236 0.03594771241830066 0.0392156862745098
0 0.0923202614379085 0.6096813725490196 0.024509803921568627 0.025735294117647058
