0 0.06740196078431372 0.031862745098039214 0.0392156862745098 0.06045751633986928
0 0.13541666666666666 0.04084967320261438 0.06495098039215687 0.058823529411764705
0 0.16115196078431374 0.012254901960784314 0.03308823529411765 0.021241830065359478
0 0.19301470588235295 0.01715686274509804 0.03308823529411765 0.02777777777777778
0 0.07352941176470588 0.07189542483660132 0.0392156862745098 0.029411764705882353
0 0.018995098039215685 0.05473856209150327 0.028186274509803922 0.021241830065359478
0 0.030637254901960783 0.08986928104575163 0.03431372549019608 0.026143790849673203
0 0.03431372549019608 0.11846405228758171 0.03676470588235294 0.03104575163398693
0 0.09803921568627451 0.11356209150326797 0.06372549019607843 0.05392156862745098
0 0.15992647058823528 0.09395424836601307 0.04779411764705882 0.03758169934640523
0 0.21691176470588236 0.09477124183006536 0.049019607843137254 0.042483660130718956
0 0.15196078431372548 0.12418300653594772 0.031862745098039214 0.026143790849673203
0 0.09252450980392157 0.15359477124183007 0.0428921568627451 0.026143790849673203
0 0.11090686274509803 0.184640522875817 0.07230392156862744 0.06209150326797386
0 0.04840686274509804 0.18300653594771243 0.05759803921568627 0.04575163398692811
0 0.013480392156862746 0.22222222222222224 0.024509803921568627 0.04575163398692811
0 0.04656862745098039 0.22303921568627452 0.024509803921568627 0.03104575163398693
0 0.06801470588235294 0.2238562091503268 0.028186274509803922 0.032679738562091505
0 0.10416666666666667 0.2303921568627451 0.0392156862745098 0.026143790849673203
0 0.07659313725490197 0.2704248366013072 0.0428921568627451 0.06045751633986928
0 0.029411764705882353 0.2508169934640523 0.031862745098039214 0.03431372549019608
0 0.0428921568627451 0.28104575163398693 0.0196078431372549 0.03594771241830066
0 0.02022058823529412 0.2965686274509804 0.030637254901960783 0.02777777777777778
0 0.02022058823529412 0.34477124183006536 0.020833333333333332 0.05228758169934641
0 0.1642156862745098 0.20098039215686275 0.05392156862745098 0.05228758169934641
0 0.2506127450980392 0.0196078431372549 0.025735294117647058 0.022875816993464054
0 0.30943627450980393 0.02696078431372549 0.06495098039215687 0.04738562091503268
0 0.3082107843137255 0.06454248366013073 0.030637254901960783 0.02777777777777778
0 0.3370098039215686 0.05800653594771242 0.02696078431372549 0.02777777777777778
0 0.3314950980392157 0.08986928104575163 0.01838235294117647 0.032679738562091505
0 0.3314950980392157 0.12173202614379085 0.01838235294117647 0.03758169934640523
0 0.29963235294117646 0.13643790849673204 0.04044117647058824 0.03431372549019608
0 0.2622549019607843 0.12581699346405228 0.0196078431372549 0.03594771241830066
0 0.2463235294117647 0.14950980392156862 0.03431372549019608 0.02777777777777778
0 0.21262254901960784 0.14052287581699346 0.030637254901960783 0.026143790849673203
0 0.21691176470588236 0.17565359477124184 0.061274509803921566 0.04411764705882353
0 0.2536764705882353 0.2107843137254902 0.07352941176470588 0.05555555555555556
0 0.2034313725490196 0.21241830065359477 0.029411764705882353 0.029411764705882353
0 0.2708333333333333 0.17320261437908496 0.03431372549019608 0.029411764705882353
0 0.3069852941176471 0.16094771241830066 0.030637254901960783 0.03104575163398693
0 0.31066176470588236 0.1985294117647059 0.028186274509803922 0.021241830065359478
0 0.352328431372549 0.13398692810457516 0.030637254901960783 0.0392156862745098
0 0.3590686274509804 0.16258169934640523 0.024509803921568627 0.04084967320261438
0 0.3547794117647059 0.010620915032679739 0.025735294117647058 0.01797385620915033
0 0.3786764705882353 0.01388888888888889 0.01715686274509804 0.024509803921568627
0 0.3707107843137255 0.04575163398692811 0.025735294117647058 0.022875816993464054
0 0.4111519607843137 0.04493464052287582 0.06004901960784314 0.05065359477124183
0 0.3841911764705882 0.08741830065359478 0.0625 0.06045751633986928
0 0.4215686274509804 0.07598039215686275 0.02696078431372549 0.02777777777777778
0 0.43443627450980393 0.09722222222222222 0.025735294117647058 0.03758169934640523
0 0.41911764705882354 0.12745098039215685 0.0196078431372549 0.03594771241830066
0 0.3897058823529412 0.13725490196078433 0.031862745098039214 0.029411764705882353
0 0.46629901960784315 0.07598039215686275 0.05269607843137255 0.05065359477124183
0 0.45159313725490197 0.0196078431372549 0.03308823529411765 0.026143790849673203
0 0.47855392156862747 0.015522875816993464 0.023284313725490197 0.02777777777777778
0 0.4840686274509804 0.040032679738562095 0.031862745098039214 0.02777777777777778
0 0.5294117647058824 0.029411764705882353 0.06372549019607843 0.05555555555555556
0 0.5502450980392157 0.05065359477124183 0.022058823529411763 0.03594771241830066
0 0.5269607843137255 0.06454248366013073 0.029411764705882353 0.021241830065359478
0 0.5018382352941176 0.0727124183006536 0.023284313725490197 0.04084967320261438
0 0.5692401960784313 0.04820261437908497 0.01838235294117647 0.03758169934640523
0 0.5839460784313726 0.022875816993464054 0.020833333333333332 0.0392156862745098
0 0.6213235294117647 0.05800653594771242 0.05392156862745098 0.07679738562091504
0 0.6746323529411765 0.03594771241830066 0.0428921568627451 0.03594771241830066
0 0.6611519607843137 0.06372549019607843 0.01838235294117647 0.0392156862745098
0 0.7132352941176471 0.02369281045751634 0.0196078431372549 0.04411764705882353
0 0.7156862745098039 0.08415032679738563 0.049019607843137254 0.07352941176470588
0 0.6795343137254902 0.08823529411764706 0.030637254901960783 0.03594771241830066
0 0.664828431372549 0.14215686274509803 0.04779411764705882 0.06535947712418301
0 0.7089460784313726 0.13562091503267976 0.03308823529411765 0.042483660130718956
0 0.6924019607843137 0.17401960784313725 0.0196078431372549 0.04411764705882353
0 0.6446078431372549 0.1053921568627451 0.044117647058823525 0.06372549019607843
0 0.6121323529411765 0.10866013071895425 0.03308823529411765 0.02777777777777778
0 0.5386029411764706 0.09722222222222222 0.05269607843137255 0.06045751633986928
0 0.4938725490196078 0.10620915032679738 0.03676470588235294 0.026143790849673203
0 0.49080882352941174 0.1380718954248366 0.06495098039215687 0.05065359477124183
0 0.553921568627451 0.13071895424836602 0.03431372549019608 0.029411764705882353
0 0.539828431372549 0.16258169934640523 0.04779411764705882 0.03758169934640523
0 0.6004901960784313 0.14460784313725492 0.0196078431372549 0.02777777777777778
0 0.6243872549019608 0.15441176470588236 0.03308823529411765 0.02777777777777778
0 0.5814950980392157 0.16993464052287582 0.03308823529411765 0.032679738562091505
0 0.44424019607843135 0.1454248366013072 0.025735294117647058 0.03594771241830066
0 0.4675245098039216 0.1707516339869281 0.03308823529411765 0.024509803921568627
0 0.5024509803921569 0.17565359477124184 0.03431372549019608 0.024509803921568627
0 0.4779411764705882 0.20261437908496732 0.07107843137254902 0.04575163398692811
0 0.4454656862745098 0.23447712418300654 0.03799019607843137 0.024509803921568627
0 0.548406862745098 0.2034313725490196 0.0625 0.04738562091503268
0 0.49816176470588236 0.23284313725490197 0.03553921568627451 0.02777777777777778
0 0.5287990196078431 0.25326797385620914 0.0428921568627451 0.08496732026143791
0 0.49142156862745096 0.2687908496732026 0.02696078431372549 0.04411764705882353
0 0.5287990196078431 0.3161764705882353 0.0428921568627451 0.03431372549019608
0 0.5802696078431372 0.2312091503267974 0.03308823529411765 0.03758169934640523
0 0.5606617647058824 0.28022875816993464 0.0428921568627451 0.04738562091503268
0 0.6158088235294118 0.24183006535947713 0.05024509803921569 0.03594771241830066
0 0.6262254901960784 0.1919934640522876 0.03431372549019608 0.02777777777777778
0 0.6464460784313726 0.21486928104575165 0.03553921568627451 0.03104575163398693
0 0.6825980392156863 0.20915032679738563 0.044117647058823525 0.029411764705882353
0 0.6954656862745098 0.2377450980392157 0.04044117647058824 0.024509803921568627
0 0.7236519607843137 0.2246732026143791 0.03308823529411765 0.02777777777777778
0 0.7450980392156863 0.24836601307189543 0.03431372549019608 0.04575163398692811
0 0.7493872549019608 0.2785947712418301 0.030637254901960783 0.024509803921568627
0 0.6593137254901961 0.24836601307189543 0.031862745098039214 0.03594771241830066
0 0.5931372549019608 0.26143790849673204 0.03431372549019608 0.022875816993464054
0 0.6200980392156863 0.28594771241830064 0.07107843137254902 0.05555555555555556
0 0.6133578431372549 0.3292483660130719 0.028186274509803922 0.024509803921568627
0 0.5857843137254902 0.33251633986928103 0.029411764705882353 0.024509803921568627
0 0.5716911764705882 0.31209150326797386 0.023284313725490197 0.029411764705882353
0 0.6452205882352942 0.32107843137254904 0.025735294117647058 0.03758169934640523
0 0.673406862745098 0.2761437908496732 0.03308823529411765 0.026143790849673203
0 0.7052696078431372 0.2589869281045752 0.03799019607843137 0.024509803921568627
0 0.7113970588235294 0.2826797385620915 0.03799019607843137 0.029411764705882353
0 0.7334558823529411 0.30718954248366015 0.03308823529411765 0.026143790849673203
0 0.7248774509803921 0.3366013071895425 0.028186274509803922 0.029411764705882353
0 0.6838235294117647 0.32107843137254904 0.044117647058823525 0.06372549019607843
0 0.6899509803921569 0.3570261437908497 0.022058823529411763 0.03431372549019608
0 0.7653186274509803 0.369281045751634 0.03799019607843137 0.042483660130718956
0 0.7910539215686274 0.008986928104575164 0.03553921568627451 0.014705882352941176
0 0.8596813725490196 0.010620915032679739 0.03308823529411765 0.01797385620915033
0 0.9117647058823529 0.013071895424836602 0.03676470588235294 0.022875816993464054
0 0.946078431372549 0.013071895424836602 0.031862745098039214 0.022875816993464054
0 0.9656862745098039 0.029411764705882353 0.051470588235294115 0.0392156862745098
0 0.9295343137254902 0.032679738562091505 0.030637254901960783 0.029411764705882353
0 0.9362745098039216 0.06454248366013073 0.02696078431372549 0.03431372549019608
0 0.9761029411764706 0.08169934640522876 0.04779411764705882 0.05228758169934641
0 0.9822303921568627 0.14869281045751634 0.03553921568627451 0.05555555555555556
0 0.946078431372549 0.08333333333333334 0.0196078431372549 0.032679738562091505
0 0.9227941176470588 0.10212418300653595 0.029411764705882353 0.03104575163398693
0 0.9473039215686274 0.12581699346405228 0.0661764705882353 0.058823529411764705
0 0.9503676470588235 0.16339869281045752 0.028186274509803922 0.026143790849673203
0 0.9325980392156863 0.24754901960784315 0.024509803921568627 0.03758169934640523
0 0.9099264705882353 0.17483660130718956 0.04779411764705882 0.042483660130718956
0 0.8737745098039216 0.13725490196078433 0.05392156862745098 0.05555555555555556
0 0.8621323529411764 0.17483660130718956 0.03308823529411765 0.026143790849673203
0 0.8339460784313726 0.1593137254901961 0.023284313725490197 0.04738562091503268
0 0.8229166666666666 0.19035947712418302 0.028186274509803922 0.03758169934640523
0 0.8504901960784313 0.20669934640522877 0.029411764705882353 0.03431372549019608
0 0.8854166666666666 0.2173202614379085 0.030637254901960783 0.026143790849673203
0 0.8419117647058824 0.2426470588235294 0.022058823529411763 0.04738562091503268
0 0.8615196078431372 0.25326797385620914 0.02696078431372549 0.0392156862745098
0 0.8192401960784313 0.2173202614379085 0.023284313725490197 0.0392156862745098
0 0.8100490196078431 0.25980392156862747 0.03431372549019608 0.0392156862745098
0 0.835171568627451 0.2761437908496732 0.03553921568627451 0.029411764705882353
0 0.8400735294117647 0.32598039215686275 0.03553921568627451 0.07352941176470588
0 0.866421568627451 0.33415032679738566 0.022058823529411763 0.04738562091503268
0 0.8229166666666666 0.3643790849673203 0.023284313725490197 0.032679738562091505
0 0.8063725490196079 0.2908496732026144 0.031862745098039214 0.022875816993464054
0 0.8094362745098039 0.32026143790849676 0.030637254901960783 0.0392156862745098
0 0.8008578431372549 0.35784313725490197 0.020833333333333332 0.032679738562091505
0 0.8008578431372549 0.4199346405228758 0.04534313725490196 0.07189542483660132
0 0.7524509803921569 0.41339869281045755 0.049019607843137254 0.06209150326797386
0 0.19852941176470587 0.7205882352941176 0.0392156862745098 0.04575163398692811
0 0.014093137254901961 0.01797385620915033 0.025735294117647058 0.032679738562091505
