0 0.3829656862745098 0.05473856209150327 0.028186274509803922 0.024509803921568627
0 0.25245098039215685 0.17483660130718956 0.022058823529411763 0.029411764705882353
0 0.1954656862745098 0.27941176470588236 0.020833333333333332 0.022875816993464054
0 0.1764705882352941 0.28921568627450983 0.0196078431372549 0.022875816993464054
0 0.7708333333333334 0.05555555555555556 0.022058823529411763 0.026143790849673203
0 0.4895833333333333 0.29820261437908496 0.023284313725490197 0.02777777777777778
0 0.13480392156862744 0.7401960784313726 0.0196078431372549 0.022875816993464054
0 0.1685049019607843 0.6952614379084967 0.01838235294117647 0.024509803921568627
0 0.1758578431372549 0.7238562091503268 0.015931372549019607 0.0196078431372549
0 0.2849264705882353 0.7075163398692811 0.01838235294117647 0.0196078431372549
0 0.31004901960784315 0.7034313725490197 0.01715686274509804 0.01797385620915033
0 0.3327205882352941 0.6838235294117647 0.015931372549019607 0.01797385620915033
0 0.3676470588235294 0.7189542483660131 0.024509803921568627 0.022875816993464054
0 0.4528186274509804 0.7393790849673203 0.028186274509803922 0.02777777777777778
0 0.4742647058823529 0.7483660130718954 0.01715686274509804 0.0196078431372549
0 0.5392156862745098 0.744281045751634 0.0196078431372549 0.021241830065359478
0 0.44424019607843135 0.3700980392156863 0.01838235294117647 0.02777777777777778
0 0.4620098039215686 0.369281045751634 0.01715686274509804 0.0196078431372549
0 0.4791666666666667 0.4019607843137255 0.01715686274509804 0.016339869281045753
0 0.48223039215686275 0.4199346405228758 0.020833333333333332 0.0196078431372549
0 0.4577205882352941 0.4575163398692811 0.020833333333333332 0.022875816993464054
0 0.7352941176470588 0.45588235294117646 0.0196078431372549 0.022875816993464054
0 0.7800245098039216 0.49264705882352944 0.020833333333333332 0.01797385620915033
0 0.8033088235294118 0.8112745098039216 0.01838235294117647 0.01797385620915033
