0 0.06004901960784314 0.04493464052287582 0.024509803921568627 0.024509803921568627
0 0.31862745098039214 0.022875816993464054 0.024509803921568627 0.026143790849673203
0 0.4099264705882353 0.12254901960784315 0.020833333333333332 0.026143790849673203
0 0.4117647058823529 0.22794117647058823 0.022058823529411763 0.021241830065359478
0 0.16911764705882354 0.3823529411764706 0.024509803921568627 0.016339869281045753
0 0.24019607843137256 0.315359477124183 0.022058823529411763 0.026143790849673203
0 0.21752450980392157 0.4681372549019608 0.025735294117647058 0.02777777777777778
0 0.41299019607843135 0.38562091503267976 0.024509803921568627 0.0196078431372549
0 0.4577205882352941 0.3651960784313726 0.020833333333333332 0.014705882352941176
0 0.477328431372549 0.37336601307189543 0.028186274509803922 0.03104575163398693
0 0.4993872549019608 0.3962418300653595 0.01838235294117647 0.01797385620915033
0 0.11029411764705882 0.5800653594771242 0.022058823529411763 0.022875816993464054
0 0.12867647058823528 0.5931372549019608 0.0196078431372549 0.026143790849673203
0 0.15931372549019607 0.5915032679738562 0.024509803921568627 0.029411764705882353
0 0.5753676470588235 0.8227124183006537 0.028186274509803922 0.03431372549019608
