0 0.9019607843137255 0.007965686274509803 0.026143790849673203 0.013480392156862746
0 0.8880718954248367 0.014705882352941176 0.02777777777777778 0.0196078431372549
0 0.9191176470588236 0.04350490196078431 0.01797385620915033 0.020833333333333332
0 0.9370915032679739 0.049019607843137254 0.021241830065359478 0.022058823529411763
0 0.9338235294117647 0.0704656862745098 0.04084967320261438 0.030637254901960783
0 0.8995098039215687 0.04718137254901961 0.01797385620915033 0.01838235294117647
0 0.9109477124183006 0.05821078431372549 0.014705882352941176 0.015931372549019607
0 0.8986928104575164 0.07169117647058823 0.026143790849673203 0.030637254901960783
0 0.8970588235294118 0.10232843137254902 0.029411764705882353 0.030637254901960783
0 0.9158496732026145 0.09313725490196079 0.01797385620915033 0.0196078431372549
0 0.9419934640522876 0.09558823529411764 0.02777777777777778 0.02696078431372549
0 0.940359477124183 0.11764705882352941 0.024509803921568627 0.029411764705882353
0 0.8398692810457516 0.2536764705882353 0.022875816993464054 0.02696078431372549
0 0.8169934640522876 0.35110294117647056 0.026143790849673203 0.01838235294117647
0 0.8504901960784313 0.37254901960784315 0.03104575163398693 0.031862745098039214
0 0.9411764705882353 0.4650735294117647 0.029411764705882353 0.01838235294117647
0 0.8529411764705883 0.45159313725490197 0.029411764705882353 0.028186274509803922
0 0.7883986928104575 0.46629901960784315 0.03431372549019608 0.03308823529411765
0 0.7851307189542484 0.446078431372549 0.01797385620915033 0.0196078431372549
0 0.7647058823529412 0.4491421568627451 0.029411764705882353 0.015931372549019607
0 0.75 0.45526960784313725 0.022875816993464054 0.023284313725490197
0 0.7589869281045751 0.4362745098039216 0.024509803921568627 0.014705882352941176
0 0.7508169934640523 0.4270833333333333 0.024509803921568627 0.020833333333333332
0 0.7508169934640523 0.4013480392156863 0.01797385620915033 0.01838235294117647
0 0.7622549019607844 0.39644607843137253 0.024509803921568627 0.023284313725490197
0 0.9003267973856209 0.602328431372549 0.022875816993464054 0.020833333333333332
0 0.8897058823529412 0.6213235294117647 0.02777777777777778 0.02696078431372549
0 0.9133986928104575 0.6519607843137255 0.032679738562091505 0.03676470588235294
0 0.8929738562091504 0.6409313725490196 0.021241830065359478 0.0196078431372549
0 0.8880718954248367 0.6611519607843137 0.01797385620915033 0.01838235294117647
0 0.9068627450980392 0.6795343137254902 0.022875816993464054 0.020833333333333332
0 0.8962418300653595 0.6954656862745098 0.024509803921568627 0.01838235294117647
0 0.8937908496732027 0.7107843137254902 0.0196078431372549 0.022058823529411763
0 0.9305555555555556 0.7444852941176471 0.02777777777777778 0.03553921568627451
0 0.880718954248366 0.7653186274509803 0.026143790849673203 0.03553921568627451
0 0.8725490196078431 0.7904411764705882 0.026143790849673203 0.029411764705882353
0 0.8537581699346406 0.7732843137254902 0.01797385620915033 0.022058823529411763
0 0.821078431372549 0.7132352941176471 0.01797385620915033 0.022058823529411763
0 0.8464052287581699 0.8033088235294118 0.0392156862745098 0.04044117647058824
0 0.9223856209150327 0.8357843137254902 0.024509803921568627 0.024509803921568627
0 0.8929738562091504 0.9160539215686274 0.03758169934640523 0.04044117647058824
0 0.863562091503268 0.928921568627451 0.03431372549019608 0.022058823529411763
0 0.8611111111111112 0.8952205882352942 0.03594771241830066 0.03308823529411765
0 0.9281045751633987 0.9681372549019608 0.0196078431372549 0.022058823529411763
0 0.9411764705882353 0.9828431372549019 0.022875816993464054 0.024509803921568627
0 0.8717320261437909 0.985906862745098 0.024509803921568627 0.020833333333333332
0 0.8529411764705883 0.9883578431372549 0.0196078431372549 0.023284313725490197
0 0.8243464052287582 0.991421568627451 0.021241830065359478 0.01715686274509804
0 0.8178104575163399 0.9681372549019608 0.024509803921568627 0.022058823529411763
0 0.8529411764705883 0.9662990196078431 0.022875816993464054 0.020833333333333332
0 0.8643790849673203 0.9497549019607843 0.0196078431372549 0.0196078431372549
0 0.8790849673202614 0.9583333333333334 0.022875816993464054 0.0196078431372549
0 0.9191176470588236 0.7702205882352942 0.014705882352941176 0.015931372549019607
