0 0.3700980392156863 0.11458333333333333 0.02777777777777778 0.023284313725490197
0 0.049836601307189546 0.2310049019607843 0.03104575163398693 0.04044117647058824
0 0.04493464052287582 0.27144607843137253 0.01797385620915033 0.023284313725490197
0 0.2450980392156863 0.29840686274509803 0.029411764705882353 0.030637254901960783
0 0.04738562091503268 0.4742647058823529 0.0196078431372549 0.024509803921568627
0 0.05310457516339869 0.49693627450980393 0.03431372549019608 0.020833333333333332
0 0.06209150326797386 0.5870098039215687 0.0392156862745098 0.044117647058823525
0 0.4166666666666667 0.5698529411764706 0.04575163398692811 0.04656862745098039
0 0.47385620915032683 0.5569852941176471 0.022875816993464054 0.030637254901960783
0 0.6879084967320261 0.4846813725490196 0.042483660130718956 0.05759803921568627
