0 0.013071895424836602 0.5962009803921569 0.022875816993464054 0.025735294117647058
0 0.2638888888888889 0.7493872549019608 0.03431372549019608 0.03553921568627451
0 0.5024509803921569 0.7303921568627451 0.014705882352941176 0.01715686274509804
0 0.47794117647058826 0.7310049019607843 0.03758169934640523 0.04044117647058824
0 0.488562091503268 0.7622549019607843 0.029411764705882353 0.0196078431372549
0 0.4852941176470588 0.7806372549019608 0.022875816993464054 0.014705882352941176
0 0.4665032679738562 0.7824754901960784 0.014705882352941176 0.015931372549019607
0 0.494281045751634 0.8008578431372549 0.024509803921568627 0.023284313725490197
0 0.47303921568627455 0.8014705882352942 0.02777777777777778 0.012254901960784314
0 0.4542483660130719 0.8106617647058824 0.016339869281045753 0.01838235294117647
0 0.3415032679738562 0.8204656862745098 0.029411764705882353 0.025735294117647058
0 0.4795751633986928 0.8192401960784313 0.03104575163398693 0.020833333333333332
0 0.5073529411764706 0.8180147058823529 0.021241830065359478 0.023284313725490197
0 0.6160130718954249 0.8223039215686274 0.029411764705882353 0.02696078431372549
0 0.49836601307189543 0.8345588235294118 0.029411764705882353 0.012254901960784314
0 0.5171568627450981 0.8462009803921569 0.024509803921568627 0.013480392156862746
0 0.4632352941176471 0.8321078431372549 0.024509803921568627 0.01715686274509804
0 0.45098039215686275 0.8449754901960784 0.022875816993464054 0.015931372549019607
0 0.47058823529411764 0.8572303921568627 0.042483660130718956 0.03553921568627451
0 0.505718954248366 0.8719362745098039 0.01797385620915033 0.020833333333333332
0 0.49101307189542487 0.8811274509803921 0.014705882352941176 0.0196078431372549
0 0.4991830065359477 0.8970588235294118 0.021241830065359478 0.01715686274509804
0 0.45915032679738566 0.8823529411764706 0.026143790849673203 0.014705882352941176
0 0.45098039215686275 0.9025735294117647 0.0196078431372549 0.020833333333333332
0 0.47303921568627455 0.9019607843137255 0.024509803921568627 0.03431372549019608
0 0.488562091503268 0.9142156862745098 0.016339869281045753 0.01715686274509804
0 0.8316993464052288 0.14154411764705882 0.026143790849673203 0.030637254901960783
0 0.8366013071895425 0.17708333333333334 0.04575163398692811 0.03553921568627451
0 0.8815359477124183 0.3167892156862745 0.014705882352941176 0.015931372549019607
0 0.8962418300653595 0.31066176470588236 0.02777777777777778 0.03308823529411765
0 0.8766339869281046 0.33762254901960786 0.021241830065359478 0.025735294117647058
0 0.8962418300653595 0.3449754901960784 0.024509803921568627 0.03308823529411765
0 0.917483660130719 0.3394607843137255 0.021241830065359478 0.022058823529411763
0 0.9142156862745099 0.36887254901960786 0.02777777777777778 0.03431372549019608
0 0.8913398692810458 0.3713235294117647 0.021241830065359478 0.022058823529411763
0 0.9011437908496732 0.3988970588235294 0.02777777777777778 0.03308823529411765
0 0.8709150326797386 0.39276960784313725 0.03594771241830066 0.03553921568627451
0 0.8570261437908497 0.4111519607843137 0.02777777777777778 0.030637254901960783
0 0.8921568627450981 0.4215686274509804 0.022875816993464054 0.0196078431372549
0 0.8717320261437909 0.42892156862745096 0.011437908496732027 0.014705882352941176
0 0.8676470588235294 0.4626225490196078 0.016339869281045753 0.020833333333333332
0 0.8880718954248367 0.4466911764705882 0.014705882352941176 0.020833333333333332
0 0.9044117647058824 0.46017156862745096 0.02777777777777778 0.03308823529411765
0 0.8839869281045752 0.477328431372549 0.029411764705882353 0.025735294117647058
0 0.9215686274509804 0.49693627450980393 0.013071895424836602 0.015931372549019607
0 0.9027777777777778 0.4932598039215686 0.02777777777777778 0.030637254901960783
0 0.8766339869281046 0.5061274509803921 0.03431372549019608 0.044117647058823525
0 0.9093137254901961 0.5159313725490196 0.03104575163398693 0.0196078431372549
0 0.9330065359477124 0.5055147058823529 0.016339869281045753 0.015931372549019607
0 0.9305555555555556 0.5238970588235294 0.014705882352941176 0.020833333333333332
0 0.977124183006536 0.5067401960784313 0.0392156862745098 0.04044117647058824
0 0.8758169934640523 0.5343137254901961 0.016339869281045753 0.012254901960784314
0 0.8570261437908497 0.5404411764705882 0.03431372549019608 0.024509803921568627
0 0.8856209150326798 0.5471813725490196 0.029411764705882353 0.028186274509803922
0 0.9068627450980392 0.5367647058823529 0.022875816993464054 0.024509803921568627
0 0.9207516339869282 0.553921568627451 0.02777777777777778 0.0392156862745098
0 0.9313725490196079 0.5735294117647058 0.016339869281045753 0.022058823529411763
0 0.9011437908496732 0.5680147058823529 0.021241830065359478 0.023284313725490197
0 0.8766339869281046 0.5772058823529411 0.02777777777777778 0.031862745098039214
0 0.9207516339869282 0.5919117647058824 0.04084967320261438 0.029411764705882353
0 0.8986928104575164 0.6017156862745098 0.022875816993464054 0.029411764705882353
0 0.8774509803921569 0.6053921568627451 0.0196078431372549 0.022058823529411763
0 0.923202614379085 0.6200980392156863 0.026143790849673203 0.02696078431372549
0 0.8627450980392157 0.6482843137254902 0.022875816993464054 0.029411764705882353
0 0.8823529411764706 0.6660539215686274 0.0196078431372549 0.028186274509803922
0 0.9207516339869282 0.6544117647058824 0.03104575163398693 0.041666666666666664
0 0.9248366013071896 0.6838235294117647 0.013071895424836602 0.012254901960784314
0 0.9109477124183006 0.6850490196078431 0.01797385620915033 0.0196078431372549
0 0.8978758169934641 0.6942401960784313 0.02777777777777778 0.020833333333333332
0 0.8741830065359477 0.6936274509803921 0.0196078431372549 0.024509803921568627
0 0.8594771241830066 0.6752450980392157 0.016339869281045753 0.022058823529411763
0 0.8341503267973857 0.6887254901960784 0.04738562091503268 0.02696078431372549
0 0.8055555555555556 0.6973039215686274 0.04575163398692811 0.03431372549019608
0 0.8341503267973857 0.7156862745098039 0.014705882352941176 0.01715686274509804
0 0.8529411764705883 0.7095588235294118 0.016339869281045753 0.0196078431372549
0 0.8660130718954249 0.7138480392156863 0.013071895424836602 0.015931372549019607
0 0.8594771241830066 0.7285539215686274 0.0196078431372549 0.020833333333333332
0 0.8243464052287582 0.7267156862745098 0.021241830065359478 0.01715686274509804
0 0.7883986928104575 0.7334558823529411 0.024509803921568627 0.023284313725490197
0 0.8905228758169935 0.7175245098039216 0.026143790849673203 0.025735294117647058
0 0.9183006535947713 0.7144607843137255 0.03594771241830066 0.0392156862745098
0 0.9003267973856209 0.7457107843137255 0.022875816993464054 0.028186274509803922
0 0.923202614379085 0.7506127450980392 0.022875816993464054 0.023284313725490197
0 0.8995098039215687 0.7800245098039216 0.024509803921568627 0.03553921568627451
0 0.9264705882352942 0.7824754901960784 0.029411764705882353 0.03799019607843137
0 0.9076797385620915 0.8069852941176471 0.01797385620915033 0.015931372549019607
0 0.8929738562091504 0.8278186274509803 0.021241830065359478 0.025735294117647058
0 0.9142156862745099 0.829656862745098 0.01797385620915033 0.024509803921568627
0 0.9215686274509804 0.8449754901960784 0.016339869281045753 0.01838235294117647
0 0.9044117647058824 0.8584558823529411 0.03431372549019608 0.030637254901960783
0 0.883169934640523 0.8799019607843137 0.03431372549019608 0.041666666666666664
0 0.9125816993464052 0.8860294117647058 0.021241830065359478 0.024509803921568627
0 0.005718954248366014 0.46875 0.008169934640522876 0.015931372549019607
