0 0.8366013071895425 0.1213235294117647 0.029411764705882353 0.029411764705882353
0 0.8700980392156863 0.26838235294117646 0.021241830065359478 0.031862745098039214
0 0.7679738562091504 0.2922794117647059 0.0196078431372549 0.025735294117647058
0 0.7900326797385621 0.2971813725490196 0.021241830065359478 0.028186274509803922
0 0.7696078431372549 0.31924019607843135 0.022875816993464054 0.023284313725490197
0 0.8031045751633987 0.3278186274509804 0.02777777777777778 0.028186274509803922
0 0.8308823529411765 0.3204656862745098 0.02777777777777778 0.028186274509803922
0 0.8676470588235294 0.34620098039215685 0.026143790849673203 0.023284313725490197
0 0.7802287581699346 0.34558823529411764 0.024509803921568627 0.022058823529411763
0 0.821078431372549 0.3590686274509804 0.01797385620915033 0.02696078431372549
0 0.8357843137254902 0.3756127450980392 0.01797385620915033 0.025735294117647058
0 0.7818627450980392 0.3682598039215686 0.021241830065359478 0.020833333333333332
0 0.8014705882352942 0.3854166666666667 0.021241830065359478 0.028186274509803922
0 0.7745098039215687 0.3909313725490196 0.022875816993464054 0.024509803921568627
0 0.8660130718954249 0.4178921568627451 0.016339869281045753 0.02696078431372549
0 0.7769607843137255 0.4301470588235294 0.024509803921568627 0.0196078431372549
0 0.8088235294117647 0.446078431372549 0.022875816993464054 0.024509803921568627
0 0.829248366013072 0.4571078431372549 0.024509803921568627 0.02696078431372549
0 0.9354575163398693 0.9405637254901961 0.01797385620915033 0.020833333333333332
0 0.9183006535947713 0.9791666666666666 0.022875816993464054 0.022058823529411763
