0 0.7295751633986929 0.015318627450980392 0.02777777777777778 0.028186274509803922
0 0.7508169934640523 0.007965686274509803 0.01797385620915033 0.013480392156862746
0 0.696078431372549 0.007352941176470588 0.03594771241830066 0.012254901960784314
0 0.6977124183006537 0.02267156862745098 0.0392156862745098 0.028186274509803922
0 0.6756535947712419 0.02022058823529412 0.014705882352941176 0.015931372549019607
0 0.7116013071895425 0.044730392156862746 0.021241830065359478 0.020833333333333332
0 0.7352941176470589 0.03860294117647059 0.032679738562091505 0.025735294117647058
0 0.7401960784313726 0.05330882352941176 0.016339869281045753 0.015931372549019607
0 0.6486928104575164 0.0508578431372549 0.016339869281045753 0.020833333333333332
0 0.6691176470588236 0.05698529411764706 0.01797385620915033 0.01838235294117647
0 0.6740196078431373 0.06924019607843138 0.021241830065359478 0.013480392156862746
0 0.6993464052287582 0.06495098039215687 0.0392156862745098 0.024509803921568627
0 0.6560457516339869 0.06495098039215687 0.01797385620915033 0.01715686274509804
0 0.6666666666666667 0.08639705882352941 0.022875816993464054 0.020833333333333332
0 0.6870915032679739 0.08517156862745098 0.03431372549019608 0.025735294117647058
0 0.704248366013072 0.10294117647058823 0.026143790849673203 0.03676470588235294
0 0.6748366013071896 0.10355392156862744 0.032679738562091505 0.011029411764705881
0 0.684640522875817 0.11764705882352941 0.022875816993464054 0.022058823529411763
0 0.7148692810457516 0.125 0.03104575163398693 0.029411764705882353
0 0.7426470588235294 0.16544117647058823 0.024509803921568627 0.031862745098039214
0 0.7230392156862745 0.1605392156862745 0.021241830065359478 0.0196078431372549
0 0.755718954248366 0.5551470588235294 0.01797385620915033 0.022058823529411763
0 0.3088235294117647 0.5912990196078431 0.029411764705882353 0.020833333333333332
0 0.6699346405228759 0.007965686274509803 0.0196078431372549 0.011029411764705881
