0 0.29248366013071897 0.06004901960784314 0.029411764705882353 0.029411764705882353
0 0.3382352941176471 0.07720588235294118 0.032679738562091505 0.022058823529411763
0 0.7026143790849674 0.21384803921568626 0.022875816993464054 0.020833333333333332
0 0.7295751633986929 0.004901960784313725 0.01797385620915033 0.007352941176470588
0 0.7524509803921569 0.005514705882352941 0.01797385620915033 0.00857843137254902
0 0.744281045751634 0.017769607843137254 0.021241830065359478 0.023284313725490197
0 0.7589869281045751 0.034926470588235295 0.014705882352941176 0.01838235294117647
0 0.7696078431372549 0.031862745098039214 0.013071895424836602 0.0196078431372549
0 0.7565359477124183 0.055759803921568624 0.022875816993464054 0.028186274509803922
0 0.9297385620915033 0.08088235294117647 0.013071895424836602 0.0196078431372549
0 0.9330065359477124 0.09926470588235294 0.013071895424836602 0.014705882352941176
0 0.9452614379084968 0.07536764705882353 0.01797385620915033 0.028186274509803922
0 0.9632352941176471 0.07598039215686274 0.01797385620915033 0.014705882352941176
0 0.9575163398692811 0.09681372549019608 0.016339869281045753 0.022058823529411763
0 0.934640522875817 0.12990196078431374 0.026143790849673203 0.03431372549019608
0 0.9591503267973857 0.12377450980392157 0.026143790849673203 0.03431372549019608
0 0.9754901960784313 0.1053921568627451 0.013071895424836602 0.014705882352941176
0 0.9869281045751634 0.1170343137254902 0.016339869281045753 0.01838235294117647
0 0.9730392156862745 0.13848039215686275 0.014705882352941176 0.022058823529411763
0 0.9526143790849674 0.15073529411764705 0.013071895424836602 0.014705882352941176
0 0.9722222222222222 0.15808823529411764 0.0196078431372549 0.014705882352941176
0 0.9607843137254902 0.16911764705882354 0.016339869281045753 0.014705882352941176
0 0.9738562091503268 0.1758578431372549 0.0196078431372549 0.01838235294117647
0 0.9673202614379085 0.8731617647058824 0.013071895424836602 0.020833333333333332
0 0.9656862745098039 0.8939950980392156 0.013071895424836602 0.015931372549019607
0 0.9493464052287582 0.8897058823529411 0.026143790849673203 0.024509803921568627
0 0.9583333333333334 0.9111519607843137 0.011437908496732027 0.015931372549019607
0 0.940359477124183 0.9172794117647058 0.024509803921568627 0.03308823529411765
