0 0.008169934640522876 0.6593137254901961 0.013071895424836602 0.024509803921568627
0 0.06372549019607843 0.6991421568627451 0.026143790849673203 0.03799019607843137
0 0.005718954248366014 0.6807598039215687 0.008169934640522876 0.011029411764705881
0 0.007352941176470588 0.7193627450980392 0.011437908496732027 0.01715686274509804
0 0.011437908496732027 0.7346813725490196 0.016339869281045753 0.015931372549019607
0 0.007352941176470588 0.7561274509803921 0.011437908496732027 0.014705882352941176
0 0.024509803921568627 0.7567401960784313 0.029411764705882353 0.03553921568627451
0 0.04820261437908497 0.7561274509803921 0.021241830065359478 0.012254901960784314
0 0.04656862745098039 0.7683823529411764 0.021241830065359478 0.012254901960784314
0 0.013071895424836602 0.7849264705882353 0.0196078431372549 0.023284313725490197
0 0.004901960784313725 0.798406862745098 0.006535947712418301 0.011029411764705881
0 0.03431372549019608 0.7910539215686274 0.016339869281045753 0.01838235294117647
0 0.04656862745098039 0.8045343137254902 0.03758169934640523 0.028186274509803922
0 0.029411764705882353 0.8198529411764706 0.013071895424836602 0.01715686274509804
0 0.006535947712418301 0.8186274509803921 0.00980392156862745 0.014705882352941176
0 0.01715686274509804 0.8284313725490196 0.014705882352941176 0.024509803921568627
0 0.057189542483660136 0.8216911764705882 0.0196078431372549 0.013480392156862746
0 0.04166666666666667 0.829656862745098 0.021241830065359478 0.014705882352941176
0 0.04575163398692811 0.8480392156862745 0.016339869281045753 0.014705882352941176
0 0.02777777777777778 0.8443627450980392 0.013071895424836602 0.014705882352941176
0 0.008169934640522876 0.8504901960784313 0.013071895424836602 0.022058823529411763
0 0.01715686274509804 0.8645833333333334 0.011437908496732027 0.013480392156862746
0 0.03022875816993464 0.8688725490196079 0.008169934640522876 0.01715686274509804
0 0.042483660130718956 0.8645833333333334 0.016339869281045753 0.013480392156862746
0 0.04166666666666667 0.9215686274509803 0.02777777777777778 0.03676470588235294
0 0.07107843137254902 0.9430147058823529 0.024509803921568627 0.013480392156862746
