0 0.16013071895424838 0.5741421568627451 0.026143790849673203 0.020833333333333332
0 0.6511437908496732 0.5202205882352942 0.03104575163398693 0.03553921568627451
0 0.6666666666666667 0.5465686274509803 0.00980392156862745 0.012254901960784314
0 0.6756535947712419 0.539828431372549 0.011437908496732027 0.01838235294117647
0 0.8717320261437909 0.5159313725490196 0.024509803921568627 0.02696078431372549
0 0.9003267973856209 0.5042892156862745 0.026143790849673203 0.028186274509803922
0 0.8790849673202614 0.539828431372549 0.029411764705882353 0.020833333333333332
0 0.8978758169934641 0.5545343137254902 0.021241830065359478 0.028186274509803922
0 0.8774509803921569 0.5637254901960784 0.016339869281045753 0.024509803921568627
0 0.9150326797385622 0.5625 0.0196078431372549 0.029411764705882353
0 0.8913398692810458 0.5931372549019608 0.024509803921568627 0.03676470588235294
0 0.9109477124183006 0.5931372549019608 0.011437908496732027 0.01715686274509804
0 0.883169934640523 0.6207107843137255 0.011437908496732027 0.015931372549019607
0 0.8733660130718954 0.6501225490196079 0.03431372549019608 0.03308823529411765
0 0.8545751633986929 0.7965686274509803 0.029411764705882353 0.031862745098039214
0 0.8423202614379085 0.8118872549019608 0.011437908496732027 0.015931372549019607
0 0.8513071895424836 0.8265931372549019 0.016339869281045753 0.023284313725490197
0 0.8717320261437909 0.8125 0.014705882352941176 0.014705882352941176
0 0.880718954248366 0.7977941176470588 0.013071895424836602 0.01715686274509804
0 0.8897058823529412 0.8118872549019608 0.011437908496732027 0.013480392156862746
0 0.8839869281045752 0.8363970588235294 0.026143790849673203 0.028186274509803922
0 0.863562091503268 0.8400735294117647 0.014705882352941176 0.013480392156862746
0 0.8537581699346406 0.8621323529411764 0.01797385620915033 0.011029411764705881
0 0.8553921568627452 0.8774509803921569 0.011437908496732027 0.01715686274509804
0 0.8766339869281046 0.875 0.02777777777777778 0.0392156862745098
0 0.857843137254902 0.8958333333333334 0.016339869281045753 0.01715686274509804
0 0.8774509803921569 0.9037990196078431 0.013071895424836602 0.01838235294117647
0 0.8929738562091504 0.8854166666666666 0.011437908496732027 0.01838235294117647
0 0.888888888888889 0.8547794117647058 0.0196078431372549 0.013480392156862746
