0 0.41911764705882354 0.7408088235294118 0.03758169934640523 0.023284313725490197
0 0.39052287581699346 0.7953431372549019 0.022875816993464054 0.022058823529411763
0 0.4297385620915033 0.789828431372549 0.016339869281045753 0.015931372549019607
0 0.4199346405228758 0.8057598039215687 0.029411764705882353 0.015931372549019607
0 0.4362745098039216 0.8125 0.016339869281045753 0.0196078431372549
0 0.4109477124183007 0.8290441176470588 0.03431372549019608 0.023284313725490197
0 0.43300653594771243 0.8584558823529411 0.026143790849673203 0.025735294117647058
0 0.6511437908496732 0.8774509803921569 0.03758169934640523 0.02696078431372549
0 0.6127450980392157 0.8946078431372549 0.016339869281045753 0.01715686274509804
0 0.6241830065359477 0.9025735294117647 0.022875816993464054 0.01838235294117647
0 0.6258169934640523 0.9172794117647058 0.022875816993464054 0.020833333333333332
0 0.5776143790849674 0.9185049019607843 0.03104575163398693 0.03553921568627451
0 0.5588235294117647 0.9522058823529411 0.03594771241830066 0.03431372549019608
0 0.5767973856209151 0.9589460784313726 0.022875816993464054 0.028186274509803922
0 0.6094771241830066 0.9197303921568627 0.013071895424836602 0.015931372549019607
0 0.6004901960784313 0.9301470588235294 0.014705882352941176 0.01715686274509804
0 0.607843137254902 0.9454656862745098 0.013071895424836602 0.015931372549019607
0 0.6299019607843137 0.9368872549019608 0.024509803921568627 0.015931372549019607
0 0.6486928104575164 0.9442401960784313 0.0196078431372549 0.023284313725490197
0 0.4665032679738562 0.9595588235294118 0.03104575163398693 0.02696078431372549
0 0.4493464052287582 0.9644607843137255 0.0196078431372549 0.022058823529411763
0 0.45016339869281047 0.9895833333333334 0.03431372549019608 0.020833333333333332
0 0.4869281045751634 0.9895833333333334 0.029411764705882353 0.020833333333333332
0 0.505718954248366 0.9901960784313726 0.014705882352941176 0.0196078431372549
0 0.5147058823529412 0.977328431372549 0.016339869281045753 0.01838235294117647
0 0.5351307189542484 0.9699754901960784 0.021241830065359478 0.025735294117647058
0 0.7802287581699346 0.8425245098039216 0.01797385620915033 0.013480392156862746
0 0.5996732026143791 0.9583333333333334 0.0196078431372549 0.014705882352941176
0 0.6225490196078431 0.9497549019607843 0.016339869281045753 0.014705882352941176
0 0.6160130718954249 0.960171568627451 0.013071895424836602 0.013480392156862746
0 0.6356209150326798 0.9693627450980392 0.032679738562091505 0.03431372549019608
0 0.5571895424836601 0.9203431372549019 0.0196078431372549 0.01715686274509804
0 0.5955882352941176 0.9742647058823529 0.014705882352941176 0.01715686274509804
0 0.6102941176470589 0.9742647058823529 0.014705882352941176 0.01715686274509804
0 0.5245098039215687 0.9877450980392156 0.016339869281045753 0.014705882352941176
0 0.5498366013071896 0.9926470588235294 0.011437908496732027 0.012254901960784314
0 0.5555555555555556 0.9754901960784313 0.022875816993464054 0.014705882352941176
0 0.5776143790849674 0.9883578431372549 0.024509803921568627 0.023284313725490197
0 0.6568627450980392 0.954656862745098 0.013071895424836602 0.014705882352941176
0 0.6715686274509804 0.9620098039215687 0.016339869281045753 0.01715686274509804
0 0.6584967320261438 0.9669117647058824 0.016339869281045753 0.012254901960784314
0 0.6683006535947713 0.9865196078431372 0.042483660130718956 0.02696078431372549
0 0.6560457516339869 0.9938725490196079 0.021241830065359478 0.012254901960784314
0 0.696078431372549 0.9822303921568627 0.016339869281045753 0.01838235294117647
0 0.6045751633986929 0.985906862745098 0.016339869281045753 0.013480392156862746
0 0.6241830065359477 0.991421568627451 0.022875816993464054 0.01715686274509804
0 0.6397058823529412 0.9926470588235294 0.011437908496732027 0.014705882352941176
0 0.6977124183006537 0.9957107843137255 0.013071895424836602 0.00857843137254902
0 0.6004901960784313 0.9950980392156863 0.01797385620915033 0.00980392156862745
