0 0.04493464052287582 0.08884803921568628 0.024509803921568627 0.025735294117647058
0 0.04411764705882353 0.11274509803921569 0.032679738562091505 0.01715686274509804
0 0.015522875816993464 0.12867647058823528 0.024509803921568627 0.022058823529411763
0 0.005718954248366014 0.14154411764705882 0.008169934640522876 0.023284313725490197
0 0.016339869281045753 0.15318627450980393 0.016339869281045753 0.01715686274509804
0 0.013071895424836602 0.16789215686274508 0.022875816993464054 0.022058823529411763
0 0.008169934640522876 0.1954656862745098 0.013071895424836602 0.023284313725490197
0 0.010620915032679739 0.25183823529411764 0.01797385620915033 0.025735294117647058
0 0.01715686274509804 0.2775735294117647 0.014705882352941176 0.023284313725490197
0 0.0392156862745098 0.2757352941176471 0.016339869281045753 0.022058823529411763
0 0.03594771241830066 0.3394607843137255 0.022875816993464054 0.024509803921568627
0 0.011437908496732027 0.3682598039215686 0.0196078431372549 0.020833333333333332
0 0.004084967320261438 0.4172794117647059 0.004901960784313725 0.01838235294117647
0 0.02777777777777778 0.4178921568627451 0.022875816993464054 0.022058823529411763
0 0.0196078431372549 0.4528186274509804 0.0196078431372549 0.028186274509803922
0 0.5776143790849674 0.5980392156862745 0.021241830065359478 0.022058823529411763
0 0.5155228758169935 0.6096813725490196 0.03104575163398693 0.020833333333333332
0 0.5555555555555556 0.6194852941176471 0.022875816993464054 0.01838235294117647
0 0.5285947712418301 0.6274509803921569 0.01797385620915033 0.0196078431372549
0 0.4877450980392157 0.6507352941176471 0.024509803921568627 0.024509803921568627
0 0.4632352941176471 0.6807598039215687 0.021241830065359478 0.023284313725490197
0 0.5302287581699346 0.6495098039215687 0.014705882352941176 0.0196078431372549
0 0.5490196078431373 0.6427696078431372 0.016339869281045753 0.020833333333333332
0 0.565359477124183 0.6507352941176471 0.016339869281045753 0.0196078431372549
0 0.5580065359477124 0.6666666666666666 0.03104575163398693 0.0196078431372549
0 0.5604575163398693 0.6856617647058824 0.026143790849673203 0.020833333333333332
0 0.5874183006535948 0.6966911764705882 0.024509803921568627 0.020833333333333332
0 0.5849673202614379 0.7193627450980392 0.0196078431372549 0.024509803921568627
0 0.613562091503268 0.7181372549019608 0.03758169934640523 0.044117647058823525
0 0.6209150326797386 0.6329656862745098 0.0196078431372549 0.01838235294117647
0 0.6331699346405228 0.6525735294117647 0.021241830065359478 0.023284313725490197
0 0.6707516339869282 0.6176470588235294 0.02777777777777778 0.0196078431372549
0 0.6772875816993464 0.6415441176470588 0.024509803921568627 0.025735294117647058
0 0.6364379084967321 0.7910539215686274 0.03104575163398693 0.03553921568627451
0 0.7401960784313726 0.8406862745098039 0.026143790849673203 0.02696078431372549
0 0.5718954248366013 0.8412990196078431 0.022875816993464054 0.020833333333333332
0 0.5751633986928105 0.8627450980392157 0.026143790849673203 0.0196078431372549
0 0.5081699346405228 0.8645833333333334 0.0196078431372549 0.01838235294117647
0 0.5498366013071896 0.8768382352941176 0.021241830065359478 0.023284313725490197
0 0.5800653594771242 0.9025735294117647 0.026143790849673203 0.023284313725490197
0 0.5816993464052288 0.9264705882352942 0.029411764705882353 0.024509803921568627
0 0.6013071895424836 0.9430147058823529 0.022875816993464054 0.023284313725490197
0 0.5686274509803921 0.954656862745098 0.026143790849673203 0.024509803921568627
0 0.5098039215686274 0.9411764705882353 0.026143790849673203 0.024509803921568627
0 0.542483660130719 0.9607843137254902 0.029411764705882353 0.024509803921568627
0 0.46977124183006536 0.9926470588235294 0.024509803921568627 0.014705882352941176
0 0.5367647058823529 0.9883578431372549 0.024509803921568627 0.023284313725490197
0 0.36764705882352944 0.0545343137254902 0.022875816993464054 0.023284313725490197
0 0.3700980392156863 0.03308823529411765 0.02777777777777778 0.0196078431372549
