0 0.45833333333333337 0.14583333333333334 0.021241830065359478 0.02696078431372549
0 0.3161764705882353 0.13112745098039216 0.024509803921568627 0.024509803921568627
0 0.31209150326797386 0.17095588235294118 0.0196078431372549 0.020833333333333332
0 0.27450980392156865 0.21629901960784315 0.0196078431372549 0.020833333333333332
0 0.2949346405228758 0.21568627450980393 0.01797385620915033 0.022058823529411763
0 0.29820261437908496 0.27144607843137253 0.021241830065359478 0.020833333333333332
0 0.33986928104575165 0.38909313725490197 0.016339869281045753 0.020833333333333332
0 0.28839869281045755 0.4497549019607843 0.021241830065359478 0.022058823529411763
0 0.4084967320261438 0.5098039215686274 0.016339869281045753 0.022058823529411763
0 0.40931372549019607 0.5716911764705882 0.02777777777777778 0.013480392156862746
0 0.7017973856209151 0.0030637254901960784 0.01797385620915033 0.003676470588235294
0 0.7148692810457516 0.012254901960784314 0.014705882352941176 0.0196078431372549
0 0.6723856209150327 0.017769607843137254 0.021241830065359478 0.011029411764705881
0 0.6593137254901961 0.044730392156862746 0.021241830065359478 0.03553921568627451
0 0.638888888888889 0.06004901960784314 0.0196078431372549 0.024509803921568627
0 0.6380718954248367 0.08517156862745098 0.03431372549019608 0.015931372549019607
0 0.6576797385620915 0.07720588235294118 0.01797385620915033 0.022058823529411763
0 0.638888888888889 0.12867647058823528 0.0196078431372549 0.022058823529411763
0 0.6021241830065359 0.16666666666666666 0.021241830065359478 0.0196078431372549
0 0.5857843137254902 0.18627450980392157 0.02777777777777778 0.024509803921568627
0 0.6102941176470589 0.18627450980392157 0.01797385620915033 0.022058823529411763
0 0.6323529411764706 0.18872549019607843 0.026143790849673203 0.0196078431372549
0 0.6127450980392157 0.2034313725490196 0.03594771241830066 0.014705882352941176
0 0.6151960784313726 0.22426470588235295 0.03104575163398693 0.01715686274509804
0 0.6380718954248367 0.21446078431372548 0.02777777777777778 0.02696078431372549
0 0.6838235294117647 0.2113970588235294 0.011437908496732027 0.013480392156862746
0 0.6977124183006537 0.20955882352941177 0.016339869281045753 0.0196078431372549
0 0.6691176470588236 0.23590686274509803 0.021241830065359478 0.028186274509803922
0 0.6928104575163399 0.23039215686274508 0.016339869281045753 0.01715686274509804
0 0.7050653594771242 0.23284313725490197 0.014705882352941176 0.0196078431372549
0 0.6111111111111112 0.2689950980392157 0.032679738562091505 0.01838235294117647
0 0.6086601307189543 0.30637254901960786 0.01797385620915033 0.0196078431372549
0 0.6339869281045751 0.3082107843137255 0.032679738562091505 0.01838235294117647
0 0.6928104575163399 0.3112745098039216 0.013071895424836602 0.01715686274509804
0 0.7091503267973857 0.34129901960784315 0.032679738562091505 0.03799019607843137
0 0.6380718954248367 0.35784313725490197 0.01797385620915033 0.024509803921568627
0 0.6029411764705882 0.3854166666666667 0.022875816993464054 0.020833333333333332
0 0.6184640522875817 0.4074754901960784 0.021241830065359478 0.023284313725490197
0 0.6470588235294118 0.39767156862745096 0.022875816993464054 0.020833333333333332
0 0.6821895424836601 0.3915441176470588 0.014705882352941176 0.023284313725490197
0 0.6993464052287582 0.3854166666666667 0.016339869281045753 0.020833333333333332
0 0.698529411764706 0.4068627450980392 0.01797385620915033 0.01715686274509804
0 0.7001633986928105 0.4221813725490196 0.024509803921568627 0.015931372549019607
0 0.7001633986928105 0.5551470588235294 0.014705882352941176 0.024509803921568627
0 0.5923202614379085 0.6721813725490196 0.021241830065359478 0.025735294117647058
0 0.6315359477124183 0.7126225490196079 0.02777777777777778 0.01838235294117647
0 0.638888888888889 0.7346813725490196 0.022875816993464054 0.023284313725490197
0 0.6151960784313726 0.7640931372549019 0.021241830065359478 0.01838235294117647
0 0.6723856209150327 0.7824754901960784 0.014705882352941176 0.023284313725490197
0 0.6879084967320261 0.7732843137254902 0.013071895424836602 0.022058823529411763
0 0.630718954248366 0.8155637254901961 0.0196078431372549 0.020833333333333332
0 0.6764705882352942 0.8412990196078431 0.022875816993464054 0.013480392156862746
0 0.6723856209150327 0.8560049019607843 0.021241830065359478 0.013480392156862746
0 0.6609477124183006 0.8737745098039216 0.014705882352941176 0.01715686274509804
0 0.6593137254901961 0.8872549019607843 0.021241830065359478 0.00980392156862745
0 0.6838235294117647 0.8890931372549019 0.024509803921568627 0.020833333333333332
0 0.6633986928104575 0.9037990196078431 0.0196078431372549 0.013480392156862746
0 0.6666666666666667 0.9252450980392156 0.0196078431372549 0.024509803921568627
0 0.6830065359477124 0.9160539215686274 0.016339869281045753 0.023284313725490197
0 0.6584967320261438 0.9442401960784313 0.013071895424836602 0.01838235294117647
0 0.6772875816993464 0.9485294117647058 0.01797385620915033 0.01715686274509804
0 0.6805555555555556 0.9638480392156863 0.014705882352941176 0.01838235294117647
0 0.8766339869281046 0.6783088235294118 0.03431372549019608 0.015931372549019607
0 0.8815359477124183 0.7236519607843137 0.02777777777777778 0.028186274509803922
0 0.9150326797385622 0.2647058823529412 0.022875816993464054 0.024509803921568627
0 0.8929738562091504 0.04840686274509804 0.021241830065359478 0.025735294117647058
