0 0.008169934640522876 0.3174019607843137 0.013071895424836602 0.031862745098039214
0 0.4076797385620915 0.5888480392156863 0.04411764705882353 0.03308823529411765
0 0.01797385620915033 0.6807598039215687 0.029411764705882353 0.028186274509803922
0 0.006535947712418301 0.7303921568627451 0.00980392156862745 0.014705882352941176
0 0.01715686274509804 0.7261029411764706 0.011437908496732027 0.013480392156862746
0 0.031862745098039214 0.7316176470588235 0.021241830065359478 0.012254901960784314
0 0.011437908496732027 0.710171568627451 0.0196078431372549 0.028186274509803922
0 0.006535947712418301 0.7714460784313726 0.00980392156862745 0.01838235294117647
0 0.024509803921568627 0.7598039215686274 0.04575163398692811 0.022058823529411763
0 0.01388888888888889 0.7849264705882353 0.024509803921568627 0.030637254901960783
0 0.035130718954248366 0.7830882352941176 0.01797385620915033 0.0196078431372549
0 0.03758169934640523 0.8020833333333334 0.03594771241830066 0.01838235294117647
