0 0.5457516339869282 0.015931372549019607 0.032679738562091505 0.029411764705882353
0 0.5751633986928105 0.028186274509803922 0.0392156862745098 0.03676470588235294
0 0.5743464052287582 0.18075980392156862 0.04084967320261438 0.04044117647058824
0 0.5923202614379085 0.6470588235294118 0.02777777777777778 0.022058823529411763
0 0.6053921568627452 0.6617647058823529 0.021241830065359478 0.029411764705882353
0 0.19362745098039216 0.7303921568627451 0.057189542483660136 0.03431372549019608
0 0.2107843137254902 0.7622549019607843 0.06209150326797386 0.03676470588235294
0 0.6911764705882353 0.8805147058823529 0.032679738562091505 0.04044117647058824
0 0.698529411764706 0.90625 0.02777777777777778 0.020833333333333332
0 0.6707516339869282 0.9019607843137255 0.04084967320261438 0.04656862745098039
