0 0.8905228758169935 0.7659313725490196 0.032679738562091505 0.02696078431372549
0 0.238562091503268 0.977328431372549 0.029411764705882353 0.028186274509803922
0 0.08333333333333334 0.9264705882352942 0.026143790849673203 0.024509803921568627
0 0.09395424836601307 0.8700980392156863 0.021241830065359478 0.024509803921568627
0 0.09967320261437909 0.8939950980392156 0.022875816993464054 0.023284313725490197
0 0.2704248366013072 0.7212009803921569 0.03431372549019608 0.025735294117647058
0 0.2426470588235294 0.7175245098039216 0.02777777777777778 0.028186274509803922
0 0.2622549019607843 0.6783088235294118 0.024509803921568627 0.028186274509803922
0 0.2377450980392157 0.6850490196078431 0.03104575163398693 0.02696078431372549
0 0.07924836601307189 0.7536764705882353 0.03104575163398693 0.031862745098039214
0 0.08660130718954248 0.7340686274509803 0.0196078431372549 0.024509803921568627
0 0.059640522875817 0.7169117647058824 0.02777777777777778 0.029411764705882353
0 0.0727124183006536 0.6145833333333334 0.024509803921568627 0.023284313725490197
0 0.08333333333333334 0.5949754901960784 0.016339869281045753 0.023284313725490197
0 0.06372549019607843 0.5845588235294118 0.022875816993464054 0.024509803921568627
0 0.06209150326797386 0.5447303921568627 0.022875816993464054 0.028186274509803922
0 0.10049019607843138 0.07475490196078431 0.021241830065359478 0.024509803921568627
0 0.11029411764705882 0.05392156862745098 0.02777777777777778 0.022058823529411763
0 0.09477124183006536 0.4803921568627451 0.029411764705882353 0.024509803921568627
0 0.6462418300653595 0.29901960784313725 0.02777777777777778 0.0196078431372549
0 0.6748366013071896 0.2261029411764706 0.016339869281045753 0.020833333333333332
0 0.8676470588235294 0.2346813725490196 0.022875816993464054 0.023284313725490197
