0 0.4419934640522876 0.01715686274509804 0.024509803921568627 0.024509803921568627
0 0.42728758169934644 0.15808823529411764 0.03104575163398693 0.02696078431372549
0 0.5980392156862745 0.1868872549019608 0.026143790849673203 0.025735294117647058
0 0.565359477124183 0.22426470588235295 0.026143790849673203 0.02696078431372549
0 0.5947712418300654 0.2310049019607843 0.029411764705882353 0.028186274509803922
0 0.5890522875816994 0.27879901960784315 0.024509803921568627 0.025735294117647058
0 0.613562091503268 0.3075980392156863 0.02777777777777778 0.024509803921568627
0 0.5645424836601307 0.28799019607843135 0.02777777777777778 0.024509803921568627
0 0.5661764705882353 0.3082107843137255 0.021241830065359478 0.023284313725490197
0 0.6037581699346405 0.3431372549019608 0.021241830065359478 0.022058823529411763
0 0.607843137254902 0.36703431372549017 0.0196078431372549 0.025735294117647058
0 0.6233660130718954 0.40808823529411764 0.021241830065359478 0.024509803921568627
0 0.5833333333333334 0.3756127450980392 0.0196078431372549 0.020833333333333332
0 0.5130718954248367 0.38112745098039214 0.022875816993464054 0.024509803921568627
0 0.48366013071895425 0.40441176470588236 0.022875816993464054 0.022058823529411763
0 0.4632352941176471 0.3995098039215686 0.021241830065359478 0.029411764705882353
0 0.5882352941176471 0.3602941176470588 0.022875816993464054 0.02696078431372549
0 0.45915032679738566 0.46078431372549017 0.026143790849673203 0.022058823529411763
0 0.4338235294117647 0.4650735294117647 0.02777777777777778 0.025735294117647058
0 0.4281045751633987 0.43995098039215685 0.022875816993464054 0.024509803921568627
0 0.41421568627450983 0.49203431372549017 0.024509803921568627 0.020833333333333332
0 0.5114379084967321 0.5122549019607843 0.026143790849673203 0.0196078431372549
0 0.5310457516339869 0.4926470588235294 0.022875816993464054 0.024509803921568627
0 0.5130718954248367 0.49142156862745096 0.0196078431372549 0.022058823529411763
0 0.4991830065359477 0.4724264705882353 0.02777777777777778 0.028186274509803922
0 0.5588235294117647 0.4564950980392157 0.016339869281045753 0.020833333333333332
0 0.573529411764706 0.45894607843137253 0.022875816993464054 0.025735294117647058
0 0.5947712418300654 0.47549019607843135 0.022875816993464054 0.02696078431372549
0 0.6225490196078431 0.5030637254901961 0.0196078431372549 0.023284313725490197
0 0.6527777777777778 0.5214460784313726 0.024509803921568627 0.028186274509803922
0 0.638888888888889 0.5422794117647058 0.022875816993464054 0.025735294117647058
0 0.7132352941176471 0.6311274509803921 0.02777777777777778 0.02696078431372549
0 0.6168300653594772 0.6262254901960784 0.021241830065359478 0.029411764705882353
0 0.5898692810457516 0.5337009803921569 0.022875816993464054 0.025735294117647058
0 0.5686274509803921 0.5245098039215687 0.026143790849673203 0.014705882352941176
0 0.5743464052287582 0.5067401960784313 0.021241830065359478 0.023284313725490197
0 0.5825163398692811 0.48713235294117646 0.021241830065359478 0.020833333333333332
0 0.5629084967320261 0.49142156862745096 0.01797385620915033 0.022058823529411763
0 0.5563725490196079 0.4767156862745098 0.024509803921568627 0.022058823529411763
0 0.5604575163398693 0.5655637254901961 0.022875816993464054 0.025735294117647058
0 0.579248366013072 0.5870098039215687 0.021241830065359478 0.024509803921568627
0 0.6004901960784313 0.5925245098039216 0.024509803921568627 0.028186274509803922
0 0.5866013071895425 0.6194852941176471 0.026143790849673203 0.028186274509803922
0 0.5669934640522876 0.6029411764705882 0.022875816993464054 0.022058823529411763
0 0.542483660130719 0.579656862745098 0.0196078431372549 0.022058823529411763
0 0.5285947712418301 0.5833333333333334 0.01797385620915033 0.024509803921568627
0 0.4869281045751634 0.5588235294117647 0.03594771241830066 0.01715686274509804
0 0.5 0.5343137254901961 0.026143790849673203 0.022058823529411763
0 0.4934640522875817 0.579656862745098 0.03594771241830066 0.01715686274509804
0 0.49754901960784315 0.5974264705882353 0.03104575163398693 0.020833333333333332
0 0.494281045751634 0.6170343137254902 0.03104575163398693 0.015931372549019607
0 0.477124183006536 0.6274509803921569 0.029411764705882353 0.01715686274509804
0 0.45833333333333337 0.6072303921568627 0.03104575163398693 0.020833333333333332
0 0.43709150326797386 0.6237745098039216 0.03104575163398693 0.024509803921568627
0 0.37336601307189543 0.6623774509803921 0.03431372549019608 0.020833333333333332
0 0.3504901960784314 0.7469362745098039 0.024509803921568627 0.023284313725490197
0 0.3602941176470588 0.7634803921568627 0.02777777777777778 0.024509803921568627
0 0.4305555555555556 0.8308823529411764 0.024509803921568627 0.024509803921568627
0 0.41748366013071897 0.8082107843137255 0.024509803921568627 0.025735294117647058
0 0.4354575163398693 0.7935049019607843 0.024509803921568627 0.023284313725490197
0 0.45669934640522875 0.7977941176470588 0.02777777777777778 0.029411764705882353
0 0.4542483660130719 0.8235294117647058 0.022875816993464054 0.024509803921568627
0 0.4812091503267974 0.8174019607843137 0.024509803921568627 0.02696078431372549
0 0.5147058823529412 0.8082107843137255 0.022875816993464054 0.025735294117647058
0 0.49183006535947715 0.7947303921568627 0.029411764705882353 0.01838235294117647
0 0.4607843137254902 0.7757352941176471 0.029411764705882353 0.014705882352941176
0 0.4477124183006536 0.7579656862745098 0.022875816993464054 0.023284313725490197
0 0.47875816993464054 0.7254901960784313 0.029411764705882353 0.02696078431372549
0 0.47875816993464054 0.7616421568627451 0.022875816993464054 0.020833333333333332
0 0.5326797385620915 0.7156862745098039 0.022875816993464054 0.029411764705882353
0 0.5531045751633987 0.710171568627451 0.01797385620915033 0.025735294117647058
0 0.5702614379084967 0.704656862745098 0.016339869281045753 0.02696078431372549
0 0.573529411764706 0.7610294117647058 0.0196078431372549 0.024509803921568627
0 0.6111111111111112 0.6862745098039216 0.022875816993464054 0.029411764705882353
0 0.5833333333333334 0.647671568627451 0.022875816993464054 0.028186274509803922
0 0.5522875816993464 0.6758578431372549 0.03594771241830066 0.028186274509803922
0 0.548202614379085 0.6525735294117647 0.03104575163398693 0.025735294117647058
0 0.5049019607843137 0.6795343137254902 0.026143790849673203 0.025735294117647058
0 0.5008169934640523 0.6611519607843137 0.021241830065359478 0.020833333333333332
0 0.4746732026143791 0.6470588235294118 0.024509803921568627 0.024509803921568627
0 0.4991830065359477 0.6397058823529411 0.021241830065359478 0.022058823529411763
0 0.440359477124183 0.6685049019607843 0.01797385620915033 0.020833333333333332
0 0.42647058823529416 0.6801470588235294 0.0196078431372549 0.01715686274509804
0 0.4534313725490196 0.6930147058823529 0.02777777777777778 0.028186274509803922
0 0.5187908496732027 0.892156862745098 0.021241830065359478 0.02696078431372549
0 0.49754901960784315 0.9136029411764706 0.024509803921568627 0.023284313725490197
0 0.5040849673202614 0.9399509803921569 0.02777777777777778 0.029411764705882353
0 0.48447712418300654 0.9307598039215687 0.021241830065359478 0.025735294117647058
0 0.4877450980392157 0.9644607843137255 0.021241830065359478 0.02696078431372549
0 0.505718954248366 0.9681372549019608 0.024509803921568627 0.022058823529411763
0 0.5114379084967321 0.9877450980392156 0.026143790849673203 0.0196078431372549
0 0.5531045751633987 0.9932598039215687 0.02777777777777778 0.013480392156862746
0 0.012254901960784314 0.928921568627451 0.021241830065359478 0.029411764705882353
0 0.04656862745098039 0.8063725490196079 0.021241830065359478 0.024509803921568627
0 0.021241830065359478 0.7990196078431372 0.0196078431372549 0.024509803921568627
0 0.011437908496732027 0.7843137254901961 0.0196078431372549 0.024509803921568627
0 0.02696078431372549 0.7193627450980392 0.024509803921568627 0.024509803921568627
0 0.03839869281045752 0.6954656862745098 0.024509803921568627 0.025735294117647058
0 0.05473856209150327 0.6574754901960784 0.024509803921568627 0.025735294117647058
0 0.042483660130718956 0.5030637254901961 0.022875816993464054 0.025735294117647058
0 0.03104575163398693 0.48161764705882354 0.022875816993464054 0.024509803921568627
0 0.04084967320261438 0.4013480392156863 0.0196078431372549 0.028186274509803922
0 0.05473856209150327 0.3370098039215686 0.021241830065359478 0.029411764705882353
0 0.04820261437908497 0.3008578431372549 0.021241830065359478 0.028186274509803922
0 0.14624183006535948 0.19669117647058823 0.03104575163398693 0.030637254901960783
0 0.14133986928104575 0.1605392156862745 0.02777777777777778 0.029411764705882353
0 0.05310457516339869 0.14338235294117646 0.024509803921568627 0.031862745098039214
0 0.09150326797385622 0.10294117647058823 0.029411764705882353 0.029411764705882353
0 0.06209150326797386 0.10845588235294118 0.022875816993464054 0.023284313725490197
0 0.06372549019607843 0.08639705882352941 0.022875816993464054 0.025735294117647058
0 0.04166666666666667 0.0857843137254902 0.01797385620915033 0.02696078431372549
0 0.06209150326797386 0.03553921568627451 0.032679738562091505 0.0196078431372549
0 0.1315359477124183 0.0196078431372549 0.024509803921568627 0.029411764705882353
