0 0.18055555555555555 0.6078431372549019 0.08660130718954248 0.07352941176470588
0 0.07107843137254902 0.7653186274509803 0.03758169934640523 0.03553921568627451
0 0.4019607843137255 0.6188725490196079 0.06535947712418301 0.03431372549019608
0 0.8880718954248367 0.6611519607843137 0.03431372549019608 0.03308823529411765
0 0.9052287581699346 0.6464460784313726 0.026143790849673203 0.028186274509803922
0 0.8741830065359477 0.6243872549019608 0.06535947712418301 0.0428921568627451
0 0.8333333333333334 0.6225490196078431 0.022875816993464054 0.03431372549019608
0 0.8611111111111112 0.5919117647058824 0.029411764705882353 0.02696078431372549
0 0.8366013071895425 0.5919117647058824 0.029411764705882353 0.029411764705882353
0 0.8316993464052288 0.5637254901960784 0.03594771241830066 0.031862745098039214
0 0.8513071895424836 0.5459558823529411 0.029411764705882353 0.030637254901960783
0 0.8259803921568628 0.5361519607843137 0.02777777777777778 0.028186274509803922
0 0.8586601307189543 0.5116421568627451 0.04411764705882353 0.025735294117647058
0 0.823529411764706 0.508578431372549 0.0196078431372549 0.02696078431372549
0 0.803921568627451 0.5110294117647058 0.029411764705882353 0.02696078431372549
0 0.4076797385620915 0.3314950980392157 0.03104575163398693 0.03308823529411765
0 0.22222222222222224 0.3112745098039216 0.032679738562091505 0.03431372549019608
0 0.8088235294117647 0.33762254901960786 0.029411764705882353 0.03553921568627451
0 0.7883986928104575 0.31433823529411764 0.02777777777777778 0.03308823529411765
0 0.8080065359477124 0.2935049019607843 0.03104575163398693 0.028186274509803922
0 0.8602941176470589 0.2346813725490196 0.024509803921568627 0.030637254901960783
0 0.8602941176470589 0.20404411764705882 0.03104575163398693 0.03553921568627451
0 0.8341503267973857 0.22181372549019607 0.024509803921568627 0.02696078431372549
0 0.8071895424836601 0.19424019607843138 0.022875816993464054 0.03308823529411765
0 0.7998366013071896 0.1795343137254902 0.02777777777777778 0.028186274509803922
0 0.7834967320261438 0.16666666666666666 0.02777777777777778 0.03676470588235294
0 0.7998366013071896 0.1403186274509804 0.024509803921568627 0.030637254901960783
0 0.7900326797385621 0.12009803921568628 0.03431372549019608 0.031862745098039214
0 0.45588235294117646 0.00980392156862745 0.029411764705882353 0.01715686274509804
0 0.4109477124183007 0.009191176470588236 0.04084967320261438 0.015931372549019607
