0 0.19934640522875818 0.1409313725490196 0.0392156862745098 0.029411764705882353
0 0.19607843137254902 0.1715686274509804 0.042483660130718956 0.0392156862745098
0 0.040032679738562095 0.04350490196078431 0.04411764705882353 0.05024509803921569
0 0.049019607843137254 0.010416666666666666 0.03594771241830066 0.01838235294117647
0 0.011437908496732027 0.028799019607843136 0.0196078431372549 0.03553921568627451
0 0.031862745098039214 0.07169117647058823 0.04084967320261438 0.04044117647058824
0 0.05392156862745098 0.09558823529411764 0.029411764705882353 0.029411764705882353
0 0.035130718954248366 0.10416666666666667 0.03104575163398693 0.02696078431372549
0 0.016339869281045753 0.11887254901960784 0.029411764705882353 0.051470588235294115
0 0.031862745098039214 0.1329656862745098 0.03104575163398693 0.04044117647058824
0 0.04656862745098039 0.2310049019607843 0.024509803921568627 0.03308823529411765
0 0.08823529411764706 0.6323529411764706 0.032679738562091505 0.024509803921568627
0 0.11029411764705882 0.6752450980392157 0.03431372549019608 0.044117647058823525
0 0.13480392156862744 0.6795343137254902 0.024509803921568627 0.025735294117647058
0 0.15359477124183007 0.7279411764705882 0.026143790849673203 0.024509803921568627
0 0.07761437908496732 0.6691176470588235 0.03758169934640523 0.041666666666666664
0 0.08986928104575163 0.6893382352941176 0.022875816993464054 0.020833333333333332
0 0.0727124183006536 0.6979166666666666 0.021241830065359478 0.023284313725490197
0 0.05228758169934641 0.6911764705882353 0.026143790849673203 0.031862745098039214
0 0.03676470588235294 0.710171568627451 0.03758169934640523 0.03553921568627451
0 0.05228758169934641 0.7395833333333334 0.0392156862745098 0.03553921568627451
0 0.018790849673202614 0.7401960784313726 0.03431372549019608 0.044117647058823525
0 0.0857843137254902 0.7371323529411764 0.021241830065359478 0.025735294117647058
0 0.10375816993464053 0.741421568627451 0.024509803921568627 0.024509803921568627
0 0.08496732026143791 0.7714460784313726 0.026143790849673203 0.025735294117647058
0 0.06209150326797386 0.7702205882352942 0.03594771241830066 0.0428921568627451
0 0.03022875816993464 0.7751225490196079 0.04084967320261438 0.03799019607843137
0 0.031862745098039214 0.8106617647058824 0.03104575163398693 0.028186274509803922
0 0.06045751633986928 0.8014705882352942 0.029411764705882353 0.0196078431372549
0 0.0923202614379085 0.8100490196078431 0.03431372549019608 0.022058823529411763
0 0.059640522875817 0.8198529411764706 0.021241830065359478 0.02696078431372549
0 0.08006535947712419 0.8363970588235294 0.032679738562091505 0.04779411764705882
0 0.04656862745098039 0.835171568627451 0.024509803921568627 0.028186274509803922
0 0.059640522875817 0.8639705882352942 0.03431372549019608 0.03431372549019608
0 0.032679738562091505 0.8713235294117647 0.04575163398692811 0.051470588235294115
0 0.014705882352941176 0.9515931372549019 0.026143790849673203 0.03553921568627451
0 0.11274509803921569 0.8854166666666666 0.0392156862745098 0.05024509803921569
0 0.17892156862745098 0.8155637254901961 0.024509803921568627 0.020833333333333332
0 0.1781045751633987 0.8339460784313726 0.022875816993464054 0.028186274509803922
0 0.1968954248366013 0.8425245098039216 0.024509803921568627 0.025735294117647058
0 0.2042483660130719 0.8627450980392157 0.03594771241830066 0.0196078431372549
0 0.18709150326797386 0.8725490196078431 0.03758169934640523 0.012254901960784314
0 0.19362745098039216 0.8878676470588235 0.01797385620915033 0.025735294117647058
0 0.17647058823529413 0.8878676470588235 0.022875816993464054 0.028186274509803922
0 0.16013071895424838 0.8927696078431372 0.022875816993464054 0.020833333333333332
0 0.1527777777777778 0.8498774509803921 0.05392156862745098 0.04534313725490196
0 0.058823529411764705 0.6182598039215687 0.03594771241830066 0.04044117647058824
