0 0.008986928104575164 0.11764705882352941 0.014705882352941176 0.024509803921568627
0 0.008986928104575164 0.14154411764705882 0.014705882352941176 0.028186274509803922
0 0.05228758169934641 0.22977941176470587 0.026143790849673203 0.028186274509803922
0 0.7516339869281046 0.31924019607843135 0.03594771241830066 0.025735294117647058
0 0.20179738562091504 0.4638480392156863 0.02777777777777778 0.025735294117647058
0 0.14297385620915032 0.49816176470588236 0.02777777777777778 0.028186274509803922
0 0.08496732026143791 0.48161764705882354 0.029411764705882353 0.029411764705882353
0 0.1503267973856209 0.7077205882352942 0.022875816993464054 0.025735294117647058
0 0.6919934640522876 0.6758578431372549 0.02777777777777778 0.020833333333333332
0 0.6911764705882353 0.6948529411764706 0.026143790849673203 0.022058823529411763
0 0.7034313725490197 0.8670343137254902 0.024509803921568627 0.028186274509803922
0 0.8856209150326798 0.8204656862745098 0.029411764705882353 0.023284313725490197
0 0.888888888888889 0.8363970588235294 0.0392156862745098 0.020833333333333332
0 0.7826797385620915 0.9877450980392156 0.029411764705882353 0.024509803921568627
