0 0.238562091503268 0.04779411764705882 0.022875816993464054 0.029411764705882353
0 0.2630718954248366 0.051470588235294115 0.026143790849673203 0.024509803921568627
0 0.25653594771241833 0.08394607843137254 0.0392156862745098 0.04044117647058824
0 0.2720588235294118 0.22120098039215685 0.021241830065359478 0.028186274509803922
0 0.2916666666666667 0.21017156862745098 0.01797385620915033 0.030637254901960783
0 0.3104575163398693 0.2193627450980392 0.022875816993464054 0.024509803921568627
0 0.29248366013071897 0.23651960784313725 0.026143790849673203 0.024509803921568627
0 0.303921568627451 0.2549019607843137 0.032679738562091505 0.024509803921568627
0 0.28594771241830064 0.2855392156862745 0.022875816993464054 0.02696078431372549
0 0.3047385620915033 0.2806372549019608 0.02777777777777778 0.024509803921568627
0 0.3243464052287582 0.2977941176470588 0.03431372549019608 0.029411764705882353
0 0.9910130718954249 0.5943627450980392 0.01797385620915033 0.031862745098039214
0 0.9812091503267975 0.7083333333333334 0.01797385620915033 0.02696078431372549
0 0.9787581699346406 0.7708333333333334 0.0196078431372549 0.02696078431372549
0 0.9918300653594772 0.7444852941176471 0.016339869281045753 0.028186274509803922
0 0.9893790849673203 0.7248774509803921 0.021241830065359478 0.025735294117647058
0 0.9705882352941176 0.8014705882352942 0.026143790849673203 0.0196078431372549
0 0.9893790849673203 0.8020833333333334 0.01797385620915033 0.025735294117647058
0 0.9681372549019608 0.8235294117647058 0.03431372549019608 0.031862745098039214
0 0.9697712418300654 0.8474264705882353 0.024509803921568627 0.030637254901960783
0 0.9714052287581699 0.897671568627451 0.021241830065359478 0.025735294117647058
0 0.9877450980392157 0.8841911764705882 0.01797385620915033 0.025735294117647058
0 0.9746732026143791 0.9466911764705882 0.021241830065359478 0.028186274509803922
0 0.9632352941176471 0.9626225490196079 0.024509803921568627 0.025735294117647058
