0 0.7589869281045751 0.12990196078431374 0.021241830065359478 0.0196078431372549
0 0.7475490196078431 0.1482843137254902 0.024509803921568627 0.014705882352941176
0 0.7295751633986929 0.1605392156862745 0.021241830065359478 0.0196078431372549
0 0.6821895424836601 0.20098039215686275 0.024509803921568627 0.0196078431372549
0 0.763888888888889 0.18443627450980393 0.024509803921568627 0.025735294117647058
0 0.7663398692810458 0.20833333333333334 0.022875816993464054 0.0196078431372549
0 0.763888888888889 0.23651960784313725 0.021241830065359478 0.022058823529411763
0 0.7312091503267975 0.28125 0.01797385620915033 0.023284313725490197
0 0.809640522875817 0.27267156862745096 0.03431372549019608 0.03799019607843137
0 0.8308823529411765 0.3002450980392157 0.021241830065359478 0.0196078431372549
