0 0.9918300653594772 0.016544117647058824 0.016339869281045753 0.025735294117647058
0 0.619281045751634 0.3112745098039216 0.022875816993464054 0.0196078431372549
0 0.7892156862745098 0.414828431372549 0.0196078431372549 0.028186274509803922
0 0.8194444444444444 0.4099264705882353 0.01797385620915033 0.028186274509803922
0 0.8080065359477124 0.45588235294117646 0.02777777777777778 0.02696078431372549
0 0.9787581699346406 0.49142156862745096 0.029411764705882353 0.05392156862745098
0 0.7769607843137255 0.4944852941176471 0.021241830065359478 0.023284313725490197
0 0.7998366013071896 0.5091911764705882 0.02777777777777778 0.023284313725490197
0 0.7892156862745098 0.5416666666666666 0.029411764705882353 0.03676470588235294
0 0.8120915032679739 0.553921568627451 0.026143790849673203 0.022058823529411763
0 0.6691176470588236 0.5955882352941176 0.024509803921568627 0.031862745098039214
0 0.6993464052287582 0.6495098039215687 0.0196078431372549 0.024509803921568627
0 0.9362745098039216 0.5900735294117647 0.026143790849673203 0.015931372549019607
0 0.9362745098039216 0.6207107843137255 0.0196078431372549 0.025735294117647058
0 0.9526143790849674 0.6090686274509803 0.016339869281045753 0.022058823529411763
0 0.8006535947712419 0.6299019607843137 0.03594771241830066 0.012254901960784314
0 0.7687908496732027 0.6979166666666666 0.03104575163398693 0.04044117647058824
0 0.8006535947712419 0.7248774509803921 0.042483660130718956 0.04779411764705882
0 0.7679738562091504 0.7561274509803921 0.016339869281045753 0.022058823529411763
0 0.7687908496732027 0.7787990196078431 0.021241830065359478 0.025735294117647058
0 0.7892156862745098 0.7598039215686274 0.016339869281045753 0.022058823529411763
0 0.7908496732026145 0.7824754901960784 0.0196078431372549 0.020833333333333332
0 0.8129084967320261 0.767156862745098 0.01797385620915033 0.022058823529411763
0 0.5473856209150327 0.9276960784313726 0.0392156862745098 0.041666666666666664
0 0.7728758169934641 0.8780637254901961 0.026143790849673203 0.03308823529411765
0 0.7712418300653595 0.9050245098039216 0.0196078431372549 0.01838235294117647
0 0.7908496732026145 0.9105392156862745 0.026143790849673203 0.022058823529411763
0 0.9526143790849674 0.8658088235294118 0.022875816993464054 0.03308823529411765
0 0.9477124183006537 0.8927696078431372 0.0196078431372549 0.023284313725490197
