0 0.22549019607843138 0.5269607843137255 0.026143790849673203 0.03431372549019608
0 0.07107843137254902 0.125 0.024509803921568627 0.029411764705882353
0 0.04330065359477124 0.11642156862745098 0.021241830065359478 0.029411764705882353
0 0.03431372549019608 0.055759803921568624 0.029411764705882353 0.030637254901960783
0 0.03594771241830066 0.14154411764705882 0.022875816993464054 0.028186274509803922
0 0.04330065359477124 0.1721813725490196 0.024509803921568627 0.028186274509803922
0 0.025326797385620915 0.2346813725490196 0.021241830065359478 0.030637254901960783
0 0.03758169934640523 0.007965686274509803 0.032679738562091505 0.013480392156862746
0 0.04330065359477124 0.2892156862745098 0.024509803921568627 0.02696078431372549
0 0.011437908496732027 0.29105392156862747 0.0196078431372549 0.025735294117647058
0 0.02369281045751634 0.36642156862745096 0.021241830065359478 0.02696078431372549
0 0.040032679738562095 0.3449754901960784 0.024509803921568627 0.028186274509803922
0 0.025326797385620915 0.32169117647058826 0.021241830065359478 0.025735294117647058
0 0.01715686274509804 0.3051470588235294 0.01797385620915033 0.029411764705882353
0 0.05147058823529412 0.4963235294117647 0.02777777777777778 0.03431372549019608
0 0.011437908496732027 0.5471813725490196 0.0196078431372549 0.028186274509803922
0 0.012254901960784314 0.5753676470588235 0.021241830065359478 0.025735294117647058
0 0.14297385620915032 0.5876225490196079 0.03431372549019608 0.020833333333333332
0 0.1772875816993464 0.696078431372549 0.03104575163398693 0.03431372549019608
0 0.5351307189542484 0.6072303921568627 0.02777777777777778 0.03553921568627451
0 0.4820261437908497 0.673406862745098 0.026143790849673203 0.030637254901960783
0 0.5718954248366013 0.1868872549019608 0.029411764705882353 0.030637254901960783
0 0.5016339869281046 0.26838235294117646 0.029411764705882353 0.022058823529411763
0 0.5906862745098039 0.33088235294117646 0.02777777777777778 0.03431372549019608
0 0.5334967320261438 0.3174019607843137 0.03104575163398693 0.02696078431372549
0 0.5253267973856209 0.29840686274509803 0.024509803921568627 0.028186274509803922
0 0.5081699346405228 0.2867647058823529 0.022875816993464054 0.02696078431372549
0 0.5253267973856209 0.2689950980392157 0.021241830065359478 0.028186274509803922
0 0.5441176470588236 0.28125 0.022875816993464054 0.030637254901960783
0 0.571078431372549 0.29534313725490197 0.03104575163398693 0.031862745098039214
0 0.6176470588235294 0.4264705882352941 0.026143790849673203 0.02696078431372549
0 0.5637254901960784 0.7254901960784313 0.049019607843137254 0.06372549019607843
0 0.4665032679738562 0.7316176470588235 0.02777777777777778 0.029411764705882353
0 0.4542483660130719 0.758578431372549 0.026143790849673203 0.022058823529411763
0 0.46977124183006536 0.7849264705882353 0.03104575163398693 0.03308823529411765
0 0.4493464052287582 0.7861519607843137 0.026143790849673203 0.030637254901960783
0 0.5776143790849674 0.8063725490196079 0.02777777777777778 0.031862745098039214
0 0.5743464052287582 0.8468137254901961 0.024509803921568627 0.029411764705882353
0 0.4297385620915033 0.9381127450980392 0.026143790849673203 0.025735294117647058
0 0.4852941176470588 0.9705882352941176 0.022875816993464054 0.02696078431372549
0 0.46568627450980393 0.9865196078431372 0.026143790849673203 0.02696078431372549
0 0.434640522875817 0.9626225490196079 0.026143790849673203 0.01838235294117647
