0 0.1053921568627451 0.2708333333333333 0.024509803921568627 0.0196078431372549
0 0.059640522875817 0.2647058823529412 0.021241830065359478 0.0196078431372549
0 0.04084967320261438 0.28370098039215685 0.016339869281045753 0.020833333333333332
0 0.049019607843137254 0.29044117647058826 0.0196078431372549 0.01715686274509804
0 0.049836601307189546 0.30637254901960786 0.01797385620915033 0.0196078431372549
0 0.06862745098039216 0.3069852941176471 0.0196078431372549 0.023284313725490197
0 0.0857843137254902 0.31495098039215685 0.021241830065359478 0.01715686274509804
0 0.05392156862745098 0.32169117647058826 0.016339869281045753 0.01838235294117647
0 0.07352941176470588 0.3327205882352941 0.022875816993464054 0.020833333333333332
0 0.04330065359477124 0.3241421568627451 0.014705882352941176 0.01838235294117647
0 0.029411764705882353 0.3278186274509804 0.0196078431372549 0.020833333333333332
0 0.04656862745098039 0.3431372549019608 0.01797385620915033 0.0196078431372549
0 0.0784313725490196 0.3486519607843137 0.0196078431372549 0.01838235294117647
0 0.0923202614379085 0.3541666666666667 0.01797385620915033 0.0196078431372549
0 0.07107843137254902 0.3707107843137255 0.03431372549019608 0.030637254901960783
0 0.05392156862745098 0.3627450980392157 0.022875816993464054 0.024509803921568627
0 0.035130718954248366 0.3584558823529412 0.024509803921568627 0.01838235294117647
0 0.03594771241830066 0.3792892156862745 0.016339869281045753 0.023284313725490197
0 0.049019607843137254 0.37745098039215685 0.013071895424836602 0.01715686274509804
0 0.30800653594771243 0.42769607843137253 0.024509803921568627 0.024509803921568627
0 0.8227124183006537 0.5631127450980392 0.03431372549019608 0.023284313725490197
0 0.1119281045751634 0.5698529411764706 0.03104575163398693 0.01715686274509804
0 0.37173202614379086 0.7126225490196079 0.02777777777777778 0.020833333333333332
0 0.24754901960784315 0.7604166666666666 0.03431372549019608 0.030637254901960783
0 0.17320261437908496 0.7683823529411764 0.042483660130718956 0.044117647058823525
0 0.20261437908496732 0.7965686274509803 0.032679738562091505 0.0196078431372549
0 0.1454248366013072 0.7696078431372549 0.022875816993464054 0.022058823529411763
0 0.16666666666666669 0.8174019607843137 0.022875816993464054 0.014705882352941176
0 0.17320261437908496 0.8731617647058824 0.016339869281045753 0.01838235294117647
0 0.1707516339869281 0.8897058823529411 0.01797385620915033 0.0196078431372549
0 0.21405228758169936 0.8670343137254902 0.0196078431372549 0.020833333333333332
0 0.20506535947712418 0.875 0.01797385620915033 0.01715686274509804
0 0.20915032679738563 0.8909313725490196 0.022875816993464054 0.024509803921568627
0 0.19362745098039216 0.8799019607843137 0.011437908496732027 0.0196078431372549
0 0.26715686274509803 0.8933823529411764 0.01797385620915033 0.0196078431372549
0 0.2540849673202614 0.9044117647058824 0.014705882352941176 0.0196078431372549
0 0.23447712418300654 0.9074754901960784 0.01797385620915033 0.01838235294117647
0 0.2107843137254902 0.9185049019607843 0.022875816993464054 0.028186274509803922
0 0.18872549019607843 0.9111519607843137 0.01797385620915033 0.015931372549019607
0 0.18627450980392157 0.8952205882352942 0.026143790849673203 0.015931372549019607
0 0.1715686274509804 0.9087009803921569 0.0196078431372549 0.01838235294117647
0 0.14869281045751634 0.9166666666666666 0.0196078431372549 0.014705882352941176
0 0.19362745098039216 0.9344362745098039 0.01797385620915033 0.025735294117647058
0 0.21486928104575165 0.9448529411764706 0.03758169934640523 0.02696078431372549
0 0.2426470588235294 0.9375 0.021241830065359478 0.022058823529411763
0 0.238562091503268 0.9522058823529411 0.0196078431372549 0.014705882352941176
0 0.25163398692810457 0.9626225490196079 0.0196078431372549 0.01838235294117647
0 0.2622549019607843 0.9767156862745098 0.01797385620915033 0.0196078431372549
0 0.15604575163398693 0.9368872549019608 0.01797385620915033 0.020833333333333332
0 0.17973856209150327 0.9313725490196079 0.022875816993464054 0.014705882352941176
0 0.17401960784313725 0.9424019607843137 0.024509803921568627 0.01715686274509804
0 0.16830065359477125 0.954656862745098 0.016339869281045753 0.0196078431372549
0 0.18055555555555555 0.9656862745098039 0.01797385620915033 0.0196078431372549
0 0.1968954248366013 0.9632352941176471 0.014705882352941176 0.0196078431372549
0 0.20669934640522877 0.9712009803921569 0.014705882352941176 0.015931372549019607
0 0.22875816993464054 0.9767156862745098 0.032679738562091505 0.01715686274509804
0 0.22712418300653595 0.9926470588235294 0.0196078431372549 0.014705882352941176
0 0.2361111111111111 0.9650735294117647 0.021241830065359478 0.011029411764705881
0 0.22140522875816995 0.9662990196078431 0.01797385620915033 0.00857843137254902
0 0.20751633986928106 0.9865196078431372 0.026143790849673203 0.0196078431372549
0 0.13643790849673204 0.9387254901960784 0.02777777777777778 0.0392156862745098
0 0.11437908496732027 0.9577205882352942 0.016339869281045753 0.013480392156862746
0 0.12826797385620917 0.9607843137254902 0.01797385620915033 0.012254901960784314
0 0.15359477124183007 0.960171568627451 0.026143790849673203 0.013480392156862746
0 0.12173202614379085 0.9797794117647058 0.03104575163398693 0.028186274509803922
0 0.1388888888888889 0.9871323529411764 0.013071895424836602 0.015931372549019607
0 0.16258169934640523 0.9803921568627451 0.021241830065359478 0.0196078431372549
0 0.17973856209150327 0.9938725490196079 0.029411764705882353 0.012254901960784314
0 0.184640522875817 0.9797794117647058 0.0196078431372549 0.01838235294117647
0 0.14787581699346405 0.9932598039215687 0.024509803921568627 0.013480392156862746
