0 0.024509803921568627 0.00980392156862745 0.026143790849673203 0.01715686274509804
0 0.00980392156862745 0.017769607843137254 0.016339869281045753 0.025735294117647058
0 0.007352941176470588 0.041666666666666664 0.011437908496732027 0.022058823529411763
0 0.01388888888888889 0.06004901960784314 0.024509803921568627 0.012254901960784314
0 0.008169934640522876 0.07659313725490197 0.013071895424836602 0.028186274509803922
0 0.016339869281045753 0.11090686274509803 0.029411764705882353 0.03308823529411765
0 0.02369281045751634 0.0784313725490196 0.021241830065359478 0.02696078431372549
0 0.03349673202614379 0.10294117647058823 0.021241830065359478 0.02696078431372549
0 0.02696078431372549 0.13848039215686275 0.03104575163398693 0.01715686274509804
0 0.011437908496732027 0.13848039215686275 0.0196078431372549 0.024509803921568627
0 0.056372549019607844 0.00980392156862745 0.024509803921568627 0.01715686274509804
0 0.04411764705882353 0.023284313725490197 0.0196078431372549 0.024509803921568627
0 0.025326797385620915 0.03370098039215686 0.02777777777777778 0.028186274509803922
0 0.03594771241830066 0.05269607843137255 0.022875816993464054 0.02696078431372549
0 0.058823529411764705 0.05330882352941176 0.026143790849673203 0.030637254901960783
0 0.04820261437908497 0.08149509803921569 0.021241830065359478 0.023284313725490197
0 0.06699346405228758 0.08272058823529412 0.0196078431372549 0.020833333333333332
0 0.07761437908496732 0.016544117647058824 0.021241830065359478 0.023284313725490197
0 0.09885620915032681 0.028799019607843136 0.024509803921568627 0.025735294117647058
0 0.08169934640522876 0.04718137254901961 0.03594771241830066 0.020833333333333332
0 0.119281045751634 0.049019607843137254 0.03594771241830066 0.022058823529411763
0 0.11601307189542484 0.009191176470588236 0.026143790849673203 0.015931372549019607
0 0.10784313725490197 0.10110294117647059 0.04575163398692811 0.030637254901960783
0 0.06944444444444445 0.11213235294117647 0.03431372549019608 0.020833333333333332
0 0.06209150326797386 0.13664215686274508 0.032679738562091505 0.023284313725490197
0 0.16339869281045752 0.16911764705882354 0.058823529411764705 0.041666666666666664
0 0.3545751633986928 0.21875 0.042483660130718956 0.03308823529411765
0 0.625 0.06556372549019608 0.03758169934640523 0.03553921568627451
0 0.6593137254901961 0.0661764705882353 0.04084967320261438 0.03431372549019608
