0 0.32679738562091504 0.24816176470588236 0.042483660130718956 0.025735294117647058
0 0.8227124183006537 0.4013480392156863 0.024509803921568627 0.025735294117647058
0 0.8006535947712419 0.4178921568627451 0.029411764705882353 0.0196078431372549
0 0.7859477124183006 0.4466911764705882 0.0196078431372549 0.023284313725490197
0 0.8055555555555556 0.4375 0.0196078431372549 0.02696078431372549
0 0.8006535947712419 0.47855392156862747 0.04575163398692811 0.05024509803921569
0 0.8194444444444444 0.5251225490196079 0.04738562091503268 0.03799019607843137
0 0.8243464052287582 0.4479166666666667 0.01797385620915033 0.023284313725490197
0 0.8439542483660131 0.4454656862745098 0.021241830065359478 0.028186274509803922
0 0.8709150326797386 0.4381127450980392 0.026143790849673203 0.01838235294117647
0 0.9068627450980392 0.4221813725490196 0.026143790849673203 0.011029411764705881
0 0.8447712418300654 0.47855392156862747 0.042483660130718956 0.03799019607843137
0 0.8676470588235294 0.4564950980392157 0.022875816993464054 0.015931372549019607
0 0.888888888888889 0.4638480392156863 0.0392156862745098 0.028186274509803922
0 0.8145424836601307 0.4957107843137255 0.01797385620915033 0.015931372549019607
0 0.8570261437908497 0.5147058823529411 0.03431372549019608 0.031862745098039214
0 0.8954248366013072 0.4932598039215686 0.032679738562091505 0.03553921568627451
0 0.8856209150326798 0.53125 0.05228758169934641 0.023284313725490197
0 0.8611111111111112 0.5520833333333334 0.032679738562091505 0.01838235294117647
0 0.8962418300653595 0.5625 0.03104575163398693 0.01715686274509804
0 0.9011437908496732 0.5490196078431373 0.02777777777777778 0.01715686274509804
0 0.928921568627451 0.5680147058823529 0.03104575163398693 0.023284313725490197
0 0.7614379084967321 0.6060049019607843 0.032679738562091505 0.028186274509803922
0 0.7336601307189543 0.6115196078431372 0.0392156862745098 0.03676470588235294
0 0.8537581699346406 0.6047794117647058 0.02777777777777778 0.028186274509803922
0 0.940359477124183 0.6225490196078431 0.024509803921568627 0.022058823529411763
0 0.7769607843137255 0.6642156862745098 0.05065359477124183 0.051470588235294115
0 0.31699346405228757 0.6752450980392157 0.042483660130718956 0.02696078431372549
0 0.4428104575163399 0.7034313725490196 0.0392156862745098 0.02696078431372549
0 0.8325163398692811 0.6488970588235294 0.057189542483660136 0.03799019607843137
0 0.8120915032679739 0.6642156862745098 0.016339869281045753 0.022058823529411763
0 0.8333333333333334 0.6764705882352942 0.05228758169934641 0.029411764705882353
0 0.883169934640523 0.6470588235294118 0.04411764705882353 0.03676470588235294
0 0.7540849673202614 0.7077205882352942 0.04411764705882353 0.030637254901960783
0 0.7859477124183006 0.7107843137254902 0.03594771241830066 0.041666666666666664
0 0.8472222222222222 0.7052696078431372 0.04738562091503268 0.020833333333333332
0 0.7091503267973857 0.7377450980392157 0.03594771241830066 0.0392156862745098
0 0.7401960784313726 0.7408088235294118 0.05228758169934641 0.04534313725490196
0 0.7434640522875817 0.7677696078431372 0.0392156862745098 0.01838235294117647
0 0.7834967320261438 0.7573529411764706 0.03758169934640523 0.0392156862745098
0 0.7712418300653595 0.7757352941176471 0.026143790849673203 0.014705882352941176
0 0.7491830065359477 0.7861519607843137 0.03104575163398693 0.025735294117647058
0 0.7712418300653595 0.8020833333333334 0.04575163398692811 0.03799019607843137
0 0.7344771241830066 0.8002450980392157 0.02777777777777778 0.022058823529411763
0 0.6748366013071896 0.7935049019607843 0.029411764705882353 0.03553921568627451
0 0.8431372549019608 0.7236519607843137 0.03594771241830066 0.023284313725490197
0 0.8774509803921569 0.7469362745098039 0.06862745098039216 0.030637254901960783
0 0.8129084967320261 0.7861519607843137 0.03758169934640523 0.028186274509803922
0 0.8186274509803921 0.8204656862745098 0.03594771241830066 0.025735294117647058
0 0.8031045751633987 0.8161764705882353 0.024509803921568627 0.029411764705882353
0 0.8284313725490197 0.7549019607843137 0.022875816993464054 0.02696078431372549
0 0.8488562091503268 0.7665441176470588 0.024509803921568627 0.023284313725490197
0 0.8423202614379085 0.7892156862745098 0.021241830065359478 0.022058823529411763
0 0.863562091503268 0.7818627450980392 0.024509803921568627 0.024509803921568627
0 0.9003267973856209 0.6715686274509803 0.026143790849673203 0.01715686274509804
0 0.7238562091503268 0.821078431372549 0.029411764705882353 0.031862745098039214
0 0.7066993464052288 0.8406862745098039 0.021241830065359478 0.024509803921568627
0 0.7222222222222222 0.8498774509803921 0.022875816993464054 0.025735294117647058
0 0.7148692810457516 0.8707107843137255 0.02777777777777778 0.028186274509803922
0 0.7369281045751634 0.8817401960784313 0.026143790849673203 0.03308823529411765
0 0.7540849673202614 0.8327205882352942 0.03431372549019608 0.04044117647058824
0 0.7777777777777778 0.8253676470588235 0.022875816993464054 0.030637254901960783
0 0.75 0.8566176470588235 0.026143790849673203 0.029411764705882353
0 0.8929738562091504 0.43995098039215685 0.021241830065359478 0.0196078431372549
