0 0.2361111111111111 0.29534313725490197 0.03104575163398693 0.02696078431372549
0 0.12826797385620917 0.3897058823529412 0.024509803921568627 0.022058823529411763
0 0.13643790849673204 0.4050245098039216 0.02777777777777778 0.020833333333333332
0 0.1519607843137255 0.4301470588235294 0.022875816993464054 0.024509803921568627
0 0.1388888888888889 0.4215686274509804 0.0196078431372549 0.0196078431372549
0 0.10375816993464053 0.414828431372549 0.03758169934640523 0.015931372549019607
0 0.10049019607843138 0.4417892156862745 0.024509803921568627 0.015931372549019607
0 0.1053921568627451 0.4626225490196078 0.021241830065359478 0.023284313725490197
0 0.1315359477124183 0.4613970588235294 0.021241830065359478 0.020833333333333332
0 0.12091503267973856 0.48223039215686275 0.022875816993464054 0.020833333333333332
0 0.10457516339869281 0.49693627450980393 0.022875816993464054 0.025735294117647058
0 0.09395424836601307 0.5337009803921569 0.021241830065359478 0.023284313725490197
0 0.10784313725490197 0.5428921568627451 0.022875816993464054 0.024509803921568627
0 0.1053921568627451 0.5667892156862745 0.03104575163398693 0.025735294117647058
0 0.09803921568627451 0.6605392156862745 0.022875816993464054 0.02696078431372549
0 0.16911764705882354 0.7996323529411764 0.021241830065359478 0.025735294117647058
0 0.14705882352941177 0.8069852941176471 0.026143790849673203 0.025735294117647058
0 0.14460784313725492 0.8241421568627451 0.02777777777777778 0.023284313725490197
0 0.1323529411764706 0.8314950980392157 0.026143790849673203 0.025735294117647058
0 0.1454248366013072 0.8737745098039216 0.026143790849673203 0.031862745098039214
0 0.11029411764705882 0.8848039215686274 0.024509803921568627 0.02696078431372549
0 0.11274509803921569 0.9240196078431372 0.03594771241830066 0.03676470588235294
