0 0.0392156862745098 0.06433823529411764 0.016339869281045753 0.015931372549019607
0 0.032679738562091505 0.0900735294117647 0.013071895424836602 0.013480392156862746
0 0.05800653594771242 0.09068627450980392 0.021241830065359478 0.01715686274509804
0 0.05392156862745098 0.11029411764705882 0.022875816993464054 0.022058823529411763
0 0.004084967320261438 0.08026960784313725 0.004901960784313725 0.023284313725490197
0 0.016339869281045753 0.07965686274509803 0.022875816993464054 0.02696078431372549
0 0.008169934640522876 0.10784313725490197 0.013071895424836602 0.022058823529411763
0 0.03104575163398693 0.11090686274509803 0.029411764705882353 0.03308823529411765
0 0.022875816993464054 0.13112745098039216 0.0196078431372549 0.01715686274509804
0 0.007352941176470588 0.1329656862745098 0.011437908496732027 0.025735294117647058
0 0.03349673202614379 0.14276960784313725 0.014705882352941176 0.013480392156862746
0 0.05065359477124183 0.13480392156862744 0.016339869281045753 0.014705882352941176
0 0.04656862745098039 0.15502450980392157 0.01797385620915033 0.01838235294117647
0 0.06372549019607843 0.1721813725490196 0.013071895424836602 0.015931372549019607
0 0.07026143790849673 0.18627450980392157 0.013071895424836602 0.012254901960784314
0 0.05392156862745098 0.18137254901960784 0.013071895424836602 0.014705882352941176
0 0.010620915032679739 0.15196078431372548 0.01797385620915033 0.022058823529411763
0 0.02696078431372549 0.16176470588235295 0.014705882352941176 0.0196078431372549
0 0.012254901960784314 0.1685049019607843 0.011437908496732027 0.013480392156862746
0 0.004084967320261438 0.17340686274509803 0.004901960784313725 0.015931372549019607
0 0.02696078431372549 0.18137254901960784 0.014705882352941176 0.012254901960784314
0 0.042483660130718956 0.18321078431372548 0.013071895424836602 0.01838235294117647
0 0.016339869281045753 0.18872549019607843 0.016339869281045753 0.007352941176470588
0 0.004901960784313725 0.1948529411764706 0.006535947712418301 0.0196078431372549
0 0.02042483660130719 0.2071078431372549 0.02777777777777778 0.029411764705882353
0 0.032679738562091505 0.21752450980392157 0.00980392156862745 0.013480392156862746
0 0.04738562091503268 0.2077205882352941 0.022875816993464054 0.030637254901960783
0 0.06699346405228758 0.19852941176470587 0.026143790849673203 0.014705882352941176
0 0.0727124183006536 0.2150735294117647 0.021241830065359478 0.01838235294117647
0 0.058823529411764705 0.22426470588235295 0.013071895424836602 0.01715686274509804
0 0.004084967320261438 0.22181372549019607 0.004901960784313725 0.014705882352941176
0 0.08251633986928104 0.23161764705882354 0.014705882352941176 0.012254901960784314
0 0.07107843137254902 0.2383578431372549 0.021241830065359478 0.023284313725490197
0 0.022058823529411766 0.22977941176470587 0.021241830065359478 0.023284313725490197
0 0.04084967320261438 0.23651960784313725 0.022875816993464054 0.029411764705882353
0 0.056372549019607844 0.24754901960784315 0.01797385620915033 0.0196078431372549
0 0.00980392156862745 0.24509803921568626 0.016339869281045753 0.02696078431372549
0 0.024509803921568627 0.24877450980392157 0.013071895424836602 0.0196078431372549
0 0.007352941176470588 0.26348039215686275 0.011437908496732027 0.00980392156862745
0 0.004084967320261438 0.2738970588235294 0.004901960784313725 0.020833333333333332
0 0.012254901960784314 0.2775735294117647 0.011437908496732027 0.015931372549019607
0 0.021241830065359478 0.26776960784313725 0.013071895424836602 0.015931372549019607
0 0.03431372549019608 0.26348039215686275 0.016339869281045753 0.022058823529411763
0 0.049836601307189546 0.2616421568627451 0.01797385620915033 0.020833333333333332
0 0.0661764705882353 0.25674019607843135 0.01797385620915033 0.015931372549019607
0 0.07516339869281045 0.27144607843137253 0.026143790849673203 0.028186274509803922
0 0.05392156862745098 0.27879901960784315 0.016339869281045753 0.013480392156862746
0 0.04166666666666667 0.2800245098039216 0.011437908496732027 0.00857843137254902
0 0.029411764705882353 0.28431372549019607 0.0196078431372549 0.0196078431372549
0 0.0392156862745098 0.29473039215686275 0.013071895424836602 0.015931372549019607
0 0.07434640522875817 0.29473039215686275 0.014705882352941176 0.015931372549019607
0 0.058823529411764705 0.30392156862745096 0.026143790849673203 0.031862745098039214
0 0.011437908496732027 0.30943627450980393 0.0196078431372549 0.03308823529411765
0 0.032679738562091505 0.3075980392156863 0.022875816993464054 0.022058823529411763
0 0.08251633986928104 0.3137254901960784 0.021241830065359478 0.00980392156862745
0 0.05228758169934641 0.3229166666666667 0.016339869281045753 0.01838235294117647
0 0.03676470588235294 0.33026960784313725 0.01797385620915033 0.023284313725490197
0 0.07924836601307189 0.3272058823529412 0.03104575163398693 0.01715686274509804
0 0.09885620915032681 0.33517156862745096 0.01797385620915033 0.020833333333333332
0 0.059640522875817 0.3382352941176471 0.011437908496732027 0.014705882352941176
0 0.04738562091503268 0.34558823529411764 0.016339869281045753 0.0196078431372549
0 0.0196078431372549 0.33455882352941174 0.016339869281045753 0.022058823529411763
0 0.02696078431372549 0.3474264705882353 0.024509803921568627 0.011029411764705881
0 0.008169934640522876 0.3431372549019608 0.013071895424836602 0.02696078431372549
0 0.06209150326797386 0.3529411764705882 0.013071895424836602 0.012254901960784314
0 0.07924836601307189 0.3492647058823529 0.024509803921568627 0.024509803921568627
0 0.10702614379084968 0.3547794117647059 0.024509803921568627 0.013480392156862746
0 0.0857843137254902 0.36642156862745096 0.014705882352941176 0.007352941176470588
0 0.06535947712418301 0.36519607843137253 0.029411764705882353 0.012254901960784314
0 0.03022875816993464 0.36090686274509803 0.024509803921568627 0.015931372549019607
0 0.011437908496732027 0.37254901960784315 0.0196078431372549 0.029411764705882353
0 0.035130718954248366 0.3799019607843137 0.03104575163398693 0.022058823529411763
0 0.059640522875817 0.3756127450980392 0.011437908496732027 0.013480392156862746
0 0.07434640522875817 0.3799019607843137 0.011437908496732027 0.012254901960784314
0 0.1053921568627451 0.3694852941176471 0.01797385620915033 0.013480392156862746
0 0.09068627450980392 0.3762254901960784 0.014705882352941176 0.00980392156862745
0 0.09068627450980392 0.38848039215686275 0.014705882352941176 0.00980392156862745
0 0.10212418300653595 0.3829656862745098 0.011437908496732027 0.011029411764705881
0 0.11519607843137256 0.3872549019607843 0.014705882352941176 0.014705882352941176
0 0.119281045751634 0.40012254901960786 0.013071895424836602 0.011029411764705881
0 0.08741830065359478 0.3988970588235294 0.011437908496732027 0.013480392156862746
0 0.049019607843137254 0.39338235294117646 0.016339869281045753 0.012254901960784314
0 0.06535947712418301 0.3988970588235294 0.026143790849673203 0.030637254901960783
0 0.10784313725490197 0.4050245098039216 0.016339869281045753 0.01838235294117647
0 0.11356209150326797 0.4209558823529412 0.01797385620915033 0.013480392156862746
0 0.09395424836601307 0.4099264705882353 0.011437908496732027 0.015931372549019607
0 0.08333333333333334 0.4154411764705882 0.016339869281045753 0.014705882352941176
0 0.05473856209150327 0.4111519607843137 0.014705882352941176 0.015931372549019607
0 0.04330065359477124 0.40808823529411764 0.011437908496732027 0.014705882352941176
0 0.028594771241830068 0.4025735294117647 0.024509803921568627 0.020833333333333332
0 0.01388888888888889 0.3958333333333333 0.011437908496732027 0.014705882352941176
0 0.004901960784313725 0.4019607843137255 0.006535947712418301 0.014705882352941176
0 0.012254901960784314 0.41911764705882354 0.021241830065359478 0.029411764705882353
0 0.02696078431372549 0.4221813725490196 0.014705882352941176 0.01838235294117647
0 0.04656862745098039 0.4338235294117647 0.02777777777777778 0.031862745098039214
0 0.06781045751633988 0.4270833333333333 0.03431372549019608 0.01838235294117647
0 0.09395424836601307 0.43443627450980393 0.01797385620915033 0.025735294117647058
0 0.11029411764705882 0.44424019607843135 0.014705882352941176 0.01838235294117647
0 0.12009803921568628 0.43504901960784315 0.02777777777777778 0.012254901960784314
0 0.12990196078431374 0.44424019607843135 0.01797385620915033 0.015931372549019607
0 0.025326797385620915 0.44362745098039214 0.021241830065359478 0.022058823529411763
0 0.13398692810457516 0.46078431372549017 0.013071895424836602 0.014705882352941176
0 0.11683006535947713 0.4650735294117647 0.01797385620915033 0.020833333333333332
0 0.10375816993464053 0.46691176470588236 0.011437908496732027 0.007352941176470588
0 0.08251633986928104 0.47058823529411764 0.008169934640522876 0.012254901960784314
0 0.09477124183006536 0.45894607843137253 0.022875816993464054 0.020833333333333332
0 0.0727124183006536 0.4522058823529412 0.02777777777777778 0.031862745098039214
0 0.040032679738562095 0.4632352941176471 0.03104575163398693 0.029411764705882353
0 0.02777777777777778 0.47487745098039214 0.016339869281045753 0.015931372549019607
0 0.012254901960784314 0.4522058823529412 0.021241830065359478 0.024509803921568627
0 0.00980392156862745 0.4810049019607843 0.016339869281045753 0.030637254901960783
0 0.025326797385620915 0.49142156862745096 0.011437908496732027 0.014705882352941176
0 0.04411764705882353 0.4889705882352941 0.022875816993464054 0.014705882352941176
0 0.06454248366013073 0.48223039215686275 0.02777777777777778 0.03308823529411765
0 0.09313725490196079 0.4852941176470588 0.029411764705882353 0.029411764705882353
0 0.11519607843137256 0.4944852941176471 0.01797385620915033 0.020833333333333332
0 0.12254901960784315 0.4840686274509804 0.022875816993464054 0.01715686274509804
0 0.1323529411764706 0.4742647058823529 0.00980392156862745 0.012254901960784314
0 0.14460784313725492 0.4779411764705882 0.014705882352941176 0.01715686274509804
0 0.1576797385620915 0.477328431372549 0.011437908496732027 0.015931372549019607
0 0.1519607843137255 0.5036764705882353 0.022875816993464054 0.029411764705882353
0 0.13316993464052287 0.4993872549019608 0.014705882352941176 0.01838235294117647
0 0.15359477124183007 0.5263480392156863 0.022875816993464054 0.013480392156862746
0 0.12826797385620917 0.5140931372549019 0.021241830065359478 0.015931372549019607
0 0.11111111111111112 0.5147058823529411 0.0196078431372549 0.00980392156862745
0 0.09068627450980392 0.508578431372549 0.014705882352941176 0.012254901960784314
0 0.07679738562091504 0.5042892156862745 0.00980392156862745 0.00857843137254902
0 0.07761437908496732 0.5153186274509803 0.011437908496732027 0.011029411764705881
0 0.035130718954248366 0.5006127450980392 0.021241830065359478 0.00857843137254902
0 0.05800653594771242 0.5134803921568627 0.024509803921568627 0.029411764705882353
0 0.016339869281045753 0.5104166666666666 0.029411764705882353 0.030637254901960783
0 0.03594771241830066 0.5147058823529411 0.016339869281045753 0.014705882352941176
0 0.005718954248366014 0.5300245098039216 0.008169934640522876 0.028186274509803922
0 0.03431372549019608 0.5361519607843137 0.029411764705882353 0.030637254901960783
0 0.06290849673202614 0.5379901960784313 0.02777777777777778 0.024509803921568627
0 0.08333333333333334 0.5251225490196079 0.016339869281045753 0.01838235294117647
0 0.10212418300653595 0.5294117647058824 0.01797385620915033 0.0196078431372549
0 0.11437908496732027 0.5287990196078431 0.013071895424836602 0.015931372549019607
0 0.12745098039215685 0.5281862745098039 0.013071895424836602 0.012254901960784314
0 0.12581699346405228 0.539828431372549 0.016339869281045753 0.00857843137254902
0 0.09068627450980392 0.539828431372549 0.011437908496732027 0.013480392156862746
0 0.09803921568627451 0.5465686274509803 0.013071895424836602 0.014705882352941176
0 0.11029411764705882 0.5551470588235294 0.014705882352941176 0.014705882352941176
0 0.12418300653594772 0.5582107843137255 0.013071895424836602 0.015931372549019607
0 0.10947712418300654 0.5686274509803921 0.0196078431372549 0.00980392156862745
0 0.08905228758169935 0.5582107843137255 0.024509803921568627 0.020833333333333332
0 0.08741830065359478 0.5747549019607843 0.01797385620915033 0.00980392156862745
0 0.06862745098039216 0.5563725490196079 0.013071895424836602 0.01715686274509804
0 0.042483660130718956 0.5582107843137255 0.032679738562091505 0.013480392156862746
0 0.018790849673202614 0.5514705882352942 0.024509803921568627 0.029411764705882353
0 0.004901960784313725 0.5588235294117647 0.006535947712418301 0.022058823529411763
0 0.01797385620915033 0.571078431372549 0.0196078431372549 0.007352941176470588
0 0.028594771241830068 0.5759803921568627 0.021241830065359478 0.022058823529411763
0 0.010620915032679739 0.5845588235294118 0.01797385620915033 0.022058823529411763
0 0.049019607843137254 0.5765931372549019 0.0196078431372549 0.023284313725490197
0 0.0661764705882353 0.5729166666666666 0.014705882352941176 0.013480392156862746
0 0.07434640522875817 0.5900735294117647 0.01797385620915033 0.023284313725490197
0 0.057189542483660136 0.5925245098039216 0.013071895424836602 0.015931372549019607
0 0.02777777777777778 0.5931372549019608 0.013071895424836602 0.014705882352941176
0 0.01388888888888889 0.602328431372549 0.024509803921568627 0.011029411764705881
0 0.040032679738562095 0.6035539215686274 0.024509803921568627 0.03308823529411765
0 0.07516339869281045 0.6115196078431372 0.026143790849673203 0.014705882352941176
0 0.08415032679738563 0.5974264705882353 0.011437908496732027 0.015931372549019607
0 0.0923202614379085 0.6053921568627451 0.014705882352941176 0.014705882352941176
0 0.0784313725490196 0.6262254901960784 0.0196078431372549 0.014705882352941176
0 0.05065359477124183 0.6292892156862745 0.022875816993464054 0.020833333333333332
0 0.035130718954248366 0.633578431372549 0.014705882352941176 0.014705882352941176
0 0.021241830065359478 0.6200980392156863 0.029411764705882353 0.01715686274509804
0 0.011437908496732027 0.6292892156862745 0.0196078431372549 0.030637254901960783
0 0.012254901960784314 0.6531862745098039 0.021241830065359478 0.01715686274509804
0 0.011437908496732027 0.6727941176470588 0.0196078431372549 0.02696078431372549
0 0.018790849673202614 0.6819852941176471 0.01797385620915033 0.015931372549019607
0 0.004084967320261438 0.7371323529411764 0.004901960784313725 0.015931372549019607
0 0.011437908496732027 0.7463235294117647 0.016339869281045753 0.01715686274509804
0 0.7679738562091504 0.5343137254901961 0.013071895424836602 0.012254901960784314
0 0.7581699346405228 0.5435049019607843 0.013071895424836602 0.011029411764705881
0 0.7785947712418301 0.5477941176470588 0.014705882352941176 0.012254901960784314
0 0.7851307189542484 0.5594362745098039 0.01797385620915033 0.011029411764705881
0 0.7671568627450981 0.5661764705882353 0.04084967320261438 0.031862745098039214
0 0.8080065359477124 0.5808823529411765 0.014705882352941176 0.01715686274509804
0 0.7957516339869282 0.5888480392156863 0.0196078431372549 0.023284313725490197
0 0.7785947712418301 0.6017156862745098 0.05065359477124183 0.03676470588235294
