0 0.4681372549019608 0.026348039215686275 0.02777777777777778 0.028186274509803922
0 0.4150326797385621 0.1292892156862745 0.0196078431372549 0.020833333333333332
0 0.41013071895424835 0.14767156862745098 0.013071895424836602 0.013480392156862746
0 0.3946078431372549 0.13848039215686275 0.011437908496732027 0.01715686274509804
0 0.3888888888888889 0.1568627450980392 0.022875816993464054 0.0196078431372549
0 0.5277777777777778 0.2542892156862745 0.022875816993464054 0.030637254901960783
0 0.35947712418300654 0.3180147058823529 0.029411764705882353 0.015931372549019607
0 0.4616013071895425 0.36642156862745096 0.01797385620915033 0.024509803921568627
0 0.6454248366013072 0.3707107843137255 0.013071895424836602 0.023284313725490197
0 0.4436274509803922 0.38848039215686275 0.01797385620915033 0.022058823529411763
0 0.3888888888888889 0.3946078431372549 0.022875816993464054 0.022058823529411763
0 0.4207516339869281 0.45159313725490197 0.021241830065359478 0.020833333333333332
0 0.4035947712418301 0.5361519607843137 0.032679738562091505 0.025735294117647058
0 0.4068627450980392 0.5716911764705882 0.016339869281045753 0.020833333333333332
0 0.3946078431372549 0.59375 0.024509803921568627 0.028186274509803922
0 0.7116013071895425 0.5208333333333334 0.021241830065359478 0.022058823529411763
0 0.22222222222222224 0.7156862745098039 0.016339869281045753 0.022058823529411763
0 0.24019607843137256 0.7224264705882353 0.022875816993464054 0.020833333333333332
0 0.3700980392156863 0.897671568627451 0.021241830065359478 0.01838235294117647
0 0.3872549019607843 0.8756127450980392 0.022875816993464054 0.025735294117647058
0 0.45915032679738566 0.923406862745098 0.026143790849673203 0.020833333333333332
0 0.5612745098039216 0.9338235294117647 0.021241830065359478 0.022058823529411763
0 0.6495098039215687 0.9920343137254902 0.021241830065359478 0.015931372549019607
0 0.9509803921568628 0.6948529411764706 0.016339869281045753 0.022058823529411763
0 0.7875816993464052 0.6311274509803921 0.016339869281045753 0.0196078431372549
0 0.7630718954248367 0.1801470588235294 0.0196078431372549 0.02696078431372549
0 0.9665032679738562 0.7928921568627451 0.014705882352941176 0.022058823529411763
