0 0.5253267973856209 0.39828431372549017 0.014705882352941176 0.0196078431372549
0 0.573529411764706 0.4117647058823529 0.016339869281045753 0.022058823529411763
0 0.542483660130719 0.4056372549019608 0.00980392156862745 0.014705882352941176
0 0.7075163398692811 0.5177696078431373 0.0196078431372549 0.020833333333333332
0 0.7034313725490197 0.5435049019607843 0.021241830065359478 0.023284313725490197
0 0.7418300653594772 0.6268382352941176 0.016339869281045753 0.020833333333333332
0 0.7246732026143791 0.6378676470588235 0.01797385620915033 0.020833333333333332
0 0.7467320261437909 0.6464460784313726 0.022875816993464054 0.013480392156862746
0 0.7410130718954249 0.6636029411764706 0.01797385620915033 0.020833333333333332
0 0.7222222222222222 0.6605392156862745 0.0196078431372549 0.022058823529411763
0 0.7197712418300654 0.6838235294117647 0.021241830065359478 0.022058823529411763
0 0.7720588235294118 0.6868872549019608 0.014705882352941176 0.01838235294117647
0 0.7263071895424836 0.7212009803921569 0.01797385620915033 0.01838235294117647
0 0.7254901960784313 0.7420343137254902 0.013071895424836602 0.015931372549019607
0 0.744281045751634 0.7518382352941176 0.02777777777777778 0.03308823529411765
0 0.7549019607843137 0.7781862745098039 0.013071895424836602 0.014705882352941176
0 0.7450980392156863 0.7977941176470588 0.022875816993464054 0.0196078431372549
0 0.6348039215686274 0.7849264705882353 0.03104575163398693 0.023284313725490197
0 0.6576797385620915 0.7818627450980392 0.024509803921568627 0.024509803921568627
0 0.6511437908496732 0.8229166666666666 0.024509803921568627 0.023284313725490197
0 0.6650326797385621 0.8106617647058824 0.0196078431372549 0.020833333333333332
0 0.684640522875817 0.8118872549019608 0.0196078431372549 0.020833333333333332
0 0.4673202614379085 0.9246323529411764 0.032679738562091505 0.03553921568627451
0 0.7140522875816994 0.8443627450980392 0.029411764705882353 0.024509803921568627
0 0.6805555555555556 0.8645833333333334 0.01797385620915033 0.020833333333333332
0 0.7066993464052288 0.8688725490196079 0.024509803921568627 0.022058823529411763
0 0.6601307189542484 0.8829656862745098 0.016339869281045753 0.01838235294117647
0 0.6821895424836601 0.8860294117647058 0.021241830065359478 0.01715686274509804
0 0.6830065359477124 0.9056372549019608 0.022875816993464054 0.022058823529411763
0 0.7303921568627452 0.9013480392156863 0.016339869281045753 0.023284313725490197
0 0.7581699346405228 0.9227941176470588 0.016339869281045753 0.024509803921568627
0 0.7320261437908497 0.9325980392156863 0.0196078431372549 0.02696078431372549
0 0.7647058823529412 0.9828431372549019 0.016339869281045753 0.024509803921568627
0 0.9795751633986929 0.4895833333333333 0.021241830065359478 0.025735294117647058
0 0.9918300653594772 0.4632352941176471 0.016339869281045753 0.0196078431372549
0 0.977124183006536 0.4454656862745098 0.016339869281045753 0.020833333333333332
0 0.9893790849673203 0.4375 0.021241830065359478 0.029411764705882353
0 0.9926470588235294 0.41299019607843135 0.014705882352941176 0.0196078431372549
0 0.9901960784313726 0.39215686274509803 0.0196078431372549 0.022058823529411763
0 0.9901960784313726 0.36090686274509803 0.016339869281045753 0.028186274509803922
0 0.9803921568627452 0.1917892156862745 0.016339869281045753 0.023284313725490197
0 0.9950980392156863 0.1403186274509804 0.00980392156862745 0.025735294117647058
0 0.8120915032679739 0.00980392156862745 0.016339869281045753 0.01715686274509804
0 0.9566993464052288 0.758578431372549 0.024509803921568627 0.022058823529411763
0 0.9583333333333334 0.7849264705882353 0.02777777777777778 0.025735294117647058
0 0.9281045751633987 0.8676470588235294 0.0196078431372549 0.024509803921568627
0 0.9411764705882353 0.8848039215686274 0.0196078431372549 0.022058823529411763
0 0.9877450980392157 0.8639705882352942 0.021241830065359478 0.0196078431372549
