0 0.5457516339869282 0.014705882352941176 0.029411764705882353 0.02696078431372549
0 0.14460784313725492 0.06433823529411764 0.02777777777777778 0.028186274509803922
0 0.16258169934640523 0.0974264705882353 0.02777777777777778 0.030637254901960783
0 0.14460784313725492 0.10355392156862744 0.024509803921568627 0.028186274509803922
0 0.30228758169934644 0.10416666666666667 0.032679738562091505 0.03431372549019608
0 0.25245098039215685 0.3008578431372549 0.02777777777777778 0.030637254901960783
0 0.18709150326797386 0.3241421568627451 0.04411764705882353 0.025735294117647058
0 0.1911764705882353 0.3866421568627451 0.029411764705882353 0.03308823529411765
0 0.22222222222222224 0.4111519607843137 0.032679738562091505 0.030637254901960783
0 0.14297385620915032 0.3915441176470588 0.03104575163398693 0.03308823529411765
0 0.2549019607843137 0.53125 0.03594771241830066 0.03308823529411765
0 0.1919934640522876 0.6397058823529411 0.03431372549019608 0.03431372549019608
0 0.00980392156862745 0.5845588235294118 0.016339869281045753 0.03676470588235294
0 0.04330065359477124 0.9908088235294118 0.024509803921568627 0.01838235294117647
0 0.3006535947712418 0.9246323529411764 0.026143790849673203 0.030637254901960783
0 0.4084967320261438 0.9178921568627451 0.026143790849673203 0.031862745098039214
0 0.48366013071895425 0.8621323529411764 0.0392156862745098 0.03553921568627451
0 0.39133986928104575 0.8866421568627451 0.03104575163398693 0.028186274509803922
0 0.3937908496732026 0.8572303921568627 0.022875816993464054 0.030637254901960783
0 0.4084967320261438 0.8400735294117647 0.026143790849673203 0.03308823529411765
0 0.3946078431372549 0.8216911764705882 0.024509803921568627 0.025735294117647058
0 0.3970588235294118 0.7996323529411764 0.026143790849673203 0.025735294117647058
0 0.37745098039215685 0.7806372549019608 0.026143790849673203 0.031862745098039214
0 0.3374183006535948 0.7622549019607843 0.02777777777777778 0.029411764705882353
0 0.40032679738562094 0.6703431372549019 0.026143790849673203 0.031862745098039214
0 0.39133986928104575 0.6397058823529411 0.02777777777777778 0.02696078431372549
0 0.36356209150326796 0.6464460784313726 0.03104575163398693 0.03308823529411765
0 0.2426470588235294 0.7089460784313726 0.02777777777777778 0.028186274509803922
0 0.22058823529411764 0.7144607843137255 0.032679738562091505 0.022058823529411763
0 0.982843137254902 0.6973039215686274 0.02777777777777778 0.031862745098039214
0 0.9673202614379085 0.6219362745098039 0.029411764705882353 0.03799019607843137
0 0.9624183006535948 0.47549019607843135 0.029411764705882353 0.03676470588235294
0 0.8161764705882353 0.39705882352941174 0.03104575163398693 0.03676470588235294
0 0.7573529411764706 0.2647058823529412 0.04084967320261438 0.024509803921568627
0 0.7401960784313726 0.22732843137254902 0.029411764705882353 0.03308823529411765
0 0.7091503267973857 0.18443627450980393 0.032679738562091505 0.025735294117647058
0 0.7352941176470589 0.19730392156862744 0.032679738562091505 0.024509803921568627
0 0.7818627450980392 0.15625 0.03431372549019608 0.025735294117647058
0 0.7540849673202614 0.15318627450980393 0.02777777777777778 0.024509803921568627
0 0.9019607843137255 0.08884803921568628 0.0392156862745098 0.03308823529411765
0 0.7001633986928105 0.10355392156862744 0.03104575163398693 0.028186274509803922
0 0.6633986928104575 0.05698529411764706 0.03594771241830066 0.03308823529411765
0 0.696078431372549 0.029411764705882353 0.029411764705882353 0.02696078431372549
0 0.7189542483660131 0.03676470588235294 0.026143790849673203 0.029411764705882353
0 0.738562091503268 0.051470588235294115 0.026143790849673203 0.02696078431372549
0 0.7377450980392157 0.07291666666666667 0.03431372549019608 0.020833333333333332
0 0.7467320261437909 0.09803921568627451 0.026143790849673203 0.02696078431372549
0 0.7622549019607844 0.05269607843137255 0.02777777777777778 0.03676470588235294
0 0.7671568627450981 0.08088235294117647 0.03104575163398693 0.02696078431372549
