0 0.8071895424836601 0.9656862745098039 0.03594771241830066 0.03431372549019608
0 0.7867647058823529 0.8952205882352942 0.03104575163398693 0.030637254901960783
0 0.8259803921568628 0.9117647058823529 0.03104575163398693 0.031862745098039214
0 0.8513071895424836 0.892156862745098 0.029411764705882353 0.02696078431372549
0 0.9493464052287582 0.8719362745098039 0.029411764705882353 0.028186274509803922
0 0.9272875816993464 0.8811274509803921 0.024509803921568627 0.024509803921568627
0 0.9027777777777778 0.875 0.024509803921568627 0.029411764705882353
0 0.8880718954248367 0.8615196078431372 0.024509803921568627 0.024509803921568627
0 0.9076797385620915 0.8504901960784313 0.03431372549019608 0.02696078431372549
0 0.8799019607843137 0.7659313725490196 0.03104575163398693 0.031862745098039214
0 0.8986928104575164 0.6795343137254902 0.03594771241830066 0.03308823529411765
0 0.5955882352941176 0.6813725490196079 0.03758169934640523 0.03431372549019608
0 0.4607843137254902 0.6464460784313726 0.029411764705882353 0.03308823529411765
0 0.3831699346405229 0.6274509803921569 0.03758169934640523 0.031862745098039214
0 0.4746732026143791 0.5955882352941176 0.02777777777777778 0.029411764705882353
0 0.4746732026143791 0.5698529411764706 0.03104575163398693 0.024509803921568627
0 0.46486928104575165 0.5496323529411765 0.02777777777777778 0.025735294117647058
0 0.4485294117647059 0.5870098039215687 0.03104575163398693 0.02696078431372549
0 0.4395424836601307 0.5569852941176471 0.029411764705882353 0.028186274509803922
0 0.37745098039215685 0.5625 0.032679738562091505 0.024509803921568627
0 0.3562091503267974 0.5404411764705882 0.032679738562091505 0.03676470588235294
0 0.38562091503267976 0.5257352941176471 0.032679738562091505 0.0392156862745098
0 0.8954248366013072 0.4889705882352941 0.032679738562091505 0.031862745098039214
0 0.571078431372549 0.5514705882352942 0.03104575163398693 0.031862745098039214
0 0.3031045751633987 0.42463235294117646 0.02777777777777778 0.03308823529411765
0 0.5122549019607844 0.4270833333333333 0.021241830065359478 0.025735294117647058
0 0.5220588235294118 0.4466911764705882 0.03758169934640523 0.025735294117647058
0 0.5457516339869282 0.4767156862745098 0.03594771241830066 0.029411764705882353
0 0.6217320261437909 0.4797794117647059 0.024509803921568627 0.030637254901960783
0 0.6511437908496732 0.47610294117647056 0.02777777777777778 0.030637254901960783
0 0.6176470588235294 0.45098039215686275 0.029411764705882353 0.024509803921568627
0 0.25326797385620914 0.3682598039215686 0.032679738562091505 0.030637254901960783
0 0.29330065359477125 0.3229166666666667 0.03104575163398693 0.03553921568627451
0 0.11683006535947713 0.22977941176470587 0.03104575163398693 0.03799019607843137
0 0.09313725490196079 0.2647058823529412 0.029411764705882353 0.03431372549019608
0 0.488562091503268 0.24080882352941177 0.032679738562091505 0.030637254901960783
0 0.5955882352941176 0.2549019607843137 0.03431372549019608 0.022058823529411763
0 0.6119281045751634 0.3272058823529412 0.024509803921568627 0.024509803921568627
0 0.5620915032679739 0.36642156862745096 0.029411764705882353 0.02696078431372549
0 0.2826797385620915 0.12438725490196079 0.03594771241830066 0.028186274509803922
0 0.28022875816993464 0.09987745098039215 0.02777777777777778 0.028186274509803922
0 0.16748366013071897 0.014093137254901961 0.03104575163398693 0.025735294117647058
0 0.26062091503267976 0.011642156862745098 0.03431372549019608 0.020833333333333332
0 0.5547385620915033 0.07598039215686274 0.02777777777777778 0.029411764705882353
0 0.5620915032679739 0.052083333333333336 0.026143790849673203 0.028186274509803922
0 0.5915032679738562 0.04595588235294117 0.0196078431372549 0.020833333333333332
0 0.6176470588235294 0.03370098039215686 0.029411764705882353 0.025735294117647058
0 0.5849673202614379 0.028186274509803922 0.032679738562091505 0.01715686274509804
0 0.5988562091503268 0.010416666666666666 0.02777777777777778 0.01838235294117647
0 0.5751633986928105 0.011029411764705881 0.026143790849673203 0.0196078431372549
0 0.018790849673202614 0.9908088235294118 0.021241830065359478 0.01838235294117647
0 0.638888888888889 0.3602941176470588 0.022875816993464054 0.02696078431372549
0 0.6421568627450981 0.38786764705882354 0.026143790849673203 0.023284313725490197
