0 0.11111111111111112 0.3474264705882353 0.0196078431372549 0.01838235294117647
0 0.09722222222222222 0.3560049019607843 0.014705882352941176 0.015931372549019607
0 0.08169934640522876 0.3645833333333333 0.016339869281045753 0.01838235294117647
0 0.08905228758169935 0.38174019607843135 0.01797385620915033 0.023284313725490197
0 0.1119281045751634 0.3682598039215686 0.014705882352941176 0.020833333333333332
0 0.10457516339869281 0.38848039215686275 0.0196078431372549 0.0196078431372549
0 0.06454248366013073 0.3988970588235294 0.01797385620915033 0.023284313725490197
0 0.08088235294117647 0.4056372549019608 0.021241830065359478 0.024509803921568627
0 0.059640522875817 0.4252450980392157 0.021241830065359478 0.029411764705882353
0 0.08251633986928104 0.44730392156862747 0.02777777777777778 0.03431372549019608
0 0.09558823529411765 0.43137254901960786 0.011437908496732027 0.014705882352941176
0 0.10947712418300654 0.4626225490196078 0.0196078431372549 0.025735294117647058
0 0.06454248366013073 0.4644607843137255 0.014705882352941176 0.01715686274509804
0 0.07189542483660132 0.4840686274509804 0.029411764705882353 0.03676470588235294
0 0.09477124183006536 0.4797794117647059 0.016339869281045753 0.020833333333333332
0 0.09803921568627451 0.5110294117647058 0.029411764705882353 0.031862745098039214
0 0.10130718954248366 0.4074754901960784 0.013071895424836602 0.015931372549019607
0 0.08741830065359478 0.4178921568627451 0.014705882352941176 0.01715686274509804
0 0.07189542483660132 0.5098039215686274 0.016339869281045753 0.012254901960784314
0 0.09558823529411765 0.4613970588235294 0.011437908496732027 0.013480392156862746
0 0.07516339869281045 0.4258578431372549 0.00980392156862745 0.00857843137254902
0 0.08415032679738563 0.5012254901960784 0.011437908496732027 0.014705882352941176
0 0.0727124183006536 0.3829656862745098 0.014705882352941176 0.011029411764705881
0 0.09313725490196079 0.8020833333333334 0.032679738562091505 0.030637254901960783
0 0.07924836601307189 0.8216911764705882 0.01797385620915033 0.020833333333333332
0 0.09722222222222222 0.8363970588235294 0.02777777777777778 0.03308823529411765
0 0.06944444444444445 0.8400735294117647 0.01797385620915033 0.015931372549019607
0 0.07598039215686275 0.8504901960784313 0.014705882352941176 0.0196078431372549
0 0.06862745098039216 0.8780637254901961 0.026143790849673203 0.03308823529411765
0 0.08986928104575163 0.8602941176470588 0.013071895424836602 0.01715686274509804
0 0.10866013071895425 0.8731617647058824 0.024509803921568627 0.028186274509803922
0 0.09558823529411765 0.8872549019607843 0.02777777777777778 0.029411764705882353
0 0.08088235294117647 0.9080882352941176 0.024509803921568627 0.02696078431372549
0 0.10212418300653595 0.9203431372549019 0.014705882352941176 0.01715686274509804
0 0.08741830065359478 0.9381127450980392 0.024509803921568627 0.028186274509803922
0 0.06862745098039216 0.9522058823529411 0.016339869281045753 0.022058823529411763
0 0.06290849673202614 0.9748774509803921 0.01797385620915033 0.023284313725490197
0 0.08660130718954248 0.9675245098039216 0.022875816993464054 0.030637254901960783
0 0.15114379084967322 0.005514705882352941 0.021241830065359478 0.00857843137254902
