0 0.35375816993464054 0.17340686274509803 0.04084967320261438 0.025735294117647058
0 0.5400326797385621 0.4613970588235294 0.03104575163398693 0.020833333333333332
0 0.542483660130719 0.48590686274509803 0.06209150326797386 0.030637254901960783
0 0.5098039215686274 0.4932598039215686 0.013071895424836602 0.023284313725490197
0 0.5359477124183006 0.5055147058823529 0.022875816993464054 0.013480392156862746
0 0.44526143790849676 0.7334558823529411 0.03431372549019608 0.03308823529411765
0 0.41339869281045755 0.8584558823529411 0.032679738562091505 0.03553921568627451
0 0.3178104575163399 0.9473039215686274 0.03431372549019608 0.03431372549019608
0 0.040032679738562095 0.00980392156862745 0.021241830065359478 0.01715686274509804
0 0.01388888888888889 0.5765931372549019 0.024509803921568627 0.015931372549019607
0 0.010620915032679739 0.5949754901960784 0.01797385620915033 0.025735294117647058
0 0.03022875816993464 0.5968137254901961 0.021241830065359478 0.024509803921568627
0 0.04820261437908497 0.6060049019607843 0.021241830065359478 0.025735294117647058
0 0.07434640522875817 0.6017156862745098 0.024509803921568627 0.029411764705882353
0 0.09803921568627451 0.5992647058823529 0.026143790849673203 0.024509803921568627
0 0.12745098039215685 0.6060049019607843 0.022875816993464054 0.01838235294117647
0 0.14705882352941177 0.6041666666666666 0.0196078431372549 0.02696078431372549
0 0.17647058823529413 0.6194852941176471 0.029411764705882353 0.025735294117647058
0 0.19281045751633988 0.6482843137254902 0.026143790849673203 0.02696078431372549
0 0.20261437908496732 0.6685049019607843 0.026143790849673203 0.023284313725490197
0 0.22140522875816995 0.6991421568627451 0.02777777777777778 0.025735294117647058
0 0.23366013071895425 0.7169117647058824 0.03594771241830066 0.031862745098039214
0 0.02042483660130719 0.6151960784313726 0.01797385620915033 0.0196078431372549
0 0.031862745098039214 0.6268382352941176 0.01797385620915033 0.025735294117647058
0 0.02042483660130719 0.6488970588235294 0.024509803921568627 0.03799019607843137
0 0.04084967320261438 0.6660539215686274 0.029411764705882353 0.03553921568627451
0 0.06045751633986928 0.6225490196078431 0.026143790849673203 0.02696078431372549
0 0.08333333333333334 0.6323529411764706 0.022875816993464054 0.031862745098039214
0 0.10049019607843138 0.6237745098039216 0.021241830065359478 0.024509803921568627
0 0.09885620915032681 0.6439950980392157 0.021241830065359478 0.020833333333333332
0 0.12009803921568628 0.642156862745098 0.021241830065359478 0.024509803921568627
0 0.12418300653594772 0.6219362745098039 0.022875816993464054 0.015931372549019607
0 0.14869281045751634 0.6256127450980392 0.022875816993464054 0.015931372549019607
0 0.14624183006535948 0.6397058823529411 0.03104575163398693 0.01715686274509804
0 0.16911764705882354 0.6470588235294118 0.01797385620915033 0.02696078431372549
0 0.13480392156862744 0.6556372549019608 0.021241830065359478 0.02696078431372549
0 0.06209150326797386 0.6433823529411765 0.026143790849673203 0.01715686274509804
0 0.08251633986928104 0.6599264705882353 0.021241830065359478 0.023284313725490197
0 0.10130718954248366 0.6685049019607843 0.022875816993464054 0.025735294117647058
0 0.1519607843137255 0.6654411764705882 0.022875816993464054 0.0196078431372549
0 0.17483660130718956 0.6727941176470588 0.026143790849673203 0.022058823529411763
0 0.19362745098039216 0.6936274509803921 0.02777777777777778 0.02696078431372549
0 0.02042483660130719 0.678921568627451 0.01797385620915033 0.01715686274509804
0 0.05228758169934641 0.6844362745098039 0.016339869281045753 0.023284313725490197
0 0.06045751633986928 0.664828431372549 0.016339869281045753 0.023284313725490197
0 0.12009803921568628 0.6850490196078431 0.014705882352941176 0.0196078431372549
0 0.13643790849673204 0.6813725490196079 0.01797385620915033 0.029411764705882353
0 0.15441176470588236 0.6881127450980392 0.014705882352941176 0.020833333333333332
0 0.07026143790849673 0.6832107843137255 0.013071895424836602 0.020833333333333332
0 0.08660130718954248 0.6862745098039216 0.0196078431372549 0.022058823529411763
0 0.10212418300653595 0.6936274509803921 0.014705882352941176 0.0196078431372549
0 0.12990196078431374 0.7126225490196079 0.024509803921568627 0.030637254901960783
0 0.16666666666666669 0.6997549019607843 0.016339869281045753 0.022058823529411763
0 0.16176470588235295 0.7236519607843137 0.026143790849673203 0.020833333333333332
0 0.01797385620915033 0.7120098039215687 0.029411764705882353 0.044117647058823525
0 0.04738562091503268 0.7071078431372549 0.03594771241830066 0.0392156862745098
0 0.07107843137254902 0.7218137254901961 0.01797385620915033 0.029411764705882353
0 0.08741830065359478 0.710171568627451 0.01797385620915033 0.023284313725490197
0 0.10784313725490197 0.7138480392156863 0.0196078431372549 0.015931372549019607
0 0.09477124183006536 0.7297794117647058 0.022875816993464054 0.023284313725490197
0 0.10702614379084968 0.7383578431372549 0.024509803921568627 0.028186274509803922
0 0.13071895424836602 0.7401960784313726 0.022875816993464054 0.024509803921568627
0 0.1527777777777778 0.7457107843137255 0.03104575163398693 0.015931372549019607
0 0.17238562091503268 0.7598039215686274 0.024509803921568627 0.024509803921568627
0 0.17647058823529413 0.7346813725490196 0.0196078431372549 0.023284313725490197
0 0.04166666666666667 0.7487745098039216 0.04084967320261438 0.0392156862745098
0 0.01388888888888889 0.7689950980392157 0.024509803921568627 0.03553921568627451
0 0.14950980392156862 0.7107843137254902 0.01797385620915033 0.022058823529411763
0 0.014705882352941176 0.8033088235294118 0.026143790849673203 0.03799019607843137
0 0.04575163398692811 0.7763480392156863 0.04575163398692811 0.04044117647058824
0 0.049019607843137254 0.8082107843137255 0.042483660130718956 0.04044117647058824
0 0.07924836601307189 0.7977941176470588 0.021241830065359478 0.024509803921568627
0 0.10049019607843138 0.7855392156862745 0.021241830065359478 0.01715686274509804
0 0.08415032679738563 0.7475490196078431 0.024509803921568627 0.0196078431372549
0 0.11356209150326797 0.7598039215686274 0.03431372549019608 0.01715686274509804
0 0.13643790849673204 0.7677696078431372 0.024509803921568627 0.015931372549019607
0 0.11683006535947713 0.7763480392156863 0.014705882352941176 0.020833333333333332
0 0.12745098039215685 0.7928921568627451 0.016339869281045753 0.022058823529411763
0 0.14624183006535948 0.7867647058823529 0.02777777777777778 0.0196078431372549
0 0.0857843137254902 0.8137254901960784 0.021241830065359478 0.0196078431372549
0 0.10130718954248366 0.8259803921568627 0.029411764705882353 0.029411764705882353
0 0.11111111111111112 0.8014705882352942 0.016339869281045753 0.022058823529411763
0 0.12173202614379085 0.8186274509803921 0.021241830065359478 0.024509803921568627
0 0.14379084967320263 0.8094362745098039 0.022875816993464054 0.025735294117647058
0 0.1527777777777778 0.8327205882352942 0.01797385620915033 0.023284313725490197
0 0.0661764705882353 0.8290441176470588 0.014705882352941176 0.01838235294117647
0 0.0857843137254902 0.8333333333333334 0.021241830065359478 0.01715686274509804
0 0.07924836601307189 0.8468137254901961 0.01797385620915033 0.022058823529411763
0 0.0392156862745098 0.8363970588235294 0.0196078431372549 0.020833333333333332
0 0.0196078431372549 0.8272058823529411 0.016339869281045753 0.0196078431372549
0 0.008169934640522876 0.8333333333333334 0.013071895424836602 0.0196078431372549
0 0.02777777777777778 0.8535539215686274 0.029411764705882353 0.030637254901960783
0 0.011437908496732027 0.8719362745098039 0.0196078431372549 0.03553921568627451
0 0.03839869281045752 0.8884803921568627 0.04084967320261438 0.049019607843137254
0 0.06372549019607843 0.8578431372549019 0.013071895424836602 0.01715686274509804
0 0.07434640522875817 0.8743872549019608 0.024509803921568627 0.025735294117647058
0 0.09150326797385622 0.8774509803921569 0.022875816993464054 0.022058823529411763
0 0.10212418300653595 0.8511029411764706 0.02777777777777778 0.025735294117647058
0 0.12254901960784315 0.8443627450980392 0.016339869281045753 0.022058823529411763
0 0.14052287581699346 0.8504901960784313 0.0196078431372549 0.022058823529411763
0 0.1593137254901961 0.8700980392156863 0.02777777777777778 0.02696078431372549
0 0.01388888888888889 0.8964460784313726 0.01797385620915033 0.015931372549019607
0 0.008986928104575164 0.9050245098039216 0.014705882352941176 0.028186274509803922
0 0.026143790849673203 0.9307598039215687 0.0392156862745098 0.04534313725490196
0 0.010620915032679739 0.9528186274509803 0.01797385620915033 0.015931372549019607
0 0.07516339869281045 0.9037990196078431 0.032679738562091505 0.03553921568627451
0 0.11601307189542484 0.8829656862745098 0.03594771241830066 0.015931372549019607
0 0.12990196078431374 0.8670343137254902 0.03758169934640523 0.015931372549019607
0 0.12990196078431374 0.8995098039215687 0.021241830065359478 0.024509803921568627
0 0.10866013071895425 0.9105392156862745 0.021241830065359478 0.02696078431372549
0 0.11601307189542484 0.9270833333333334 0.032679738562091505 0.023284313725490197
0 0.06127450980392157 0.9129901960784313 0.024509803921568627 0.0196078431372549
0 0.05473856209150327 0.9350490196078431 0.024509803921568627 0.02696078431372549
0 0.07598039215686275 0.9442401960784313 0.024509803921568627 0.023284313725490197
0 0.10784313725490197 0.9515931372549019 0.0392156862745098 0.028186274509803922
0 0.16911764705882354 0.9564950980392156 0.03104575163398693 0.028186274509803922
0 0.13643790849673204 0.9712009803921569 0.024509803921568627 0.020833333333333332
0 0.11111111111111112 0.9822303921568627 0.0196078431372549 0.020833333333333332
0 0.09803921568627451 0.9650735294117647 0.016339869281045753 0.020833333333333332
0 0.07679738562091504 0.9669117647058824 0.022875816993464054 0.0196078431372549
0 0.058823529411764705 0.9595588235294118 0.029411764705882353 0.014705882352941176
0 0.04820261437908497 0.9730392156862745 0.014705882352941176 0.01715686274509804
0 0.06535947712418301 0.9846813725490196 0.0196078431372549 0.023284313725490197
0 0.08333333333333334 0.9920343137254902 0.022875816993464054 0.015931372549019607
