0 0.7491830065359477 0.1881127450980392 0.01797385620915033 0.023284313725490197
0 0.7508169934640523 0.16482843137254902 0.021241830065359478 0.025735294117647058
0 0.7026143790849674 0.14276960784313725 0.03594771241830066 0.015931372549019607
0 0.6617647058823529 0.12377450980392157 0.0196078431372549 0.024509803921568627
0 0.6715686274509804 0.10845588235294118 0.0196078431372549 0.023284313725490197
0 0.6854575163398693 0.12254901960784313 0.03104575163398693 0.022058823529411763
0 0.7075163398692811 0.1256127450980392 0.022875816993464054 0.025735294117647058
0 0.7181372549019608 0.10661764705882353 0.02777777777777778 0.02696078431372549
0 0.7418300653594772 0.383578431372549 0.026143790849673203 0.029411764705882353
0 0.6290849673202614 0.5428921568627451 0.032679738562091505 0.02696078431372549
0 0.7140522875816994 0.625 0.029411764705882353 0.029411764705882353
0 0.49673202614379086 0.8192401960784313 0.029411764705882353 0.028186274509803922
0 0.5522875816993464 0.9325980392156863 0.022875816993464054 0.029411764705882353
0 0.5277777777777778 0.9393382352941176 0.029411764705882353 0.028186274509803922
0 0.7165032679738562 0.8511029411764706 0.021241830065359478 0.028186274509803922
0 0.7344771241830066 0.9276960784313726 0.03104575163398693 0.02696078431372549
0 0.7540849673202614 0.9840686274509803 0.021241830065359478 0.024509803921568627
0 0.7524509803921569 0.954656862745098 0.021241830065359478 0.024509803921568627
