0 0.15114379084967322 0.35049019607843135 0.024509803921568627 0.0196078431372549
0 0.17483660130718956 0.6182598039215687 0.016339869281045753 0.01838235294117647
0 0.16176470588235295 0.6323529411764706 0.0196078431372549 0.022058823529411763
0 0.1576797385620915 0.6636029411764706 0.021241830065359478 0.01838235294117647
0 0.17565359477124184 0.6488970588235294 0.01797385620915033 0.020833333333333332
0 0.1895424836601307 0.6390931372549019 0.016339869281045753 0.020833333333333332
0 0.2058823529411765 0.6403186274509803 0.016339869281045753 0.025735294117647058
0 0.21977124183006536 0.6311274509803921 0.014705882352941176 0.022058823529411763
0 0.23692810457516342 0.6470588235294118 0.022875816993464054 0.0196078431372549
0 0.22140522875816995 0.6507352941176471 0.014705882352941176 0.014705882352941176
0 0.23366013071895425 0.6685049019607843 0.016339869281045753 0.023284313725490197
0 0.21405228758169936 0.6623774509803921 0.0196078431372549 0.015931372549019607
0 0.2058823529411765 0.6758578431372549 0.022875816993464054 0.028186274509803922
0 0.18627450980392157 0.6758578431372549 0.016339869281045753 0.020833333333333332
0 0.19035947712418302 0.7058823529411764 0.03104575163398693 0.03676470588235294
0 0.2099673202614379 0.71875 0.01797385620915033 0.01838235294117647
0 0.22222222222222224 0.7022058823529411 0.016339869281045753 0.024509803921568627
0 0.2450980392156863 0.7003676470588235 0.032679738562091505 0.03308823529411765
0 0.23937908496732027 0.7169117647058824 0.01797385620915033 0.014705882352941176
0 0.22222222222222224 0.7248774509803921 0.0196078431372549 0.01838235294117647
0 0.23447712418300654 0.7340686274509803 0.011437908496732027 0.01715686274509804
0 0.24918300653594772 0.7463235294117647 0.024509803921568627 0.029411764705882353
0 0.25571895424836605 0.7751225490196079 0.014705882352941176 0.01838235294117647
0 0.2434640522875817 0.7781862745098039 0.013071895424836602 0.012254901960784314
0 0.2361111111111111 0.7634803921568627 0.011437908496732027 0.01715686274509804
0 0.2238562091503268 0.7450980392156863 0.0196078431372549 0.0196078431372549
0 0.18382352941176472 0.7310049019607843 0.01797385620915033 0.020833333333333332
0 0.17647058823529413 0.7475490196078431 0.0196078431372549 0.014705882352941176
0 0.18790849673202614 0.7622549019607843 0.026143790849673203 0.02696078431372549
0 0.1985294117647059 0.7463235294117647 0.014705882352941176 0.0196078431372549
0 0.21405228758169936 0.7647058823529411 0.0196078431372549 0.0196078431372549
0 0.22549019607843138 0.7714460784313726 0.013071895424836602 0.013480392156862746
0 0.2246732026143791 0.8186274509803921 0.021241830065359478 0.0196078431372549
0 0.24673202614379086 0.8314950980392157 0.0196078431372549 0.023284313725490197
0 0.6723856209150327 0.6636029411764706 0.02777777777777778 0.025735294117647058
