0 0.6331699346405228 0.15196078431372548 0.03104575163398693 0.029411764705882353
0 0.6339869281045751 0.22426470588235295 0.022875816993464054 0.029411764705882353
0 0.5857843137254902 0.2665441176470588 0.03104575163398693 0.03308823529411765
0 0.5465686274509804 0.27879901960784315 0.03104575163398693 0.023284313725490197
0 0.5416666666666666 0.29901960784313725 0.024509803921568627 0.029411764705882353
0 0.5506535947712419 0.3272058823529412 0.03594771241830066 0.02696078431372549
0 0.9248366013071896 0.6881127450980392 0.029411764705882353 0.030637254901960783
0 0.738562091503268 0.8412990196078431 0.032679738562091505 0.03308823529411765
0 0.40522875816993464 0.9803921568627451 0.029411764705882353 0.02696078431372549
0 0.43218954248366015 0.9840686274509803 0.02777777777777778 0.02696078431372549
0 0.7851307189542484 0.9485294117647058 0.024509803921568627 0.03431372549019608
0 0.7794117647058824 0.7432598039215687 0.0196078431372549 0.025735294117647058
