0 0.5866013071895425 0.47120098039215685 0.029411764705882353 0.03308823529411765
0 0.6086601307189543 0.4332107843137255 0.02777777777777778 0.028186274509803922
0 0.3839869281045752 0.48161764705882354 0.032679738562091505 0.03676470588235294
0 0.05065359477124183 0.6004901960784313 0.022875816993464054 0.03676470588235294
0 0.07107843137254902 0.6188725490196079 0.02777777777777778 0.02696078431372549
0 0.0857843137254902 0.4215686274509804 0.03431372549019608 0.02696078431372549
0 0.06454248366013073 0.39705882352941174 0.02777777777777778 0.031862745098039214
0 0.04738562091503268 0.29105392156862747 0.026143790849673203 0.030637254901960783
0 0.22303921568627452 0.23713235294117646 0.03431372549019608 0.028186274509803922
0 0.08986928104575163 0.17892156862745098 0.04575163398692811 0.049019607843137254
0 0.08169934640522876 0.1170343137254902 0.032679738562091505 0.03308823529411765
0 0.08088235294117647 0.08946078431372549 0.03431372549019608 0.02696078431372549
0 0.09803921568627451 0.014093137254901961 0.03594771241830066 0.025735294117647058
