0 0.6568627450980392 0.22487745098039216 0.0196078431372549 0.01838235294117647
0 0.6535947712418301 0.2420343137254902 0.022875816993464054 0.01838235294117647
0 0.6503267973856209 0.26715686274509803 0.0196078431372549 0.0196078431372549
0 0.6723856209150327 0.2757352941176471 0.03104575163398693 0.03431372549019608
0 0.6233660130718954 0.2855392156862745 0.014705882352941176 0.022058823529411763
0 0.6364379084967321 0.2800245098039216 0.011437908496732027 0.015931372549019607
0 0.638888888888889 0.29534313725490197 0.013071895424836602 0.014705882352941176
0 0.6315359477124183 0.30453431372549017 0.014705882352941176 0.013480392156862746
0 0.6119281045751634 0.31985294117647056 0.01797385620915033 0.0196078431372549
0 0.6241830065359477 0.3137254901960784 0.022875816993464054 0.0196078431372549
0 0.5915032679738562 0.36887254901960786 0.0196078431372549 0.024509803921568627
0 0.6021241830065359 0.3560049019607843 0.014705882352941176 0.015931372549019607
0 0.6160130718954249 0.3486519607843137 0.029411764705882353 0.025735294117647058
0 0.6397058823529412 0.3314950980392157 0.024509803921568627 0.013480392156862746
0 0.6495098039215687 0.3541666666666667 0.03758169934640523 0.03676470588235294
0 0.673202614379085 0.31556372549019607 0.0196078431372549 0.01838235294117647
0 0.6478758169934641 0.3112745098039216 0.02777777777777778 0.022058823529411763
0 0.613562091503268 0.3952205882352941 0.03104575163398693 0.023284313725490197
0 0.6021241830065359 0.41605392156862747 0.021241830065359478 0.020833333333333332
0 0.6364379084967321 0.3952205882352941 0.021241830065359478 0.020833333333333332
0 0.6560457516339869 0.3872549019607843 0.02777777777777778 0.029411764705882353
0 0.6593137254901961 0.4221813725490196 0.03431372549019608 0.030637254901960783
0 0.6658496732026143 0.4577205882352941 0.03431372549019608 0.03308823529411765
0 0.6977124183006537 0.5214460784313726 0.03594771241830066 0.03799019607843137
0 0.6348039215686274 0.633578431372549 0.01797385620915033 0.024509803921568627
0 0.6560457516339869 0.6341911764705882 0.024509803921568627 0.03308823529411765
0 0.673202614379085 0.6427696078431372 0.00980392156862745 0.01838235294117647
0 0.6952614379084967 0.6495098039215687 0.01797385620915033 0.022058823529411763
0 0.7034313725490197 0.6611519607843137 0.01797385620915033 0.015931372549019607
0 0.7140522875816994 0.6740196078431372 0.016339869281045753 0.00980392156862745
0 0.7156862745098039 0.6856617647058824 0.013071895424836602 0.013480392156862746
0 0.6805555555555556 0.6611519607843137 0.021241830065359478 0.025735294117647058
0 0.6299019607843137 0.6531862745098039 0.014705882352941176 0.01715686274509804
0 0.6503267973856209 0.6593137254901961 0.026143790849673203 0.024509803921568627
0 0.6658496732026143 0.6727941176470588 0.01797385620915033 0.012254901960784314
0 0.6870915032679739 0.6832107843137255 0.04084967320261438 0.020833333333333332
0 0.696078431372549 0.7040441176470588 0.049019607843137254 0.023284313725490197
0 0.5980392156862745 0.6636029411764706 0.022875816993464054 0.013480392156862746
0 0.6225490196078431 0.6721813725490196 0.032679738562091505 0.01838235294117647
0 0.638888888888889 0.6868872549019608 0.026143790849673203 0.028186274509803922
0 0.6478758169934641 0.7058823529411764 0.014705882352941176 0.014705882352941176
0 0.6756535947712419 0.7181372549019608 0.021241830065359478 0.02696078431372549
0 0.6625816993464052 0.7052696078431372 0.01797385620915033 0.020833333333333332
0 0.6004901960784313 0.6832107843137255 0.024509803921568627 0.023284313725490197
0 0.619281045751634 0.6942401960784313 0.0196078431372549 0.00857843137254902
0 0.6184640522875817 0.6844362745098039 0.01797385620915033 0.00857843137254902
0 0.6070261437908497 0.7064950980392157 0.01797385620915033 0.020833333333333332
0 0.6258169934640523 0.704656862745098 0.0196078431372549 0.012254901960784314
0 0.5996732026143791 0.7205882352941176 0.022875816993464054 0.012254901960784314
0 0.6241830065359477 0.7236519607843137 0.0392156862745098 0.028186274509803922
0 0.6560457516339869 0.7297794117647058 0.01797385620915033 0.011029411764705881
0 0.6217320261437909 0.7469362745098039 0.04411764705882353 0.01838235294117647
0 0.6127450980392157 0.7683823529411764 0.04575163398692811 0.024509803921568627
0 0.6535947712418301 0.7702205882352942 0.032679738562091505 0.025735294117647058
0 0.6928104575163399 0.7254901960784313 0.013071895424836602 0.014705882352941176
0 0.7075163398692811 0.7169117647058824 0.013071895424836602 0.014705882352941176
0 0.6576797385620915 0.7450980392156863 0.03758169934640523 0.022058823529411763
0 0.6683006535947713 0.7640931372549019 0.013071895424836602 0.015931372549019607
0 0.6699346405228759 0.8578431372549019 0.0196078431372549 0.0196078431372549
0 0.6699346405228759 0.8719362745098039 0.026143790849673203 0.015931372549019607
0 0.6519607843137255 0.8756127450980392 0.0196078431372549 0.01838235294117647
0 0.6405228758169935 0.8915441176470588 0.016339869281045753 0.015931372549019607
0 0.6568627450980392 0.9068627450980392 0.022875816993464054 0.014705882352941176
0 0.6658496732026143 0.883578431372549 0.014705882352941176 0.014705882352941176
0 0.6854575163398693 0.8909313725490196 0.03104575163398693 0.029411764705882353
0 0.6977124183006537 0.9080882352941176 0.029411764705882353 0.01715686274509804
0 0.6854575163398693 0.9191176470588235 0.021241830065359478 0.0196078431372549
0 0.6437908496732027 0.9344362745098039 0.026143790849673203 0.023284313725490197
0 0.6658496732026143 0.9344362745098039 0.014705882352941176 0.01838235294117647
0 0.6821895424836601 0.9307598039215687 0.01797385620915033 0.01838235294117647
0 0.6437908496732027 0.9613970588235294 0.0392156862745098 0.03553921568627451
0 0.9330065359477124 0.673406862745098 0.026143790849673203 0.023284313725490197
0 0.6658496732026143 0.8995098039215687 0.011437908496732027 0.012254901960784314
