0 0.823529411764706 0.4491421568627451 0.029411764705882353 0.023284313725490197
0 0.7254901960784313 0.5177696078431373 0.026143790849673203 0.028186274509803922
0 0.5923202614379085 0.5147058823529411 0.02777777777777778 0.02696078431372549
0 0.3104575163398693 0.3486519607843137 0.029411764705882353 0.025735294117647058
0 0.2361111111111111 0.03308823529411765 0.02777777777777778 0.02696078431372549
0 0.23529411764705882 0.0704656862745098 0.026143790849673203 0.025735294117647058
0 0.19444444444444445 0.0974264705882353 0.026143790849673203 0.015931372549019607
0 0.4199346405228758 0.3682598039215686 0.026143790849673203 0.023284313725490197
0 0.43709150326797386 0.39276960784313725 0.021241830065359478 0.025735294117647058
0 0.4354575163398693 0.4221813725490196 0.021241830065359478 0.025735294117647058
0 0.3962418300653595 0.3841911764705882 0.021241830065359478 0.025735294117647058
0 0.4150326797385621 0.44485294117647056 0.022875816993464054 0.02696078431372549
0 0.434640522875817 0.4681372549019608 0.022875816993464054 0.024509803921568627
0 0.3472222222222222 0.42340686274509803 0.021241830065359478 0.025735294117647058
0 0.303921568627451 0.45036764705882354 0.029411764705882353 0.023284313725490197
0 0.30637254901960786 0.4724264705882353 0.03758169934640523 0.03553921568627451
0 0.286764705882353 0.4987745098039216 0.03431372549019608 0.0392156862745098
0 0.3545751633986928 0.4540441176470588 0.032679738562091505 0.03553921568627451
0 0.35866013071895425 0.47487745098039214 0.03431372549019608 0.013480392156862746
0 0.3831699346405229 0.47855392156862747 0.024509803921568627 0.025735294117647058
0 0.38153594771241833 0.4938725490196078 0.021241830065359478 0.022058823529411763
0 0.38562091503267976 0.4215686274509804 0.022875816993464054 0.0196078431372549
0 0.4084967320261438 0.5447303921568627 0.022875816993464054 0.025735294117647058
0 0.29330065359477125 0.5655637254901961 0.024509803921568627 0.025735294117647058
0 0.3161764705882353 0.5526960784313726 0.021241830065359478 0.024509803921568627
0 0.35294117647058826 0.5674019607843137 0.022875816993464054 0.02696078431372549
0 0.3758169934640523 0.5637254901960784 0.022875816993464054 0.02696078431372549
0 0.3946078431372549 0.5661764705882353 0.021241830065359478 0.022058823529411763
0 0.428921568627451 0.5955882352941176 0.021241830065359478 0.022058823529411763
0 0.3137254901960784 0.5870098039215687 0.022875816993464054 0.0196078431372549
0 0.3047385620915033 0.6292892156862745 0.03104575163398693 0.030637254901960783
0 0.3741830065359477 0.6176470588235294 0.022875816993464054 0.024509803921568627
0 0.37336601307189543 0.6409313725490196 0.024509803921568627 0.024509803921568627
0 0.3831699346405229 0.6776960784313726 0.021241830065359478 0.022058823529411763
0 0.39869281045751637 0.6636029411764706 0.0196078431372549 0.025735294117647058
0 0.4084967320261438 0.6838235294117647 0.022875816993464054 0.024509803921568627
0 0.4158496732026144 0.6366421568627451 0.05392156862745098 0.04534313725490196
0 0.4084967320261438 0.6158088235294118 0.026143790849673203 0.020833333333333332
0 0.4354575163398693 0.6158088235294118 0.02777777777777778 0.013480392156862746
0 0.3047385620915033 0.8223039215686274 0.02777777777777778 0.02696078431372549
0 0.35866013071895425 0.8492647058823529 0.021241830065359478 0.022058823529411763
0 0.3553921568627451 0.8700980392156863 0.024509803921568627 0.024509803921568627
0 0.29330065359477125 0.860906862745098 0.04084967320261438 0.028186274509803922
0 0.303921568627451 0.8878676470588235 0.026143790849673203 0.03308823529411765
0 0.35866013071895425 0.90625 0.04411764705882353 0.04044117647058824
0 0.5326797385620915 0.9123774509803921 0.022875816993464054 0.023284313725490197
0 0.5637254901960784 0.9007352941176471 0.022875816993464054 0.02696078431372549
0 0.014705882352941176 0.9926470588235294 0.016339869281045753 0.014705882352941176
