0 0.7614379084967321 0.06495098039215687 0.013071895424836602 0.0196078431372549
0 0.934640522875817 0.11580882352941177 0.022875816993464054 0.028186274509803922
0 0.9599673202614379 0.1409313725490196 0.03104575163398693 0.03676470588235294
0 0.9338235294117647 0.2849264705882353 0.03104575163398693 0.03553921568627451
0 0.9362745098039216 0.352328431372549 0.022875816993464054 0.028186274509803922
0 0.6862745098039216 0.2769607843137255 0.022875816993464054 0.02696078431372549
0 0.6952614379084967 0.30330882352941174 0.01797385620915033 0.025735294117647058
0 0.6772875816993464 0.32598039215686275 0.01797385620915033 0.024509803921568627
0 0.7116013071895425 0.3137254901960784 0.014705882352941176 0.024509803921568627
0 0.7287581699346406 0.3314950980392157 0.0196078431372549 0.025735294117647058
0 0.7026143790849674 0.3694852941176471 0.0196078431372549 0.015931372549019607
0 0.7238562091503268 0.36642156862745096 0.016339869281045753 0.02696078431372549
0 0.6911764705882353 0.38174019607843135 0.016339869281045753 0.020833333333333332
0 0.6968954248366013 0.40379901960784315 0.021241830065359478 0.020833333333333332
0 0.7140522875816994 0.38909313725490197 0.0196078431372549 0.020833333333333332
0 0.6895424836601307 0.4227941176470588 0.026143790849673203 0.022058823529411763
0 0.9575163398692811 0.5422794117647058 0.029411764705882353 0.025735294117647058
0 0.9321895424836601 0.5741421568627451 0.021241830065359478 0.025735294117647058
0 0.8897058823529412 0.5784313725490196 0.021241830065359478 0.022058823529411763
0 0.9158496732026145 0.5870098039215687 0.02777777777777778 0.01715686274509804
0 0.9093137254901961 0.6060049019607843 0.024509803921568627 0.020833333333333332
0 0.9460784313725491 0.6292892156862745 0.029411764705882353 0.023284313725490197
0 0.8970588235294118 0.6580882352941176 0.032679738562091505 0.014705882352941176
0 0.928921568627451 0.65625 0.02777777777777778 0.013480392156862746
0 0.928921568627451 0.6715686274509803 0.021241830065359478 0.014705882352941176
0 0.9003267973856209 0.6758578431372549 0.026143790849673203 0.01838235294117647
0 0.9052287581699346 0.6924019607843137 0.0196078431372549 0.01715686274509804
0 0.8954248366013072 0.7138480392156863 0.0196078431372549 0.020833333333333332
0 0.9117647058823529 0.7120098039215687 0.013071895424836602 0.0196078431372549
0 0.9093137254901961 0.7346813725490196 0.01797385620915033 0.023284313725490197
0 0.9444444444444444 0.6942401960784313 0.026143790849673203 0.025735294117647058
0 0.8848039215686275 0.9111519607843137 0.021241830065359478 0.023284313725490197
0 0.7124183006535948 0.7610294117647058 0.016339869281045753 0.01715686274509804
0 0.6503267973856209 0.7824754901960784 0.016339869281045753 0.023284313725490197
0 0.7017973856209151 0.7818627450980392 0.021241830065359478 0.024509803921568627
0 0.6830065359477124 0.7947303921568627 0.013071895424836602 0.015931372549019607
0 0.7017973856209151 0.8100490196078431 0.021241830065359478 0.022058823529411763
0 0.7148692810457516 0.8363970588235294 0.014705882352941176 0.023284313725490197
0 0.6977124183006537 0.8412990196078431 0.016339869281045753 0.020833333333333332
0 0.7132352941176471 0.8615196078431372 0.024509803921568627 0.01715686274509804
0 0.7116013071895425 0.8817401960784313 0.01797385620915033 0.020833333333333332
0 0.7058823529411765 0.9025735294117647 0.022875816993464054 0.01838235294117647
0 0.7124183006535948 0.9240196078431372 0.016339869281045753 0.0196078431372549
0 0.6887254901960784 0.860906862745098 0.01797385620915033 0.020833333333333332
0 0.6617647058823529 0.8792892156862745 0.0196078431372549 0.023284313725490197
0 0.6821895424836601 0.8860294117647058 0.021241830065359478 0.024509803921568627
0 0.6544117647058824 0.9050245098039216 0.021241830065359478 0.020833333333333332
0 0.673202614379085 0.9099264705882353 0.022875816993464054 0.01838235294117647
0 0.6462418300653595 0.9307598039215687 0.024509803921568627 0.025735294117647058
0 0.6511437908496732 0.9534313725490196 0.01797385620915033 0.0196078431372549
0 0.6993464052287582 0.9779411764705882 0.016339869281045753 0.024509803921568627
0 0.7066993464052288 0.9938725490196079 0.01797385620915033 0.012254901960784314
0 0.7475490196078431 0.25183823529411764 0.014705882352941176 0.023284313725490197
0 0.9820261437908497 0.04534313725490196 0.032679738562091505 0.031862745098039214
0 0.9746732026143791 0.40379901960784315 0.03104575163398693 0.023284313725490197
