0 0.15849673202614378 0.058823529411764705 0.013071895424836602 0.014705882352941176
0 0.14297385620915032 0.06678921568627451 0.014705882352941176 0.020833333333333332
0 0.11356209150326797 0.07352941176470588 0.014705882352941176 0.014705882352941176
0 0.12418300653594772 0.08333333333333333 0.0196078431372549 0.01715686274509804
0 0.13725490196078433 0.08946078431372549 0.016339869281045753 0.01715686274509804
0 0.14460784313725492 0.10477941176470588 0.011437908496732027 0.01838235294117647
0 0.12663398692810457 0.1053921568627451 0.014705882352941176 0.014705882352941176
0 0.13480392156862744 0.12071078431372549 0.01797385620915033 0.013480392156862746
0 0.1119281045751634 0.12071078431372549 0.01797385620915033 0.03553921568627451
0 0.125 0.13480392156862744 0.011437908496732027 0.014705882352941176
0 0.11437908496732027 0.15441176470588236 0.0196078431372549 0.0196078431372549
0 0.2622549019607843 0.18321078431372548 0.014705882352941176 0.01838235294117647
0 0.27941176470588236 0.18075980392156862 0.022875816993464054 0.023284313725490197
0 0.29901960784313725 0.19362745098039216 0.0196078431372549 0.022058823529411763
0 0.27450980392156865 0.20098039215686275 0.026143790849673203 0.01715686274509804
0 0.30800653594771243 0.2113970588235294 0.024509803921568627 0.020833333333333332
0 0.309640522875817 0.22977941176470587 0.01797385620915033 0.01838235294117647
0 0.2908496732026144 0.22855392156862744 0.013071895424836602 0.015931372549019607
0 0.26062091503267976 0.21629901960784315 0.02777777777777778 0.020833333333333332
0 0.27450980392156865 0.23529411764705882 0.013071895424836602 0.0196078431372549
0 0.2540849673202614 0.2346813725490196 0.014705882352941176 0.01838235294117647
0 0.25245098039215685 0.24877450980392157 0.01797385620915033 0.012254901960784314
0 0.28758169934640526 0.2536764705882353 0.016339869281045753 0.01715686274509804
0 0.30718954248366015 0.2493872549019608 0.022875816993464054 0.01838235294117647
0 0.3047385620915033 0.2647058823529412 0.014705882352941176 0.012254901960784314
0 0.26715686274509803 0.2696078431372549 0.04411764705882353 0.03676470588235294
0 0.28431372549019607 0.2928921568627451 0.013071895424836602 0.012254901960784314
0 0.2916666666666667 0.3125 0.04411764705882353 0.03676470588235294
0 0.3137254901960784 0.32659313725490197 0.0196078431372549 0.013480392156862746
0 0.1388888888888889 0.3327205882352941 0.022875816993464054 0.01838235294117647
0 0.28594771241830064 0.34191176470588236 0.016339869281045753 0.0196078431372549
0 0.31209150326797386 0.35110294117647056 0.042483660130718956 0.03308823529411765
0 0.3194444444444445 0.3707107843137255 0.021241830065359478 0.015931372549019607
0 0.29820261437908496 0.37683823529411764 0.014705882352941176 0.015931372549019607
0 0.309640522875817 0.39215686274509803 0.024509803921568627 0.02696078431372549
0 0.3284313725490196 0.3958333333333333 0.013071895424836602 0.01715686274509804
0 0.2957516339869281 0.4105392156862745 0.0196078431372549 0.01715686274509804
0 0.3178104575163399 0.414828431372549 0.03431372549019608 0.020833333333333332
0 0.14950980392156862 0.9399509803921569 0.014705882352941176 0.0196078431372549
0 0.690359477124183 0.9491421568627451 0.06045751633986928 0.04044117647058824
0 0.1315359477124183 0.3492647058823529 0.024509803921568627 0.00980392156862745
