0 0.12908496732026145 0.09129901960784313 0.022875816993464054 0.020833333333333332
0 0.5857843137254902 0.2542892156862745 0.024509803921568627 0.023284313725490197
0 0.6397058823529412 0.28370098039215685 0.01797385620915033 0.025735294117647058
0 0.744281045751634 0.27512254901960786 0.021241830065359478 0.04044117647058824
0 0.7344771241830066 0.31004901960784315 0.014705882352941176 0.022058823529411763
0 0.7369281045751634 0.3321078431372549 0.016339869281045753 0.01715686274509804
0 0.7369281045751634 0.3517156862745098 0.013071895424836602 0.01715686274509804
0 0.7116013071895425 0.3903186274509804 0.01797385620915033 0.020833333333333332
0 0.6854575163398693 0.4007352941176471 0.01797385620915033 0.022058823529411763
0 0.7091503267973857 0.4154411764705882 0.016339869281045753 0.01715686274509804
0 0.7361111111111112 0.45036764705882354 0.014705882352941176 0.023284313725490197
0 0.6601307189542484 0.45588235294117646 0.022875816993464054 0.022058823529411763
0 0.7181372549019608 0.4632352941176471 0.014705882352941176 0.01715686274509804
0 0.6070261437908497 0.4810049019607843 0.01797385620915033 0.01838235294117647
0 0.5947712418300654 0.49754901960784315 0.026143790849673203 0.014705882352941176
0 0.7271241830065359 0.4963235294117647 0.013071895424836602 0.0196078431372549
0 0.6928104575163399 0.5238970588235294 0.013071895424836602 0.020833333333333332
0 0.7295751633986929 0.6354166666666666 0.01797385620915033 0.023284313725490197
0 0.46977124183006536 0.7175245098039216 0.021241830065359478 0.020833333333333332
0 0.5678104575163399 0.789828431372549 0.021241830065359478 0.025735294117647058
0 0.5743464052287582 0.8995098039215687 0.02777777777777778 0.022058823529411763
0 0.7132352941176471 0.9828431372549019 0.024509803921568627 0.031862745098039214
0 0.9093137254901961 0.946078431372549 0.01797385620915033 0.0196078431372549
0 0.6478758169934641 0.005514705882352941 0.024509803921568627 0.00857843137254902
