0 0.37826797385620914 0.5674019607843137 0.03431372549019608 0.02696078431372549
0 0.28758169934640526 0.7941176470588235 0.026143790849673203 0.02696078431372549
0 0.45016339869281047 0.7751225490196079 0.03104575163398693 0.030637254901960783
0 0.5866013071895425 0.7604166666666666 0.029411764705882353 0.023284313725490197
0 0.5498366013071896 0.7751225490196079 0.03431372549019608 0.025735294117647058
0 0.5620915032679739 0.7855392156862745 0.026143790849673203 0.024509803921568627
0 0.5228758169934641 0.7855392156862745 0.022875816993464054 0.022058823529411763
0 0.5228758169934641 0.8118872549019608 0.029411764705882353 0.020833333333333332
0 0.5441176470588236 0.8014705882352942 0.0196078431372549 0.024509803921568627
0 0.548202614379085 0.8216911764705882 0.024509803921568627 0.025735294117647058
0 0.5964052287581699 0.8498774509803921 0.029411764705882353 0.028186274509803922
0 0.5179738562091504 0.8357843137254902 0.0196078431372549 0.02696078431372549
0 0.5449346405228759 0.8762254901960784 0.03104575163398693 0.0196078431372549
0 0.5441176470588236 0.8964460784313726 0.0196078431372549 0.025735294117647058
0 0.5588235294117647 0.8872549019607843 0.022875816993464054 0.0196078431372549
0 0.5767973856209151 0.8964460784313726 0.016339869281045753 0.020833333333333332
0 0.5620915032679739 0.9050245098039216 0.0196078431372549 0.020833333333333332
0 0.8080065359477124 0.9270833333333334 0.02777777777777778 0.030637254901960783
0 0.7017973856209151 0.9895833333333334 0.03104575163398693 0.020833333333333332
0 0.792483660130719 0.7365196078431372 0.029411764705882353 0.024509803921568627
0 0.8169934640522876 0.6997549019607843 0.022875816993464054 0.024509803921568627
0 0.8431372549019608 0.7144607843137255 0.026143790849673203 0.029411764705882353
0 0.823529411764706 0.7224264705882353 0.0196078431372549 0.020833333333333332
0 0.9060457516339869 0.6495098039215687 0.024509803921568627 0.031862745098039214
0 0.9076797385620915 0.6268382352941176 0.024509803921568627 0.01838235294117647
0 0.7957516339869282 0.5520833333333334 0.026143790849673203 0.025735294117647058
0 0.7687908496732027 0.5649509803921569 0.03104575163398693 0.0196078431372549
0 0.7598039215686275 0.5955882352941176 0.026143790849673203 0.01715686274509804
0 0.6013071895424836 0.47120098039215685 0.026143790849673203 0.020833333333333332
0 0.6119281045751634 0.4540441176470588 0.021241830065359478 0.025735294117647058
0 0.6282679738562091 0.43995098039215685 0.021241830065359478 0.024509803921568627
0 0.5857843137254902 0.3645833333333333 0.02777777777777778 0.030637254901960783
0 0.4812091503267974 0.3829656862745098 0.021241830065359478 0.025735294117647058
0 0.6446078431372549 0.3284313725490196 0.02777777777777778 0.024509803921568627
0 0.8251633986928105 0.3278186274509804 0.026143790849673203 0.023284313725490197
0 0.8856209150326798 0.36887254901960786 0.022875816993464054 0.024509803921568627
0 0.8668300653594772 0.4178921568627451 0.024509803921568627 0.022058823529411763
0 0.8513071895424836 0.45098039215686275 0.022875816993464054 0.02696078431372549
0 0.5759803921568628 0.31433823529411764 0.02777777777777778 0.025735294117647058
0 0.7908496732026145 0.12683823529411764 0.029411764705882353 0.025735294117647058
0 0.9101307189542484 0.1133578431372549 0.016339869281045753 0.025735294117647058
0 0.883169934640523 0.2965686274509804 0.021241830065359478 0.029411764705882353
0 0.7475490196078431 0.13602941176470587 0.021241830065359478 0.02696078431372549
0 0.7303921568627452 0.1256127450980392 0.0196078431372549 0.023284313725490197
0 0.744281045751634 0.10845588235294118 0.024509803921568627 0.025735294117647058
0 0.7254901960784313 0.10294117647058823 0.016339869281045753 0.022058823529411763
0 0.7132352941176471 0.11213235294117647 0.021241830065359478 0.023284313725490197
0 0.6928104575163399 0.1170343137254902 0.032679738562091505 0.028186274509803922
0 0.6879084967320261 0.09313725490196079 0.032679738562091505 0.0196078431372549
0 0.7165032679738562 0.07536764705882353 0.01797385620915033 0.025735294117647058
0 0.7017973856209151 0.0704656862745098 0.024509803921568627 0.025735294117647058
0 0.7009803921568628 0.04718137254901961 0.0196078431372549 0.025735294117647058
0 0.7312091503267975 0.06495098039215687 0.03431372549019608 0.0392156862745098
0 0.8905228758169935 0.1017156862745098 0.0196078431372549 0.02696078431372549
0 0.8031045751633987 0.02696078431372549 0.02777777777777778 0.024509803921568627
0 0.8259803921568628 0.02022058823529412 0.02777777777777778 0.030637254901960783
