0 0.9035947712418301 0.02389705882352941 0.029411764705882353 0.025735294117647058
0 0.8741830065359477 0.032475490196078434 0.03594771241830066 0.023284313725490197
0 0.8758169934640523 0.06372549019607843 0.026143790849673203 0.0196078431372549
0 0.857843137254902 0.08026960784313725 0.022875816993464054 0.028186274509803922
0 0.8472222222222222 0.12316176470588235 0.02777777777777778 0.01838235294117647
0 0.8651960784313726 0.13725490196078433 0.01797385620915033 0.0196078431372549
0 0.8758169934640523 0.14950980392156862 0.029411764705882353 0.024509803921568627
0 0.8455882352941176 0.14767156862745098 0.02777777777777778 0.030637254901960783
0 0.7973856209150327 0.17340686274509803 0.03594771241830066 0.03553921568627451
0 0.8357843137254902 0.17463235294117646 0.03104575163398693 0.020833333333333332
0 0.8643790849673203 0.17463235294117646 0.0392156862745098 0.028186274509803922
0 0.8946078431372549 0.15625 0.014705882352941176 0.013480392156862746
0 0.8913398692810458 0.17279411764705882 0.01797385620915033 0.012254901960784314
0 0.8946078431372549 0.18321078431372548 0.024509803921568627 0.013480392156862746
0 0.8333333333333334 0.19669117647058823 0.03594771241830066 0.028186274509803922
0 0.8112745098039216 0.19914215686274508 0.021241830065359478 0.01838235294117647
0 0.857843137254902 0.20098039215686275 0.016339869281045753 0.014705882352941176
0 0.8700980392156863 0.1948529411764706 0.01797385620915033 0.01715686274509804
0 0.5514705882352942 0.1758578431372549 0.01797385620915033 0.023284313725490197
0 0.5343137254901961 0.17340686274509803 0.022875816993464054 0.020833333333333332
0 0.5245098039215687 0.1881127450980392 0.016339869281045753 0.015931372549019607
0 0.5400326797385621 0.19362745098039216 0.024509803921568627 0.014705882352941176
0 0.5580065359477124 0.28860294117647056 0.024509803921568627 0.023284313725490197
0 0.8799019607843137 0.21262254901960784 0.02777777777777778 0.030637254901960783
0 0.8758169934640523 0.23345588235294118 0.026143790849673203 0.028186274509803922
0 0.8480392156862745 0.2193627450980392 0.03594771241830066 0.02696078431372549
0 0.8227124183006537 0.2193627450980392 0.03758169934640523 0.02696078431372549
0 0.8137254901960784 0.24019607843137256 0.042483660130718956 0.022058823529411763
0 0.7883986928104575 0.2310049019607843 0.01797385620915033 0.013480392156862746
0 0.8423202614379085 0.2506127450980392 0.02777777777777778 0.030637254901960783
0 0.8660130718954249 0.25919117647058826 0.0196078431372549 0.025735294117647058
0 0.7867647058823529 0.2549019607843137 0.014705882352941176 0.01715686274509804
0 0.8088235294117647 0.26286764705882354 0.029411764705882353 0.025735294117647058
0 0.8276143790849674 0.28370098039215685 0.02777777777777778 0.028186274509803922
0 0.8447712418300654 0.2935049019607843 0.0196078431372549 0.023284313725490197
0 0.8684640522875817 0.2971813725490196 0.03104575163398693 0.01838235294117647
0 0.8006535947712419 0.2867647058823529 0.0196078431372549 0.029411764705882353
0 0.7867647058823529 0.2702205882352941 0.01797385620915033 0.013480392156862746
0 0.8129084967320261 0.3057598039215686 0.021241830065359478 0.020833333333333332
0 0.8325163398692811 0.32536764705882354 0.02777777777777778 0.025735294117647058
0 0.8464052287581699 0.3363970588235294 0.022875816993464054 0.020833333333333332
0 0.8643790849673203 0.3443627450980392 0.0392156862745098 0.02696078431372549
0 0.8088235294117647 0.3278186274509804 0.026143790849673203 0.023284313725490197
0 0.792483660130719 0.31004901960784315 0.022875816993464054 0.022058823529411763
0 0.7916666666666667 0.33088235294117646 0.014705882352941176 0.01715686274509804
0 0.7753267973856209 0.32536764705882354 0.01797385620915033 0.020833333333333332
0 0.803921568627451 0.3529411764705882 0.032679738562091505 0.03431372549019608
0 0.8300653594771242 0.352328431372549 0.022875816993464054 0.030637254901960783
0 0.8586601307189543 0.3737745098039216 0.03431372549019608 0.031862745098039214
0 0.8774509803921569 0.3700980392156863 0.022875816993464054 0.014705882352941176
0 0.8382352941176471 0.38174019607843135 0.0392156862745098 0.03308823529411765
0 0.8562091503267975 0.4056372549019608 0.0196078431372549 0.01715686274509804
0 0.8374183006535948 0.40379901960784315 0.01797385620915033 0.015931372549019607
0 0.8031045751633987 0.39705882352941174 0.02777777777777778 0.029411764705882353
0 0.8186274509803921 0.4074754901960784 0.026143790849673203 0.028186274509803922
0 0.809640522875817 0.4252450980392157 0.01797385620915033 0.012254901960784314
0 0.7933006535947713 0.43137254901960786 0.01797385620915033 0.0196078431372549
0 0.7883986928104575 0.4485294117647059 0.021241830065359478 0.0196078431372549
0 0.7859477124183006 0.40808823529411764 0.032679738562091505 0.02696078431372549
0 0.8137254901960784 0.7506127450980392 0.016339869281045753 0.015931372549019607
0 0.8137254901960784 0.7640931372549019 0.016339869281045753 0.01838235294117647
0 0.829248366013072 0.7622549019607843 0.021241830065359478 0.01715686274509804
0 0.8447712418300654 0.7720588235294118 0.022875816993464054 0.0196078431372549
0 0.8660130718954249 0.8075980392156863 0.0196078431372549 0.012254901960784314
0 0.8300653594771242 0.7935049019607843 0.032679738562091505 0.03553921568627451
0 0.8006535947712419 0.7855392156862745 0.032679738562091505 0.03676470588235294
0 0.755718954248366 0.8069852941176471 0.01797385620915033 0.015931372549019607
0 0.7679738562091504 0.8143382352941176 0.0196078431372549 0.015931372549019607
0 0.7998366013071896 0.821078431372549 0.03758169934640523 0.03431372549019608
0 0.8186274509803921 0.8290441176470588 0.032679738562091505 0.03553921568627451
0 0.8431372549019608 0.8229166666666666 0.029411764705882353 0.03553921568627451
0 0.7140522875816994 0.8143382352941176 0.016339869281045753 0.020833333333333332
0 0.7549019607843137 0.835171568627451 0.0196078431372549 0.013480392156862746
0 0.7663398692810458 0.8480392156862745 0.029411764705882353 0.031862745098039214
0 0.7826797385620915 0.8547794117647058 0.022875816993464054 0.020833333333333332
0 0.8006535947712419 0.8566176470588235 0.022875816993464054 0.024509803921568627
0 0.821078431372549 0.8615196078431372 0.03104575163398693 0.02696078431372549
0 0.8455882352941176 0.8829656862745098 0.01797385620915033 0.01838235294117647
0 0.8080065359477124 0.9013480392156863 0.03104575163398693 0.03799019607843137
0 0.8415032679738562 0.9019607843137255 0.022875816993464054 0.022058823529411763
0 0.8251633986928105 0.9087009803921569 0.016339869281045753 0.01838235294117647
0 0.7777777777777778 0.8946078431372549 0.026143790849673203 0.029411764705882353
0 0.7581699346405228 0.8725490196078431 0.032679738562091505 0.0196078431372549
0 0.7785947712418301 0.9319852941176471 0.01797385620915033 0.01838235294117647
0 0.7957516339869282 0.9362745098039216 0.029411764705882353 0.014705882352941176
0 0.803921568627451 0.9252450980392156 0.026143790849673203 0.014705882352941176
0 0.7606209150326798 0.9344362745098039 0.021241830065359478 0.015931372549019607
0 0.7745098039215687 0.9522058823529411 0.022875816993464054 0.022058823529411763
0 0.7794117647058824 0.9816176470588235 0.029411764705882353 0.03676470588235294
0 0.8488562091503268 0.02144607843137255 0.01797385620915033 0.00857843137254902
0 0.9109477124183006 0.006127450980392157 0.021241830065359478 0.00980392156862745
0 0.8921568627450981 0.006740196078431373 0.022875816993464054 0.011029411764705881
0 0.8570261437908497 0.009191176470588236 0.03758169934640523 0.015931372549019607
