0 0.15522875816993464 0.2426470588235294 0.03594771241830066 0.0196078431372549
0 0.6233660130718954 0.4221813725490196 0.03104575163398693 0.03553921568627451
0 0.6176470588235294 0.6697303921568627 0.022875816993464054 0.01838235294117647
0 0.6258169934640523 0.6954656862745098 0.032679738562091505 0.03799019607843137
0 0.6274509803921569 0.71875 0.029411764705882353 0.015931372549019607
0 0.6045751633986929 0.7310049019607843 0.049019607843137254 0.0428921568627451
0 0.6233660130718954 0.7647058823529411 0.03104575163398693 0.0392156862745098
0 0.5972222222222222 0.7720588235294118 0.03758169934640523 0.02696078431372549
0 0.6029411764705882 0.789828431372549 0.032679738562091505 0.015931372549019607
0 0.6217320261437909 0.8008578431372549 0.03431372549019608 0.03799019607843137
0 0.6323529411764706 0.8259803921568627 0.032679738562091505 0.022058823529411763
0 0.6356209150326798 0.8780637254901961 0.022875816993464054 0.028186274509803922
0 0.5588235294117647 0.8192401960784313 0.026143790849673203 0.025735294117647058
0 0.5906862745098039 0.829656862745098 0.03431372549019608 0.01715686274509804
0 0.5988562091503268 0.8455882352941176 0.04084967320261438 0.014705882352941176
0 0.6053921568627452 0.860906862745098 0.021241830065359478 0.023284313725490197
0 0.5874183006535948 0.8952205882352942 0.03758169934640523 0.0428921568627451
0 0.5759803921568628 0.8694852941176471 0.03758169934640523 0.03553921568627451
0 0.6372549019607844 0.9044117647058824 0.022875816993464054 0.022058823529411763
