0 0.7181372549019608 0.12316176470588235 0.04411764705882353 0.04534313725490196
0 0.11356209150326797 0.0545343137254902 0.021241830065359478 0.025735294117647058
0 0.2687908496732026 0.06066176470588235 0.01797385620915033 0.023284313725490197
0 0.28513071895424835 0.06433823529411764 0.024509803921568627 0.03799019607843137
0 0.3047385620915033 0.07536764705882353 0.021241830065359478 0.023284313725490197
0 0.33169934640522875 0.0704656862745098 0.026143790849673203 0.023284313725490197
0 0.3194444444444445 0.09436274509803921 0.02777777777777778 0.029411764705882353
0 0.28594771241830064 0.09620098039215687 0.026143790849673203 0.030637254901960783
0 0.16258169934640523 0.15379901960784315 0.04084967320261438 0.0428921568627451
0 0.07026143790849673 0.17463235294117646 0.022875816993464054 0.025735294117647058
0 0.15359477124183007 0.2150735294117647 0.022875816993464054 0.030637254901960783
0 0.21405228758169936 0.2469362745098039 0.026143790849673203 0.028186274509803922
0 0.26143790849673204 0.28431372549019607 0.0196078431372549 0.022058823529411763
0 0.2622549019607843 0.3137254901960784 0.021241830065359478 0.0196078431372549
0 0.2426470588235294 0.3492647058823529 0.01797385620915033 0.0196078431372549
0 0.032679738562091505 0.3915441176470588 0.022875816993464054 0.023284313725490197
0 0.18137254901960784 0.3713235294117647 0.022875816993464054 0.024509803921568627
0 0.2303921568627451 0.3805147058823529 0.0196078431372549 0.020833333333333332
0 0.24673202614379086 0.414828431372549 0.022875816993464054 0.020833333333333332
0 0.22875816993464054 0.4319852941176471 0.022875816993464054 0.01838235294117647
0 0.22549019607843138 0.45588235294117646 0.026143790849673203 0.02696078431372549
0 0.16911764705882354 0.4013480392156863 0.03104575163398693 0.025735294117647058
0 0.16748366013071897 0.49080882352941174 0.024509803921568627 0.025735294117647058
0 0.23529411764705882 0.4895833333333333 0.022875816993464054 0.020833333333333332
0 0.2949346405228758 0.5202205882352942 0.024509803921568627 0.025735294117647058
0 0.20261437908496732 0.5104166666666666 0.022875816993464054 0.025735294117647058
0 0.22630718954248366 0.508578431372549 0.024509803921568627 0.024509803921568627
0 0.22222222222222224 0.5306372549019608 0.022875816993464054 0.022058823529411763
0 0.07598039215686275 0.4638480392156863 0.021241830065359478 0.023284313725490197
0 0.040032679738562095 0.47181372549019607 0.021241830065359478 0.0196078431372549
0 0.03104575163398693 0.4957107843137255 0.026143790849673203 0.03308823529411765
0 0.04820261437908497 0.48590686274509803 0.01797385620915033 0.01838235294117647
0 0.06699346405228758 0.5392156862745098 0.022875816993464054 0.022058823529411763
0 0.05473856209150327 0.5287990196078431 0.021241830065359478 0.023284313725490197
0 0.0392156862745098 0.5367647058823529 0.022875816993464054 0.022058823529411763
0 0.02696078431372549 0.5533088235294118 0.01797385620915033 0.023284313725490197
0 0.013071895424836602 0.5643382352941176 0.0196078431372549 0.020833333333333332
0 0.03104575163398693 0.5765931372549019 0.022875816993464054 0.023284313725490197
0 0.04166666666666667 0.5998774509803921 0.021241830065359478 0.020833333333333332
0 0.031862745098039214 0.6096813725490196 0.021241830065359478 0.023284313725490197
0 0.032679738562091505 0.6452205882352942 0.026143790849673203 0.028186274509803922
0 0.05228758169934641 0.6758578431372549 0.022875816993464054 0.030637254901960783
0 0.10294117647058824 0.5980392156862745 0.022875816993464054 0.02696078431372549
0 0.10784313725490197 0.616421568627451 0.03594771241830066 0.01715686274509804
0 0.11437908496732027 0.6360294117647058 0.026143790849673203 0.02696078431372549
0 0.2303921568627451 0.5894607843137255 0.029411764705882353 0.022058823529411763
0 0.22957516339869283 0.6096813725490196 0.024509803921568627 0.023284313725490197
0 0.17892156862745098 0.6286764705882353 0.021241830065359478 0.024509803921568627
0 0.1911764705882353 0.6556372549019608 0.026143790849673203 0.022058823529411763
0 0.18627450980392157 0.6752450980392157 0.026143790849673203 0.022058823529411763
0 0.22875816993464054 0.6397058823529411 0.026143790849673203 0.022058823529411763
0 0.27450980392156865 0.6372549019607843 0.022875816993464054 0.024509803921568627
0 0.25163398692810457 0.6519607843137255 0.0196078431372549 0.024509803921568627
0 0.23447712418300654 0.6574754901960784 0.024509803921568627 0.023284313725490197
0 0.24183006535947713 0.6770833333333334 0.026143790849673203 0.020833333333333332
0 0.36601307189542487 0.6715686274509803 0.0196078431372549 0.022058823529411763
0 0.23202614379084968 0.7015931372549019 0.029411764705882353 0.020833333333333332
0 0.29411764705882354 0.7022058823529411 0.022875816993464054 0.024509803921568627
0 0.24183006535947713 0.7542892156862745 0.0196078431372549 0.028186274509803922
0 0.2450980392156863 0.7861519607843137 0.022875816993464054 0.020833333333333332
0 0.24591503267973858 0.8057598039215687 0.021241830065359478 0.020833333333333332
0 0.1388888888888889 0.7132352941176471 0.022875816993464054 0.024509803921568627
0 0.11764705882352941 0.727328431372549 0.022875816993464054 0.023284313725490197
0 0.10620915032679738 0.758578431372549 0.0196078431372549 0.022058823529411763
0 0.09967320261437909 0.7794117647058824 0.022875816993464054 0.022058823529411763
0 0.11601307189542484 0.7935049019607843 0.0196078431372549 0.023284313725490197
0 0.08823529411764706 0.7959558823529411 0.022875816993464054 0.020833333333333332
0 0.06944444444444445 0.8388480392156863 0.021241830065359478 0.020833333333333332
0 0.05228758169934641 0.8486519607843137 0.022875816993464054 0.023284313725490197
0 0.012254901960784314 0.860906862745098 0.01797385620915033 0.025735294117647058
0 0.026143790849673203 0.8805147058823529 0.022875816993464054 0.023284313725490197
0 0.04166666666666667 0.8780637254901961 0.021241830065359478 0.025735294117647058
0 0.03104575163398693 0.9142156862745098 0.026143790849673203 0.0196078431372549
0 0.031862745098039214 0.9344362745098039 0.03104575163398693 0.023284313725490197
0 0.06045751633986928 0.9430147058823529 0.022875816993464054 0.023284313725490197
0 0.11274509803921569 0.8192401960784313 0.0196078431372549 0.023284313725490197
0 0.1503267973856209 0.7971813725490196 0.026143790849673203 0.015931372549019607
0 0.1576797385620915 0.803921568627451 0.024509803921568627 0.0196078431372549
0 0.18709150326797386 0.7916666666666666 0.021241830065359478 0.022058823529411763
0 0.20261437908496732 0.7757352941176471 0.022875816993464054 0.022058823529411763
0 0.18872549019607843 0.7408088235294118 0.021241830065359478 0.023284313725490197
0 0.20915032679738563 0.8075980392156863 0.022875816993464054 0.024509803921568627
0 0.22712418300653595 0.8118872549019608 0.016339869281045753 0.020833333333333332
0 0.22140522875816995 0.829656862745098 0.021241830065359478 0.02696078431372549
0 0.20506535947712418 0.835171568627451 0.01797385620915033 0.023284313725490197
0 0.18218954248366015 0.8455882352941176 0.021241830065359478 0.024509803921568627
0 0.22630718954248366 0.883578431372549 0.024509803921568627 0.024509803921568627
0 0.45669934640522875 0.7218137254901961 0.03431372549019608 0.031862745098039214
0 0.3946078431372549 0.8155637254901961 0.024509803921568627 0.025735294117647058
0 0.5040849673202614 0.8370098039215687 0.024509803921568627 0.02696078431372549
0 0.44526143790849676 0.8737745098039216 0.021241830065359478 0.01715686274509804
0 0.42320261437908496 0.8927696078431372 0.0196078431372549 0.020833333333333332
0 0.4395424836601307 0.8915441176470588 0.016339869281045753 0.023284313725490197
0 0.47303921568627455 0.9142156862745098 0.01797385620915033 0.022058823529411763
0 0.5988562091503268 0.9393382352941176 0.024509803921568627 0.025735294117647058
0 0.6184640522875817 0.9344362745098039 0.021241830065359478 0.025735294117647058
0 0.8447712418300654 0.9191176470588235 0.0196078431372549 0.024509803921568627
0 0.8651960784313726 0.9129901960784313 0.021241830065359478 0.02696078431372549
0 0.8602941176470589 0.9577205882352942 0.03431372549019608 0.020833333333333332
0 0.8586601307189543 0.6764705882352942 0.02777777777777778 0.024509803921568627
0 0.821078431372549 0.6084558823529411 0.02777777777777778 0.03308823529411765
0 0.7843137254901961 0.5637254901960784 0.022875816993464054 0.022058823529411763
0 0.8022875816993464 0.571078431372549 0.016339869281045753 0.022058823529411763
