0 0.7401960784313726 0.32536764705882354 0.016339869281045753 0.01838235294117647
0 0.7516339869281046 0.3314950980392157 0.0196078431372549 0.020833333333333332
0 0.7647058823529412 0.3382352941176471 0.0196078431372549 0.0196078431372549
0 0.7957516339869282 0.36151960784313725 0.016339869281045753 0.0196078431372549
0 0.7818627450980392 0.3786764705882353 0.024509803921568627 0.031862745098039214
0 0.7205882352941176 0.33762254901960786 0.0196078431372549 0.020833333333333332
0 0.7352941176470589 0.3480392156862745 0.022875816993464054 0.024509803921568627
0 0.7418300653594772 0.36090686274509803 0.022875816993464054 0.023284313725490197
0 0.7124183006535948 0.35110294117647056 0.0196078431372549 0.015931372549019607
0 0.7173202614379085 0.36642156862745096 0.022875816993464054 0.01715686274509804
0 0.744281045751634 0.3854166666666667 0.03431372549019608 0.01838235294117647
0 0.7058823529411765 0.38909313725490197 0.016339869281045753 0.01838235294117647
0 0.7181372549019608 0.39828431372549017 0.021241830065359478 0.01715686274509804
0 0.7058823529411765 0.40625 0.026143790849673203 0.020833333333333332
0 0.7369281045751634 0.4068627450980392 0.022875816993464054 0.029411764705882353
0 0.7589869281045751 0.40379901960784315 0.02777777777777778 0.028186274509803922
0 0.7810457516339869 0.4099264705882353 0.032679738562091505 0.025735294117647058
0 0.8120915032679739 0.41973039215686275 0.016339869281045753 0.01838235294117647
0 0.8088235294117647 0.4362745098039216 0.0196078431372549 0.0196078431372549
0 0.7148692810457516 0.42034313725490197 0.024509803921568627 0.01715686274509804
0 0.7001633986928105 0.4270833333333333 0.024509803921568627 0.020833333333333332
0 0.6919934640522876 0.4368872549019608 0.021241830065359478 0.020833333333333332
0 0.684640522875817 0.4466911764705882 0.022875816993464054 0.020833333333333332
0 0.6740196078431373 0.4650735294117647 0.024509803921568627 0.025735294117647058
0 0.7091503267973857 0.45036764705882354 0.016339869281045753 0.023284313725490197
0 0.7205882352941176 0.4387254901960784 0.016339869281045753 0.024509803921568627
0 0.7401960784313726 0.4319852941176471 0.026143790849673203 0.023284313725490197
0 0.7900326797385621 0.4332107843137255 0.02777777777777778 0.028186274509803922
0 0.7753267973856209 0.4644607843137255 0.024509803921568627 0.031862745098039214
0 0.798202614379085 0.45955882352941174 0.02777777777777778 0.029411764705882353
0 0.8047385620915033 0.4834558823529412 0.02777777777777778 0.028186274509803922
0 0.7410130718954249 0.4497549019607843 0.03758169934640523 0.024509803921568627
0 0.744281045751634 0.47549019607843135 0.03431372549019608 0.031862745098039214
0 0.6642156862745098 0.49142156862745096 0.014705882352941176 0.01715686274509804
0 0.6764705882352942 0.4883578431372549 0.0196078431372549 0.020833333333333332
0 0.690359477124183 0.4950980392156863 0.024509803921568627 0.029411764705882353
0 0.738562091503268 0.5036764705882353 0.042483660130718956 0.022058823529411763
0 0.7843137254901961 0.5073529411764706 0.0392156862745098 0.029411764705882353
0 0.7687908496732027 0.5337009803921569 0.03104575163398693 0.030637254901960783
0 0.738562091503268 0.5232843137254902 0.026143790849673203 0.02696078431372549
0 0.7197712418300654 0.5202205882352942 0.02777777777777778 0.028186274509803922
0 0.7034313725490197 0.5287990196078431 0.024509803921568627 0.020833333333333332
0 0.6707516339869282 0.5098039215686274 0.021241830065359478 0.022058823529411763
0 0.6495098039215687 0.5091911764705882 0.021241830065359478 0.015931372549019607
0 0.6486928104575164 0.522671568627451 0.016339869281045753 0.015931372549019607
0 0.6650326797385621 0.5257352941176471 0.0196078431372549 0.012254901960784314
0 0.673202614379085 0.5361519607843137 0.0196078431372549 0.01838235294117647
0 0.6919934640522876 0.5355392156862745 0.024509803921568627 0.022058823529411763
0 0.732843137254902 0.5459558823529411 0.03104575163398693 0.023284313725490197
0 0.7720588235294118 0.5563725490196079 0.01797385620915033 0.024509803921568627
0 0.7565359477124183 0.5618872549019608 0.022875816993464054 0.01838235294117647
0 0.7066993464052288 0.5575980392156863 0.04084967320261438 0.02696078431372549
0 0.6870915032679739 0.5526960784313726 0.021241830065359478 0.022058823529411763
0 0.6478758169934641 0.5471813725490196 0.03104575163398693 0.030637254901960783
0 0.6568627450980392 0.5894607843137255 0.0392156862745098 0.022058823529411763
0 0.7401960784313726 0.5759803921568627 0.032679738562091505 0.03431372549019608
0 0.7622549019607844 0.5925245098039216 0.02777777777777778 0.03308823529411765
0 0.7761437908496732 0.6115196078431372 0.03594771241830066 0.02696078431372549
0 0.7785947712418301 0.6329656862745098 0.03431372549019608 0.023284313725490197
0 0.7794117647058824 0.6544117647058824 0.022875816993464054 0.024509803921568627
0 0.7344771241830066 0.5986519607843137 0.01797385620915033 0.015931372549019607
0 0.7181372549019608 0.5821078431372549 0.02777777777777778 0.029411764705882353
0 0.7034313725490197 0.5968137254901961 0.024509803921568627 0.02696078431372549
0 0.5588235294117647 0.5386029411764706 0.026143790849673203 0.025735294117647058
0 0.44526143790849676 0.6746323529411765 0.024509803921568627 0.01838235294117647
0 0.7066993464052288 0.6188725490196079 0.04411764705882353 0.024509803921568627
0 0.75 0.6194852941176471 0.022875816993464054 0.023284313725490197
0 0.7222222222222222 0.6360294117647058 0.03594771241830066 0.031862745098039214
0 0.744281045751634 0.6390931372549019 0.03104575163398693 0.01838235294117647
0 0.7434640522875817 0.6513480392156863 0.029411764705882353 0.01838235294117647
0 0.7581699346405228 0.6623774509803921 0.026143790849673203 0.01838235294117647
0 0.7745098039215687 0.6770833333333334 0.0196078431372549 0.020833333333333332
0 0.7745098039215687 0.6948529411764706 0.0196078431372549 0.0196078431372549
0 0.7426470588235294 0.678921568627451 0.03104575163398693 0.029411764705882353
0 0.7589869281045751 0.6776960784313726 0.01797385620915033 0.01715686274509804
0 0.7238562091503268 0.6580882352941176 0.016339869281045753 0.01715686274509804
0 0.678921568627451 0.6488970588235294 0.01797385620915033 0.020833333333333332
0 0.6977124183006537 0.6605392156862745 0.032679738562091505 0.03676470588235294
0 0.6821895424836601 0.678921568627451 0.021241830065359478 0.0196078431372549
0 0.698529411764706 0.71875 0.021241830065359478 0.011029411764705881
0 0.7075163398692811 0.7285539215686274 0.022875816993464054 0.013480392156862746
0 0.7165032679738562 0.7138480392156863 0.02777777777777778 0.015931372549019607
0 0.7377450980392157 0.7009803921568627 0.01797385620915033 0.01715686274509804
0 0.7450980392156863 0.7193627450980392 0.0196078431372549 0.022058823529411763
0 0.7589869281045751 0.7064950980392157 0.011437908496732027 0.01838235294117647
0 0.7883986928104575 0.8125 0.01797385620915033 0.01715686274509804
0 0.7361111111111112 0.829656862745098 0.024509803921568627 0.022058823529411763
0 0.7287581699346406 0.9840686274509803 0.026143790849673203 0.02696078431372549
0 0.7132352941176471 0.9724264705882353 0.01797385620915033 0.01838235294117647
0 0.7026143790849674 0.9767156862745098 0.016339869281045753 0.01715686274509804
0 0.6944444444444444 0.9675245098039216 0.0196078431372549 0.015931372549019607
0 0.6854575163398693 0.9846813725490196 0.024509803921568627 0.020833333333333332
0 0.7001633986928105 0.9908088235294118 0.02777777777777778 0.01838235294117647
0 0.6666666666666667 0.9908088235294118 0.026143790849673203 0.01838235294117647
