0 0.5383986928104575 0.4938725490196078 0.024509803921568627 0.024509803921568627
0 0.7892156862745098 0.48223039215686275 0.026143790849673203 0.01838235294117647
0 0.7728758169934641 0.5024509803921569 0.0196078431372549 0.02696078431372549
0 0.8325163398692811 0.36090686274509803 0.01797385620915033 0.020833333333333332
0 0.8431372549019608 0.3786764705882353 0.0196078431372549 0.02696078431372549
0 0.803921568627451 0.6029411764705882 0.0196078431372549 0.022058823529411763
0 0.6870915032679739 0.8388480392156863 0.02777777777777778 0.03308823529411765
0 0.488562091503268 0.9325980392156863 0.016339869281045753 0.0196078431372549
0 0.29820261437908496 0.6151960784313726 0.02777777777777778 0.022058823529411763
0 0.16339869281045752 0.8541666666666666 0.0196078431372549 0.0196078431372549
0 0.8856209150326798 0.006127450980392157 0.0196078431372549 0.00980392156862745
