0 0.6944444444444444 0.04350490196078431 0.029411764705882353 0.020833333333333332
0 0.18218954248366015 0.12254901960784313 0.024509803921568627 0.024509803921568627
0 0.6299019607843137 0.40870098039215685 0.02777777777777778 0.028186274509803922
0 0.20098039215686275 0.5116421568627451 0.04575163398692811 0.04779411764705882
0 0.45833333333333337 0.6611519607843137 0.01797385620915033 0.025735294117647058
0 0.5923202614379085 0.6237745098039216 0.01797385620915033 0.0196078431372549
0 0.5776143790849674 0.642156862745098 0.01797385620915033 0.022058823529411763
0 0.6037581699346405 0.6458333333333334 0.024509803921568627 0.024509803921568627
0 0.6045751633986929 0.6715686274509803 0.0196078431372549 0.022058823529411763
0 0.5563725490196079 0.6770833333333334 0.03104575163398693 0.023284313725490197
0 0.5678104575163399 0.710171568627451 0.02777777777777778 0.020833333333333332
0 0.5433006535947713 0.7316176470588235 0.024509803921568627 0.024509803921568627
0 0.5808823529411765 0.7745098039215687 0.024509803921568627 0.02696078431372549
0 0.607843137254902 0.7702205882352942 0.022875816993464054 0.03308823529411765
0 0.12009803921568628 0.9056372549019608 0.024509803921568627 0.022058823529411763
