0 0.7393790849673203 0.2549019607843137 0.03431372549019608 0.029411764705882353
0 0.6323529411764706 0.3915441176470588 0.05555555555555556 0.05759803921568627
0 0.42728758169934644 0.5569852941176471 0.024509803921568627 0.028186274509803922
0 0.5024509803921569 0.5453431372549019 0.04738562091503268 0.044117647058823525
0 0.5375816993464052 0.5625 0.032679738562091505 0.02696078431372549
0 0.5686274509803921 0.5692401960784313 0.03594771241830066 0.030637254901960783
0 0.5359477124183006 0.5863970588235294 0.029411764705882353 0.023284313725490197
0 0.548202614379085 0.6127450980392157 0.024509803921568627 0.024509803921568627
0 0.4746732026143791 0.5968137254901961 0.024509803921568627 0.012254901960784314
0 0.4820261437908497 0.6390931372549019 0.016339869281045753 0.013480392156862746
0 0.4665032679738562 0.6642156862745098 0.03431372549019608 0.024509803921568627
0 0.5392156862745098 0.6482843137254902 0.0196078431372549 0.024509803921568627
0 0.5645424836601307 0.6556372549019608 0.021241830065359478 0.02696078431372549
0 0.559640522875817 0.6930147058823529 0.024509803921568627 0.028186274509803922
0 0.5686274509803921 0.71875 0.032679738562091505 0.028186274509803922
0 0.5645424836601307 0.7904411764705882 0.021241830065359478 0.02696078431372549
0 0.5490196078431373 0.8167892156862745 0.026143790849673203 0.028186274509803922
0 0.4877450980392157 0.8933823529411764 0.03758169934640523 0.041666666666666664
0 0.1454248366013072 0.7886029411764706 0.026143790849673203 0.023284313725490197
0 0.12990196078431374 0.8890931372549019 0.021241830065359478 0.028186274509803922
