0 0.27941176470588236 0.2181372549019608 0.022875816993464054 0.01715686274509804
0 0.22303921568627452 0.2849264705882353 0.021241830065359478 0.023284313725490197
0 0.2581699346405229 0.28799019607843135 0.022875816993464054 0.022058823529411763
0 0.29248366013071897 0.27205882352941174 0.026143790849673203 0.01715686274509804
0 0.28104575163398693 0.29044117647058826 0.0196078431372549 0.0196078431372549
0 0.38071895424836605 0.2542892156862745 0.029411764705882353 0.028186274509803922
0 0.5269607843137255 0.3314950980392157 0.03104575163398693 0.025735294117647058
0 0.4477124183006536 0.37745098039215685 0.026143790849673203 0.014705882352941176
0 0.2107843137254902 0.4528186274509804 0.0196078431372549 0.023284313725490197
0 0.5359477124183006 0.4797794117647059 0.022875816993464054 0.020833333333333332
0 0.4934640522875817 0.5343137254901961 0.026143790849673203 0.024509803921568627
0 0.6625816993464052 0.48223039215686275 0.024509803921568627 0.011029411764705881
0 0.6233660130718954 0.5232843137254902 0.021241830065359478 0.022058823529411763
0 0.6446078431372549 0.5055147058823529 0.021241830065359478 0.028186274509803922
0 0.667483660130719 0.5042892156862745 0.01797385620915033 0.020833333333333332
0 0.6911764705882353 0.5183823529411765 0.022875816993464054 0.02696078431372549
0 0.6609477124183006 0.5232843137254902 0.01797385620915033 0.01715686274509804
0 0.6707516339869282 0.5337009803921569 0.021241830065359478 0.013480392156862746
0 0.39950980392156865 0.6488970588235294 0.021241830065359478 0.020833333333333332
0 0.4763071895424837 0.7506127450980392 0.024509803921568627 0.023284313725490197
0 0.4861111111111111 0.7745098039215687 0.021241830065359478 0.022058823529411763
0 0.4387254901960784 0.8553921568627451 0.024509803921568627 0.02696078431372549
0 0.5359477124183006 0.7886029411764706 0.022875816993464054 0.020833333333333332
0 0.6225490196078431 0.8137254901960784 0.03594771241830066 0.0196078431372549
0 0.19035947712418302 0.9325980392156863 0.024509803921568627 0.012254901960784314
0 0.19362745098039216 0.954656862745098 0.01797385620915033 0.014705882352941176
0 0.1781045751633987 0.9650735294117647 0.0196078431372549 0.025735294117647058
