0 0.9191176470588236 0.9350490196078431 0.03104575163398693 0.029411764705882353
0 0.6838235294117647 0.9387254901960784 0.03104575163398693 0.03431372549019608
0 0.7001633986928105 0.9852941176470588 0.03104575163398693 0.029411764705882353
0 0.5784313725490197 0.9466911764705882 0.029411764705882353 0.03553921568627451
0 0.5661764705882353 0.8161764705882353 0.02777777777777778 0.024509803921568627
0 0.5531045751633987 0.7910539215686274 0.02777777777777778 0.03553921568627451
0 0.5285947712418301 0.7794117647058824 0.02777777777777778 0.031862745098039214
0 0.18137254901960784 0.7775735294117647 0.026143790849673203 0.030637254901960783
0 0.22794117647058823 0.8517156862745098 0.04411764705882353 0.024509803921568627
0 0.1593137254901961 0.8878676470588235 0.03104575163398693 0.023284313725490197
0 0.18382352941176472 0.8970588235294118 0.024509803921568627 0.029411764705882353
0 0.20751633986928106 0.9154411764705882 0.029411764705882353 0.02696078431372549
0 0.20179738562091504 0.9589460784313726 0.03431372549019608 0.030637254901960783
0 0.15441176470588236 0.9325980392156863 0.06372549019607843 0.0392156862745098
0 0.22140522875816995 0.16115196078431374 0.03758169934640523 0.025735294117647058
0 0.2034313725490196 0.18995098039215685 0.03104575163398693 0.03431372549019608
0 0.22794117647058823 0.2622549019607843 0.02777777777777778 0.024509803921568627
0 0.34558823529411764 0.20894607843137256 0.02777777777777778 0.025735294117647058
0 0.4305555555555556 0.2071078431372549 0.03431372549019608 0.031862745098039214
0 0.5089869281045751 0.16666666666666666 0.02777777777777778 0.031862745098039214
0 0.5972222222222222 0.28125 0.03104575163398693 0.03308823529411765
0 0.16176470588235295 0.2916666666666667 0.029411764705882353 0.02696078431372549
0 0.1707516339869281 0.31433823529411764 0.03758169934640523 0.025735294117647058
0 0.18872549019607843 0.32230392156862747 0.02777777777777778 0.031862745098039214
0 0.21160130718954248 0.3474264705882353 0.024509803921568627 0.028186274509803922
