0 0.06127450980392157 0.985906862745098 0.024509803921568627 0.01838235294117647
0 0.07189542483660132 0.5839460784313726 0.022875816993464054 0.023284313725490197
0 0.06944444444444445 0.5269607843137255 0.021241830065359478 0.02696078431372549
0 0.0784313725490196 0.48223039215686275 0.022875816993464054 0.025735294117647058
0 0.14052287581699346 0.3547794117647059 0.032679738562091505 0.025735294117647058
0 0.08905228758169935 0.2689950980392157 0.024509803921568627 0.025735294117647058
0 0.11029411764705882 0.23039215686274508 0.024509803921568627 0.031862745098039214
0 0.14379084967320263 0.14583333333333334 0.032679738562091505 0.024509803921568627
0 0.0923202614379085 0.12745098039215685 0.024509803921568627 0.02696078431372549
0 0.12826797385620917 0.10845588235294118 0.021241830065359478 0.028186274509803922
0 0.11601307189542484 0.0821078431372549 0.029411764705882353 0.0196078431372549
0 0.1650326797385621 0.034926470588235295 0.026143790849673203 0.025735294117647058
0 0.15849673202614378 0.011642156862745098 0.022875816993464054 0.020833333333333332
0 0.06209150326797386 0.7132352941176471 0.0196078431372549 0.024509803921568627
