0 0.8104575163398693 0.1954656862745098 0.032679738562091505 0.015931372549019607
0 0.9812091503267975 0.5251225490196079 0.01797385620915033 0.023284313725490197
0 0.3423202614379085 0.59375 0.01797385620915033 0.020833333333333332
0 0.18055555555555555 0.5386029411764706 0.021241830065359478 0.020833333333333332
0 0.19281045751633988 0.553921568627451 0.022875816993464054 0.0196078431372549
0 0.18218954248366015 0.5753676470588235 0.021241830065359478 0.020833333333333332
0 0.17320261437908496 0.5980392156862745 0.026143790849673203 0.0196078431372549
0 0.2589869281045752 0.6740196078431372 0.024509803921568627 0.022058823529411763
0 0.17483660130718956 0.6611519607843137 0.022875816993464054 0.013480392156862746
0 0.16584967320261437 0.6825980392156863 0.01797385620915033 0.022058823529411763
0 0.16013071895424838 0.7236519607843137 0.026143790849673203 0.015931372549019607
0 0.22303921568627452 0.6997549019607843 0.024509803921568627 0.0196078431372549
0 0.22957516339869283 0.7156862745098039 0.03104575163398693 0.00980392156862745
0 0.2647058823529412 0.7267156862745098 0.022875816993464054 0.022058823529411763
0 0.3055555555555556 0.8026960784313726 0.0196078431372549 0.024509803921568627
0 0.11846405228758171 0.9522058823529411 0.01797385620915033 0.0196078431372549
0 0.17973856209150327 0.9454656862745098 0.026143790849673203 0.020833333333333332
0 0.3104575163398693 0.9454656862745098 0.0196078431372549 0.020833333333333332
0 0.29820261437908496 0.9613970588235294 0.021241830065359478 0.01838235294117647
0 0.29411764705882354 0.9865196078431372 0.026143790849673203 0.024509803921568627
