0 0.7933006535947713 0.02144607843137255 0.011437908496732027 0.013480392156862746
0 0.7810457516339869 0.028186274509803922 0.013071895424836602 0.014705882352941176
0 0.8014705882352942 0.00980392156862745 0.01797385620915033 0.01715686274509804
0 0.8227124183006537 0.013480392156862746 0.021241830065359478 0.024509803921568627
0 0.8349673202614379 0.01715686274509804 0.016339869281045753 0.01715686274509804
0 0.7990196078431373 0.03676470588235294 0.013071895424836602 0.01715686274509804
0 0.7851307189542484 0.04044117647058824 0.01797385620915033 0.007352941176470588
0 0.7745098039215687 0.052083333333333336 0.0196078431372549 0.013480392156862746
0 0.8243464052287582 0.044730392156862746 0.03104575163398693 0.03553921568627451
0 0.7933006535947713 0.05821078431372549 0.021241830065359478 0.020833333333333332
0 0.7769607843137255 0.0741421568627451 0.014705882352941176 0.01838235294117647
0 0.7892156862745098 0.0784313725490196 0.013071895424836602 0.0196078431372549
0 0.8080065359477124 0.07475490196078431 0.024509803921568627 0.031862745098039214
0 0.5694444444444444 0.11213235294117647 0.01797385620915033 0.01838235294117647
0 0.6348039215686274 0.14276960784313725 0.024509803921568627 0.013480392156862746
0 0.6511437908496732 0.15318627450980393 0.014705882352941176 0.014705882352941176
0 0.6895424836601307 0.12806372549019607 0.0196078431372549 0.015931372549019607
0 0.6944444444444444 0.14522058823529413 0.013071895424836602 0.013480392156862746
0 0.7957516339869282 0.18566176470588236 0.022875816993464054 0.013480392156862746
0 0.6740196078431373 0.20588235294117646 0.021241830065359478 0.014705882352941176
0 0.6339869281045751 0.27941176470588236 0.0196078431372549 0.00980392156862745
0 0.7622549019607844 0.32598039215686275 0.014705882352941176 0.01715686274509804
0 0.7736928104575164 0.31924019607843135 0.011437908496732027 0.01838235294117647
0 0.7990196078431373 0.23590686274509803 0.016339869281045753 0.025735294117647058
0 0.7908496732026145 0.3082107843137255 0.022875816993464054 0.013480392156862746
0 0.7883986928104575 0.321078431372549 0.01797385620915033 0.012254901960784314
0 0.798202614379085 0.32659313725490197 0.011437908496732027 0.011029411764705881
0 0.8088235294117647 0.3235294117647059 0.016339869281045753 0.014705882352941176
0 0.7745098039215687 0.3370098039215686 0.013071895424836602 0.012254901960784314
0 0.7687908496732027 0.3560049019607843 0.024509803921568627 0.023284313725490197
0 0.7941176470588236 0.35049019607843135 0.029411764705882353 0.03676470588235294
0 0.8161764705882353 0.34987745098039214 0.014705882352941176 0.01838235294117647
0 0.8308823529411765 0.3425245098039216 0.014705882352941176 0.015931372549019607
0 0.8276143790849674 0.36703431372549017 0.014705882352941176 0.01838235294117647
0 0.8071895424836601 0.3707107843137255 0.016339869281045753 0.01838235294117647
0 0.7598039215686275 0.36703431372549017 0.013071895424836602 0.015931372549019607
0 0.7704248366013072 0.37683823529411764 0.014705882352941176 0.015931372549019607
0 0.755718954248366 0.38480392156862747 0.014705882352941176 0.01715686274509804
0 0.7565359477124183 0.3988970588235294 0.016339869281045753 0.011029411764705881
0 0.7532679738562091 0.41237745098039214 0.013071895424836602 0.015931372549019607
0 0.7671568627450981 0.4074754901960784 0.014705882352941176 0.015931372549019607
0 0.7696078431372549 0.42463235294117646 0.016339869281045753 0.015931372549019607
0 0.7973856209150327 0.38480392156862747 0.013071895424836602 0.014705882352941176
0 0.8031045751633987 0.39705882352941174 0.014705882352941176 0.022058823529411763
0 0.7933006535947713 0.40931372549019607 0.014705882352941176 0.014705882352941176
0 0.9803921568627452 0.31433823529411764 0.0196078431372549 0.030637254901960783
0 0.994281045751634 0.3235294117647059 0.011437908496732027 0.022058823529411763
0 0.9910130718954249 0.38480392156862747 0.014705882352941176 0.0196078431372549
0 0.7655228758169935 0.5 0.01797385620915033 0.0196078431372549
0 0.7663398692810458 0.5214460784313726 0.022875816993464054 0.020833333333333332
0 0.7900326797385621 0.5502450980392157 0.01797385620915033 0.024509803921568627
0 0.7794117647058824 0.5631127450980392 0.022875816993464054 0.01838235294117647
0 0.7663398692810458 0.5735294117647058 0.016339869281045753 0.014705882352941176
0 0.803921568627451 0.5723039215686274 0.022875816993464054 0.01715686274509804
0 0.8080065359477124 0.5931372549019608 0.014705882352941176 0.0196078431372549
0 0.7745098039215687 0.5912990196078431 0.0196078431372549 0.020833333333333332
0 0.792483660130719 0.6029411764705882 0.029411764705882353 0.03676470588235294
0 0.7720588235294118 0.6170343137254902 0.014705882352941176 0.015931372549019607
0 0.792483660130719 0.6231617647058824 0.026143790849673203 0.011029411764705881
0 0.7728758169934641 0.6317401960784313 0.006535947712418301 0.011029411764705881
0 0.7843137254901961 0.6366421568627451 0.013071895424836602 0.013480392156862746
0 0.7965686274509804 0.6458333333333334 0.021241830065359478 0.022058823529411763
0 0.7769607843137255 0.6574754901960784 0.021241830065359478 0.023284313725490197
0 0.8014705882352942 0.6605392156862745 0.014705882352941176 0.01715686274509804
0 0.7736928104575164 0.6764705882352942 0.01797385620915033 0.01715686274509804
0 0.7900326797385621 0.6770833333333334 0.014705882352941176 0.015931372549019607
0 0.7851307189542484 0.6930147058823529 0.01797385620915033 0.013480392156862746
0 0.7712418300653595 0.7022058823529411 0.0196078431372549 0.024509803921568627
0 0.7933006535947713 0.7132352941176471 0.014705882352941176 0.01715686274509804
0 0.7753267973856209 0.7310049019607843 0.014705882352941176 0.01838235294117647
0 0.7916666666666667 0.7316176470588235 0.021241830065359478 0.0196078431372549
0 0.7687908496732027 0.7512254901960784 0.014705882352941176 0.0196078431372549
0 0.7843137254901961 0.7524509803921569 0.013071895424836602 0.014705882352941176
0 0.7998366013071896 0.7549019607843137 0.01797385620915033 0.024509803921568627
0 0.7508169934640523 0.7616421568627451 0.011437908496732027 0.015931372549019607
0 0.7859477124183006 0.767156862745098 0.016339869281045753 0.012254901960784314
0 0.7736928104575164 0.7745098039215687 0.011437908496732027 0.014705882352941176
0 0.7589869281045751 0.7806372549019608 0.014705882352941176 0.0196078431372549
0 0.7475490196078431 0.7904411764705882 0.011437908496732027 0.01715686274509804
0 0.7900326797385621 0.7794117647058824 0.01797385620915033 0.007352941176470588
0 0.8022875816993464 0.7965686274509803 0.022875816993464054 0.031862745098039214
0 0.7769607843137255 0.7996323529411764 0.024509803921568627 0.03308823529411765
0 0.7589869281045751 0.798406862745098 0.008169934640522876 0.013480392156862746
0 0.755718954248366 0.8112745098039216 0.01797385620915033 0.00980392156862745
0 0.7410130718954249 0.8075980392156863 0.01797385620915033 0.01715686274509804
0 0.7230392156862745 0.821078431372549 0.014705882352941176 0.01715686274509804
0 0.7401960784313726 0.8229166666666666 0.0196078431372549 0.013480392156862746
0 0.7426470588235294 0.8339460784313726 0.011437908496732027 0.006127450980392157
0 0.7598039215686275 0.8278186274509803 0.0196078431372549 0.020833333333333332
0 0.7826797385620915 0.8308823529411764 0.029411764705882353 0.02696078431372549
0 0.7508169934640523 0.8425245098039216 0.03104575163398693 0.00857843137254902
0 0.7426470588235294 0.8529411764705882 0.014705882352941176 0.014705882352941176
0 0.7393790849673203 0.8658088235294118 0.011437908496732027 0.011029411764705881
0 0.7254901960784313 0.8553921568627451 0.013071895424836602 0.014705882352941176
0 0.7312091503267975 0.8713235294117647 0.011437908496732027 0.014705882352941176
0 0.7165032679738562 0.8694852941176471 0.014705882352941176 0.01838235294117647
0 0.7761437908496732 0.8529411764705882 0.0196078431372549 0.0196078431372549
0 0.7222222222222222 0.8841911764705882 0.016339869281045753 0.011029411764705881
0 0.7532679738562091 0.8897058823529411 0.00980392156862745 0.00980392156862745
0 0.7450980392156863 0.8939950980392156 0.00980392156862745 0.011029411764705881
0 0.7410130718954249 0.8817401960784313 0.014705882352941176 0.015931372549019607
0 0.7663398692810458 0.8890931372549019 0.016339869281045753 0.020833333333333332
0 0.7589869281045751 0.8651960784313726 0.03104575163398693 0.031862745098039214
0 0.7965686274509804 0.8560049019607843 0.021241830065359478 0.030637254901960783
0 0.8120915032679739 0.8676470588235294 0.029411764705882353 0.031862745098039214
0 0.7818627450980392 0.8774509803921569 0.024509803921568627 0.024509803921568627
0 0.7875816993464052 0.8988970588235294 0.026143790849673203 0.030637254901960783
0 0.8063725490196079 0.8970588235294118 0.014705882352941176 0.022058823529411763
0 0.7263071895424836 0.8988970588235294 0.014705882352941176 0.013480392156862746
0 0.738562091503268 0.9099264705882353 0.013071895424836602 0.013480392156862746
0 0.7630718954248367 0.9111519607843137 0.032679738562091505 0.025735294117647058
0 0.7508169934640523 0.9252450980392156 0.021241830065359478 0.0196078431372549
0 0.7712418300653595 0.9270833333333334 0.016339869281045753 0.013480392156862746
0 0.792483660130719 0.923406862745098 0.026143790849673203 0.015931372549019607
0 0.7401960784313726 0.9350490196078431 0.013071895424836602 0.014705882352941176
0 0.7720588235294118 0.9301470588235294 0.011437908496732027 0.00980392156862745
0 0.7663398692810458 0.9411764705882353 0.013071895424836602 0.014705882352941176
0 0.7475490196078431 0.9509803921568627 0.024509803921568627 0.022058823529411763
0 0.7606209150326798 0.9607843137254902 0.011437908496732027 0.01715686274509804
0 0.7810457516339869 0.9528186274509803 0.026143790849673203 0.03553921568627451
0 0.803921568627451 0.9466911764705882 0.026143790849673203 0.028186274509803922
0 0.8014705882352942 0.9656862745098039 0.024509803921568627 0.012254901960784314
0 0.7516339869281046 0.9803921568627451 0.013071895424836602 0.014705882352941176
0 0.7630718954248367 0.9797794117647058 0.00980392156862745 0.013480392156862746
0 0.7704248366013072 0.9724264705882353 0.011437908496732027 0.013480392156862746
0 0.7761437908496732 0.9797794117647058 0.013071895424836602 0.013480392156862746
0 0.7965686274509804 0.9883578431372549 0.014705882352941176 0.015931372549019607
0 0.7785947712418301 0.9963235294117647 0.014705882352941176 0.007352941176470588
0 0.6625816993464052 0.9246323529411764 0.024509803921568627 0.013480392156862746
0 0.684640522875817 0.9442401960784313 0.022875816993464054 0.00857843137254902
0 0.6511437908496732 0.9662990196078431 0.014705882352941176 0.015931372549019607
0 0.6691176470588236 0.9632352941176471 0.011437908496732027 0.014705882352941176
0 0.6879084967320261 0.9669117647058824 0.0196078431372549 0.01715686274509804
0 0.6781045751633987 0.9877450980392156 0.032679738562091505 0.024509803921568627
0 0.40604575163398693 0.9662990196078431 0.01797385620915033 0.01838235294117647
0 0.5253267973856209 0.49816176470588236 0.024509803921568627 0.011029411764705881
0 0.9877450980392157 0.7732843137254902 0.01797385620915033 0.022058823529411763
0 0.9795751633986929 0.9430147058823529 0.01797385620915033 0.025735294117647058
0 0.9926470588235294 0.9491421568627451 0.011437908496732027 0.015931372549019607
0 0.9656862745098039 0.9571078431372549 0.016339869281045753 0.01715686274509804
0 0.9501633986928105 0.9650735294117647 0.014705882352941176 0.01838235294117647
0 0.9779411764705883 0.9718137254901961 0.024509803921568627 0.0196078431372549
0 0.9599673202614379 0.9803921568627451 0.014705882352941176 0.0196078431372549
0 0.9705882352941176 0.9932598039215687 0.026143790849673203 0.013480392156862746
