0 0.4025735294117647 0.9599673202614379 0.030637254901960783 0.021241830065359478
0 0.49693627450980393 0.9223856209150327 0.030637254901960783 0.02777777777777778
0 0.8278186274509803 0.9746732026143791 0.030637254901960783 0.024509803921568627
0 0.9307598039215687 0.9779411764705883 0.028186274509803922 0.02777777777777778
0 0.2107843137254902 0.9501633986928105 0.02696078431372549 0.021241830065359478
0 0.05821078431372549 0.9477124183006537 0.030637254901960783 0.022875816993464054
0 0.052083333333333336 0.9166666666666667 0.030637254901960783 0.022875816993464054
0 0.4644607843137255 0.678921568627451 0.031862745098039214 0.02777777777777778
0 0.18259803921568626 0.5400326797385621 0.02696078431372549 0.03431372549019608
0 0.8946078431372549 0.6511437908496732 0.031862745098039214 0.02777777777777778
0 0.9810049019607843 0.5866013071895425 0.025735294117647058 0.032679738562091505
0 0.9564950980392156 0.5857843137254902 0.030637254901960783 0.03431372549019608
0 0.9632352941176471 0.5473856209150327 0.029411764705882353 0.03594771241830066
0 0.8412990196078431 0.5163398692810458 0.03308823529411765 0.029411764705882353
0 0.8829656862745098 0.06699346405228758 0.03553921568627451 0.032679738562091505
