0 0.9714052287581699 0.5704656862745098 0.03104575163398693 0.030637254901960783
0 0.9183006535947713 0.6574754901960784 0.029411764705882353 0.03308823529411765
0 0.9468954248366014 0.6691176470588235 0.02777777777777778 0.02696078431372549
0 0.9632352941176471 0.7150735294117647 0.02777777777777778 0.028186274509803922
0 0.9207516339869282 0.7824754901960784 0.03104575163398693 0.03308823529411765
0 0.9722222222222222 0.7493872549019608 0.022875816993464054 0.030637254901960783
0 0.9910130718954249 0.7561274509803921 0.01797385620915033 0.031862745098039214
0 0.9730392156862745 0.8033088235294118 0.04084967320261438 0.023284313725490197
0 0.9812091503267975 0.8363970588235294 0.02777777777777778 0.028186274509803922
0 0.9901960784313726 0.8547794117647058 0.0196078431372549 0.030637254901960783
