0 0.06699346405228758 0.015318627450980392 0.032679738562091505 0.028186274509803922
0 0.04084967320261438 0.016544117647058824 0.0392156862745098 0.01838235294117647
0 0.07924836601307189 0.052083333333333336 0.04084967320261438 0.04534313725490196
0 0.049019607843137254 0.04350490196078431 0.03594771241830066 0.03553921568627451
0 0.031862745098039214 0.037377450980392156 0.01797385620915033 0.025735294117647058
0 0.04084967320261438 0.07352941176470588 0.022875816993464054 0.024509803921568627
0 0.03022875816993464 0.08946078431372549 0.021241830065359478 0.0196078431372549
0 0.035130718954248366 0.10784313725490197 0.03758169934640523 0.029411764705882353
0 0.12745098039215685 0.0545343137254902 0.06209150326797386 0.030637254901960783
0 0.15441176470588236 0.07352941176470588 0.05392156862745098 0.022058823529411763
0 0.11519607843137256 0.0741421568627451 0.02777777777777778 0.01838235294117647
0 0.12663398692810457 0.08762254901960784 0.03104575163398693 0.013480392156862746
0 0.13725490196078433 0.10232843137254902 0.0392156862745098 0.04044117647058824
0 0.1707516339869281 0.11764705882352941 0.04084967320261438 0.049019607843137254
0 0.07679738562091504 0.12438725490196079 0.049019607843137254 0.03799019607843137
0 0.09967320261437909 0.13909313725490197 0.03594771241830066 0.03308823529411765
0 0.1388888888888889 0.13848039215686275 0.049019607843137254 0.024509803921568627
0 0.15604575163398693 0.1605392156862745 0.024509803921568627 0.024509803921568627
0 0.12908496732026145 0.15931372549019607 0.029411764705882353 0.024509803921568627
0 0.10784313725490197 0.17463235294117646 0.03594771241830066 0.0428921568627451
0 0.1650326797385621 0.20036764705882354 0.042483660130718956 0.04779411764705882
0 0.184640522875817 0.24877450980392157 0.0392156862745098 0.04656862745098039
0 0.13643790849673204 0.2107843137254902 0.04084967320261438 0.041666666666666664
0 0.08741830065359478 0.19117647058823528 0.024509803921568627 0.02696078431372549
0 0.06045751633986928 0.1948529411764706 0.032679738562091505 0.03431372549019608
0 0.032679738562091505 0.18566176470588236 0.022875816993464054 0.01838235294117647
0 0.05147058823529412 0.2181372549019608 0.03431372549019608 0.0196078431372549
0 0.07679738562091504 0.2181372549019608 0.032679738562091505 0.0196078431372549
0 0.09722222222222222 0.23039215686274508 0.04084967320261438 0.044117647058823525
0 0.11437908496732027 0.2549019607843137 0.022875816993464054 0.02696078431372549
0 0.12418300653594772 0.2340686274509804 0.0196078431372549 0.024509803921568627
0 0.1527777777777778 0.25612745098039214 0.04411764705882353 0.04656862745098039
0 0.1911764705882353 0.2824754901960784 0.026143790849673203 0.025735294117647058
0 0.17401960784313725 0.27941176470588236 0.01797385620915033 0.022058823529411763
0 0.1707516339869281 0.3008578431372549 0.021241830065359478 0.023284313725490197
0 0.1568627450980392 0.29044117647058826 0.0196078431372549 0.022058823529411763
0 0.13970588235294118 0.3002450980392157 0.024509803921568627 0.0196078431372549
0 0.13643790849673204 0.27450980392156865 0.03104575163398693 0.03676470588235294
0 0.09395424836601307 0.258578431372549 0.021241830065359478 0.022058823529411763
0 0.06045751633986928 0.23713235294117646 0.042483660130718956 0.023284313725490197
0 0.06862745098039216 0.25245098039215685 0.029411764705882353 0.01715686274509804
0 0.07598039215686275 0.28370098039215685 0.04411764705882353 0.05269607843137255
0 0.11356209150326797 0.28860294117647056 0.03431372549019608 0.04044117647058824
0 0.1053921568627451 0.31066176470588236 0.03431372549019608 0.030637254901960783
0 0.05392156862745098 0.26715686274509803 0.022875816993464054 0.02696078431372549
0 0.012254901960784314 0.25306372549019607 0.021241830065359478 0.020833333333333332
0 0.03431372549019608 0.2536764705882353 0.026143790849673203 0.01715686274509804
0 0.025326797385620915 0.27450980392156865 0.04738562091503268 0.024509803921568627
0 0.03022875816993464 0.28860294117647056 0.02777777777777778 0.023284313725490197
0 0.040032679738562095 0.29963235294117646 0.03104575163398693 0.028186274509803922
0 0.05147058823529412 0.3112745098039216 0.021241830065359478 0.022058823529411763
0 0.07352941176470588 0.32230392156862747 0.029411764705882353 0.024509803921568627
0 0.09722222222222222 0.34191176470588236 0.024509803921568627 0.02696078431372549
0 0.12418300653594772 0.33762254901960786 0.03594771241830066 0.020833333333333332
0 0.07026143790849673 0.37683823529411764 0.022875816993464054 0.030637254901960783
0 0.05147058823529412 0.38112745098039214 0.024509803921568627 0.02696078431372549
0 0.02042483660130719 0.3829656862745098 0.021241830065359478 0.023284313725490197
0 0.056372549019607844 0.4056372549019608 0.02777777777777778 0.02696078431372549
0 0.10702614379084968 0.4650735294117647 0.04411764705882353 0.04534313725490196
0 0.06290849673202614 0.4810049019607843 0.024509803921568627 0.025735294117647058
0 0.03676470588235294 0.4926470588235294 0.02777777777777778 0.01715686274509804
0 0.05228758169934641 0.5189950980392157 0.03594771241830066 0.03799019607843137
0 0.029411764705882353 0.5110294117647058 0.0196078431372549 0.02696078431372549
0 0.02369281045751634 0.5520833333333334 0.03431372549019608 0.04779411764705882
0 0.05392156862745098 0.5649509803921569 0.03594771241830066 0.05392156862745098
0 0.07352941176470588 0.548406862745098 0.026143790849673203 0.025735294117647058
0 0.026143790849673203 0.5833333333333334 0.029411764705882353 0.024509803921568627
0 0.22140522875816995 0.5159313725490196 0.02777777777777778 0.0392156862745098
0 0.23202614379084968 0.5962009803921569 0.05228758169934641 0.04779411764705882
0 0.13970588235294118 0.8376225490196079 0.03431372549019608 0.04534313725490196
0 0.11437908496732027 0.8504901960784313 0.0196078431372549 0.024509803921568627
0 0.16094771241830066 0.8584558823529411 0.02777777777777778 0.030637254901960783
0 0.17647058823529413 0.8903186274509803 0.049019607843137254 0.05024509803921569
0 0.2173202614379085 0.9093137254901961 0.022875816993464054 0.029411764705882353
0 0.19035947712418302 0.9221813725490196 0.03758169934640523 0.0428921568627451
0 0.19526143790849673 0.9454656862745098 0.03104575163398693 0.01838235294117647
0 0.19281045751633988 0.9681372549019608 0.0392156862745098 0.03676470588235294
0 0.16339869281045752 0.9417892156862745 0.042483660130718956 0.05514705882352941
0 0.12908496732026145 0.9454656862745098 0.032679738562091505 0.04044117647058824
0 0.10049019607843138 0.9430147058823529 0.03431372549019608 0.04044117647058824
0 0.12418300653594772 0.9068627450980392 0.0392156862745098 0.0392156862745098
0 0.14460784313725492 0.8768382352941176 0.03104575163398693 0.04044117647058824
0 0.11846405228758171 0.8811274509803921 0.02777777777777778 0.031862745098039214
