0 0.7581699346405228 0.5606617647058824 0.016339869281045753 0.01838235294117647
0 0.7483660130718954 0.5667892156862745 0.013071895424836602 0.013480392156862746
0 0.7393790849673203 0.579656862745098 0.01797385620915033 0.022058823529411763
0 0.7279411764705882 0.5998774509803921 0.024509803921568627 0.028186274509803922
0 0.7491830065359477 0.6102941176470588 0.021241830065359478 0.02696078431372549
0 0.7361111111111112 0.6286764705882353 0.024509803921568627 0.024509803921568627
0 0.755718954248366 0.579656862745098 0.014705882352941176 0.01715686274509804
0 0.7704248366013072 0.5741421568627451 0.014705882352941176 0.015931372549019607
0 0.7745098039215687 0.5876225490196079 0.0196078431372549 0.00857843137254902
0 0.763888888888889 0.5980392156862745 0.01797385620915033 0.00980392156862745
0 0.7802287581699346 0.5992647058823529 0.011437908496732027 0.014705882352941176
0 0.7745098039215687 0.6133578431372549 0.032679738562091505 0.020833333333333332
0 0.7777777777777778 0.6286764705882353 0.0196078431372549 0.012254901960784314
0 0.7589869281045751 0.6311274509803921 0.021241830065359478 0.01715686274509804
0 0.744281045751634 0.6439950980392157 0.014705882352941176 0.013480392156862746
0 0.7532679738562091 0.6507352941176471 0.016339869281045753 0.0196078431372549
0 0.763888888888889 0.6568627450980392 0.014705882352941176 0.01715686274509804
