0 0.9011437908496732 0.4632352941176471 0.03758169934640523 0.044117647058823525
0 0.630718954248366 0.45955882352941174 0.026143790849673203 0.03431372549019608
0 0.7965686274509804 0.3278186274509804 0.06045751633986928 0.04534313725490196
0 0.8962418300653595 0.32169117647058826 0.03758169934640523 0.0428921568627451
0 0.8627450980392157 0.2922794117647059 0.03594771241830066 0.03799019607843137
0 0.7957516339869282 0.25735294117647056 0.0392156862745098 0.024509803921568627
0 0.8496732026143791 0.2702205882352941 0.022875816993464054 0.025735294117647058
0 0.8611111111111112 0.25183823529411764 0.022875816993464054 0.025735294117647058
0 0.8415032679738562 0.1881127450980392 0.029411764705882353 0.030637254901960783
0 0.9003267973856209 0.0428921568627451 0.026143790849673203 0.02696078431372549
0 0.9248366013071896 0.03431372549019608 0.022875816993464054 0.029411764705882353
0 0.9052287581699346 0.01715686274509804 0.0392156862745098 0.031862745098039214
