0 0.9050245098039216 0.16666666666666669 0.025735294117647058 0.0196078431372549
0 0.8817401960784313 0.18055555555555555 0.030637254901960783 0.02777777777777778
0 0.21629901960784315 0.5065359477124183 0.030637254901960783 0.029411764705882353
0 0.09497549019607843 0.8022875816993464 0.03308823529411765 0.032679738562091505
0 0.034926470588235295 0.8504901960784313 0.025735294117647058 0.024509803921568627
0 0.3112745098039216 0.8562091503267975 0.03431372549019608 0.029411764705882353
0 0.5343137254901961 0.8366013071895425 0.029411764705882353 0.022875816993464054
0 0.034926470588235295 0.8758169934640523 0.025735294117647058 0.016339869281045753
0 0.0508578431372549 0.8856209150326798 0.023284313725490197 0.022875816993464054
0 0.03308823529411765 0.8937908496732027 0.029411764705882353 0.026143790849673203
0 0.4895833333333333 0.8913398692810458 0.028186274509803922 0.021241830065359478
0 0.5367647058823529 0.8946078431372549 0.02696078431372549 0.021241830065359478
0 0.5888480392156863 0.8929738562091504 0.025735294117647058 0.02777777777777778
0 0.6587009803921569 0.8349673202614379 0.025735294117647058 0.022875816993464054
0 0.6905637254901961 0.8447712418300654 0.030637254901960783 0.022875816993464054
0 0.7297794117647058 0.8545751633986929 0.028186274509803922 0.022875816993464054
0 0.7040441176470588 0.8970588235294118 0.028186274509803922 0.026143790849673203
0 0.6752450980392157 0.8864379084967321 0.029411764705882353 0.024509803921568627
0 0.6666666666666666 0.8562091503267975 0.024509803921568627 0.022875816993464054
0 0.8468137254901961 0.8545751633986929 0.02696078431372549 0.026143790849673203
0 0.8731617647058824 0.8537581699346406 0.028186274509803922 0.024509803921568627
0 0.8682598039215687 0.8946078431372549 0.03308823529411765 0.03104575163398693
0 0.9375 0.9101307189542484 0.031862745098039214 0.022875816993464054
0 0.9840686274509803 0.9060457516339869 0.024509803921568627 0.02777777777777778
0 0.977328431372549 0.9379084967320261 0.030637254901960783 0.026143790849673203
0 0.9436274509803921 0.9321895424836601 0.02696078431372549 0.01797385620915033
0 0.9117647058823529 0.9379084967320261 0.031862745098039214 0.022875816993464054
