0 0.22549019607843138 0.013480392156862746 0.03594771241830066 0.022058823529411763
0 0.1985294117647059 0.024509803921568627 0.04738562091503268 0.022058823529411763
0 0.16993464052287582 0.02696078431372549 0.022875816993464054 0.024509803921568627
0 0.15441176470588236 0.03676470588235294 0.014705882352941176 0.01715686274509804
0 0.15114379084967322 0.022058823529411763 0.024509803921568627 0.00980392156862745
0 0.1576797385620915 0.010416666666666666 0.021241830065359478 0.013480392156862746
0 0.13480392156862744 0.00980392156862745 0.024509803921568627 0.01715686274509804
0 0.11764705882352941 0.012254901960784314 0.022875816993464054 0.022058823529411763
0 0.16258169934640523 0.05821078431372549 0.01797385620915033 0.020833333333333332
0 0.16911764705882354 0.04840686274509804 0.021241830065359478 0.01838235294117647
0 0.22058823529411764 0.04534313725490196 0.0196078431372549 0.01715686274509804
0 0.22875816993464054 0.07169117647058823 0.029411764705882353 0.028186274509803922
0 0.21405228758169936 0.058823529411764705 0.0196078431372549 0.022058823529411763
0 0.2034313725490196 0.041666666666666664 0.021241830065359478 0.01715686274509804
0 0.19362745098039216 0.06066176470588235 0.024509803921568627 0.03308823529411765
0 0.17401960784313725 0.06556372549019608 0.014705882352941176 0.015931372549019607
0 0.1895424836601307 0.0392156862745098 0.026143790849673203 0.012254901960784314
0 0.19281045751633988 0.08455882352941177 0.013071895424836602 0.012254901960784314
0 0.18137254901960784 0.08700980392156862 0.016339869281045753 0.01715686274509804
0 0.03676470588235294 0.007965686274509803 0.014705882352941176 0.013480392156862746
0 0.05555555555555556 0.02144607843137255 0.022875816993464054 0.013480392156862746
0 0.05065359477124183 0.04534313725490196 0.029411764705882353 0.03431372549019608
0 0.03594771241830066 0.032475490196078434 0.029411764705882353 0.03308823529411765
0 0.018790849673202614 0.02144607843137255 0.02777777777777778 0.030637254901960783
0 0.029411764705882353 0.056372549019607844 0.026143790849673203 0.01715686274509804
0 0.031862745098039214 0.07720588235294118 0.024509803921568627 0.022058823529411763
0 0.04820261437908497 0.08272058823529412 0.01797385620915033 0.01838235294117647
0 0.014705882352941176 0.10049019607843138 0.026143790849673203 0.031862745098039214
0 0.03676470588235294 0.1053921568627451 0.021241830065359478 0.022058823529411763
0 0.05310457516339869 0.11397058823529412 0.024509803921568627 0.02696078431372549
0 0.03758169934640523 0.11887254901960784 0.016339869281045753 0.012254901960784314
0 0.0196078431372549 0.12622549019607843 0.0196078431372549 0.0196078431372549
0 0.008169934640522876 0.13051470588235295 0.013071895424836602 0.023284313725490197
0 0.011437908496732027 0.1556372549019608 0.0196078431372549 0.029411764705882353
0 0.024509803921568627 0.1409313725490196 0.016339869281045753 0.014705882352941176
0 0.03758169934640523 0.13480392156862744 0.0196078431372549 0.024509803921568627
0 0.04493464052287582 0.517156862745098 0.02777777777777778 0.029411764705882353
0 0.07679738562091504 0.8167892156862745 0.026143790849673203 0.015931372549019607
0 0.09722222222222222 0.821078431372549 0.021241830065359478 0.01715686274509804
0 0.08088235294117647 0.8431372549019608 0.021241830065359478 0.02696078431372549
