0 0.5825163398692811 0.05269607843137255 0.02777777777777778 0.03431372549019608
0 0.5833333333333334 0.08272058823529412 0.05228758169934641 0.030637254901960783
0 0.5980392156862745 0.1090686274509804 0.026143790849673203 0.024509803921568627
0 0.565359477124183 0.11519607843137254 0.016339869281045753 0.0196078431372549
0 0.6683006535947713 0.11519607843137254 0.0392156862745098 0.04656862745098039
0 0.5882352941176471 0.13848039215686275 0.03594771241830066 0.03431372549019608
0 0.6094771241830066 0.15502450980392157 0.032679738562091505 0.03799019607843137
0 0.5825163398692811 0.16544117647058823 0.01797385620915033 0.01715686274509804
0 0.5980392156862745 0.1948529411764706 0.026143790849673203 0.03431372549019608
0 0.5980392156862745 0.23590686274509803 0.0392156862745098 0.04534313725490196
0 0.6176470588235294 0.17892156862745098 0.0196078431372549 0.031862745098039214
0 0.6633986928104575 0.16299019607843138 0.0392156862745098 0.044117647058823525
0 0.6462418300653595 0.1917892156862745 0.03758169934640523 0.04779411764705882
0 0.6601307189542484 0.23651960784313725 0.03594771241830066 0.044117647058823525
0 0.6821895424836601 0.23223039215686275 0.024509803921568627 0.023284313725490197
0 0.6862745098039216 0.21875 0.0196078431372549 0.020833333333333332
0 0.6274509803921569 0.2426470588235294 0.03594771241830066 0.03676470588235294
0 0.5996732026143791 0.28370098039215685 0.022875816993464054 0.03553921568627451
0 0.6258169934640523 0.2806372549019608 0.026143790849673203 0.0392156862745098
0 0.6593137254901961 0.2800245098039216 0.03758169934640523 0.04044117647058824
0 0.6527777777777778 0.32230392156862747 0.04084967320261438 0.04656862745098039
0 0.6879084967320261 0.30330882352941174 0.026143790849673203 0.03553921568627451
