0 0.09885620915032681 0.007352941176470588 0.014705882352941176 0.012254901960784314
0 0.4893790849673203 0.00857843137254902 0.01797385620915033 0.014705882352941176
0 0.4869281045751634 0.029411764705882353 0.022875816993464054 0.02696078431372549
0 0.505718954248366 0.034926470588235295 0.021241830065359478 0.013480392156862746
0 0.5016339869281046 0.006740196078431373 0.00980392156862745 0.011029411764705881
0 0.5171568627450981 0.006740196078431373 0.01797385620915033 0.011029411764705881
0 0.5375816993464052 0.012254901960784314 0.029411764705882353 0.022058823529411763
0 0.5947712418300654 0.00980392156862745 0.016339869281045753 0.01715686274509804
0 0.5800653594771242 0.00857843137254902 0.013071895424836602 0.012254901960784314
0 0.4861111111111111 0.0545343137254902 0.02777777777777778 0.015931372549019607
0 0.5032679738562091 0.0508578431372549 0.0196078431372549 0.01838235294117647
0 0.5253267973856209 0.0428921568627451 0.02777777777777778 0.012254901960784314
0 0.5285947712418301 0.031862745098039214 0.01797385620915033 0.014705882352941176
0 0.5457516339869282 0.032475490196078434 0.0196078431372549 0.020833333333333332
0 0.5800653594771242 0.03982843137254902 0.029411764705882353 0.011029411764705881
0 0.579248366013072 0.024509803921568627 0.01797385620915033 0.022058823529411763
0 0.5571895424836601 0.02389705882352941 0.00980392156862745 0.013480392156862746
0 0.5964052287581699 0.031862745098039214 0.016339869281045753 0.014705882352941176
0 0.5964052287581699 0.04656862745098039 0.029411764705882353 0.014705882352941176
0 0.5261437908496732 0.05392156862745098 0.022875816993464054 0.012254901960784314
0 0.47794117647058826 0.07598039215686274 0.03104575163398693 0.03676470588235294
0 0.5089869281045751 0.06862745098039216 0.04084967320261438 0.01715686274509804
0 0.4150326797385621 0.0741421568627451 0.032679738562091505 0.01838235294117647
0 0.4019607843137255 0.08455882352941177 0.016339869281045753 0.014705882352941176
0 0.4166666666666667 0.09436274509803921 0.0196078431372549 0.022058823529411763
0 0.4035947712418301 0.11213235294117647 0.029411764705882353 0.03553921568627451
0 0.4207516339869281 0.15379901960784315 0.02777777777777778 0.03308823529411765
0 0.5498366013071896 0.06066176470588235 0.03104575163398693 0.023284313725490197
0 0.5302287581699346 0.06678921568627451 0.011437908496732027 0.00857843137254902
0 0.5784313725490197 0.05269607843137255 0.013071895424836602 0.012254901960784314
0 0.5915032679738562 0.06004901960784314 0.0196078431372549 0.014705882352941176
0 0.5686274509803921 0.06678921568627451 0.0196078431372549 0.015931372549019607
0 0.5416666666666666 0.07720588235294118 0.024509803921568627 0.012254901960784314
0 0.5040849673202614 0.08946078431372549 0.01797385620915033 0.0196078431372549
0 0.5220588235294118 0.09558823529411764 0.011437908496732027 0.014705882352941176
0 0.5392156862745098 0.08762254901960784 0.03594771241830066 0.013480392156862746
0 0.5661764705882353 0.0821078431372549 0.01797385620915033 0.0196078431372549
0 0.5841503267973857 0.07536764705882353 0.021241830065359478 0.015931372549019607
0 0.5784313725490197 0.09191176470588235 0.0196078431372549 0.0196078431372549
0 0.5947712418300654 0.09375 0.016339869281045753 0.020833333333333332
0 0.48284313725490197 0.09926470588235294 0.03104575163398693 0.01715686274509804
0 0.45179738562091504 0.08517156862745098 0.021241830065359478 0.011029411764705881
0 0.4550653594771242 0.1017156862745098 0.024509803921568627 0.024509803921568627
0 0.4297385620915033 0.1213235294117647 0.029411764705882353 0.02696078431372549
0 0.4444444444444445 0.11580882352941177 0.013071895424836602 0.015931372549019607
0 0.43709150326797386 0.13786764705882354 0.01797385620915033 0.011029411764705881
0 0.44526143790849676 0.14705882352941177 0.024509803921568627 0.01715686274509804
0 0.4550653594771242 0.12806372549019607 0.021241830065359478 0.025735294117647058
0 0.47385620915032683 0.125 0.022875816993464054 0.01715686274509804
0 0.4754901960784314 0.11029411764705882 0.022875816993464054 0.014705882352941176
0 0.5008169934640523 0.11825980392156862 0.01797385620915033 0.023284313725490197
0 0.5294117647058824 0.10600490196078431 0.032679738562091505 0.01838235294117647
0 0.5702614379084967 0.1090686274509804 0.04575163398692811 0.022058823529411763
0 0.5955882352941176 0.11948529411764705 0.03104575163398693 0.023284313725490197
0 0.5498366013071896 0.12193627450980392 0.04411764705882353 0.020833333333333332
0 0.5261437908496732 0.13419117647058823 0.032679738562091505 0.03553921568627451
0 0.5498366013071896 0.14338235294117646 0.01797385620915033 0.024509803921568627
0 0.5645424836601307 0.14399509803921567 0.021241830065359478 0.01838235294117647
0 0.5678104575163399 0.16115196078431374 0.014705882352941176 0.015931372549019607
0 0.5375816993464052 0.16911764705882354 0.05228758169934641 0.03431372549019608
0 0.46895424836601307 0.13848039215686275 0.022875816993464054 0.012254901960784314
0 0.4869281045751634 0.13786764705882354 0.013071895424836602 0.020833333333333332
0 0.5040849673202614 0.14399509803921567 0.024509803921568627 0.030637254901960783
0 0.4714052287581699 0.15747549019607843 0.024509803921568627 0.025735294117647058
0 0.4877450980392157 0.15992647058823528 0.011437908496732027 0.01838235294117647
0 0.434640522875817 0.1715686274509804 0.016339869281045753 0.0196078431372549
0 0.4673202614379085 0.17830882352941177 0.05228758169934641 0.023284313725490197
0 0.5 0.19056372549019607 0.013071895424836602 0.01838235294117647
0 0.4428104575163399 0.1954656862745098 0.016339869281045753 0.020833333333333332
0 0.4281045751633987 0.18259803921568626 0.026143790849673203 0.01715686274509804
0 0.45996732026143794 0.20588235294117646 0.03104575163398693 0.03676470588235294
0 0.48284313725490197 0.19791666666666666 0.01797385620915033 0.023284313725490197
0 0.4428104575163399 0.23223039215686275 0.029411764705882353 0.020833333333333332
0 0.434640522875817 0.24142156862745098 0.022875816993464054 0.01715686274509804
0 0.4616013071895425 0.22794117647058823 0.021241830065359478 0.007352941176470588
0 0.48284313725490197 0.22549019607843138 0.014705882352941176 0.014705882352941176
0 0.46895424836601307 0.23590686274509803 0.026143790849673203 0.011029411764705881
0 0.4607843137254902 0.2469362745098039 0.026143790849673203 0.013480392156862746
0 0.4616013071895425 0.26286764705882354 0.04411764705882353 0.030637254901960783
0 0.4665032679738562 0.28431372549019607 0.024509803921568627 0.014705882352941176
0 0.48284313725490197 0.2555147058823529 0.014705882352941176 0.015931372549019607
0 0.763888888888889 0.22487745098039216 0.021241830065359478 0.01838235294117647
0 0.6127450980392157 0.321078431372549 0.026143790849673203 0.024509803921568627
0 0.7508169934640523 0.4534313725490196 0.021241830065359478 0.01715686274509804
0 0.9689542483660131 0.042279411764705885 0.013071895424836602 0.015931372549019607
0 0.9869281045751634 0.04779411764705882 0.0196078431372549 0.0196078431372549
