0 0.03676470588235294 0.4111519607843137 0.03758169934640523 0.030637254901960783
0 0.2785947712418301 0.5306372549019608 0.03758169934640523 0.029411764705882353
0 0.29248366013071897 0.006127450980392157 0.029411764705882353 0.00980392156862745
0 0.8782679738562091 0.3682598039215686 0.024509803921568627 0.030637254901960783
0 0.8897058823529412 0.3939950980392157 0.01797385620915033 0.025735294117647058
0 0.8464052287581699 0.44362745098039214 0.016339869281045753 0.022058823529411763
0 0.809640522875817 0.4528186274509804 0.03104575163398693 0.020833333333333332
0 0.8455882352941176 0.5018382352941176 0.01797385620915033 0.020833333333333332
0 0.863562091503268 0.5232843137254902 0.021241830065359478 0.02696078431372549
0 0.8586601307189543 0.6954656862745098 0.03104575163398693 0.03553921568627451
