0 0.08006535947712419 0.7598039215686274 0.029411764705882353 0.03431372549019608
0 0.809640522875817 0.37745098039215685 0.04084967320261438 0.03676470588235294
0 0.7279411764705882 0.06311274509803921 0.03758169934640523 0.03308823529411765
0 0.3300653594771242 0.23345588235294118 0.0392156862745098 0.030637254901960783
0 0.049836601307189546 0.46629901960784315 0.024509803921568627 0.025735294117647058
0 0.04493464052287582 0.446078431372549 0.03431372549019608 0.02696078431372549
0 0.06454248366013073 0.42953431372549017 0.03104575163398693 0.028186274509803922
0 0.04820261437908497 0.07659313725490197 0.03431372549019608 0.030637254901960783
0 0.06699346405228758 0.1556372549019608 0.026143790849673203 0.024509803921568627
0 0.12581699346405228 0.2034313725490196 0.0196078431372549 0.024509803921568627
0 0.10866013071895425 0.20220588235294118 0.021241830065359478 0.024509803921568627
0 0.08496732026143791 0.20649509803921567 0.026143790849673203 0.028186274509803922
0 0.06944444444444445 0.19056372549019607 0.01797385620915033 0.028186274509803922
0 0.03104575163398693 0.3180147058823529 0.026143790849673203 0.025735294117647058
0 0.05392156862745098 0.3014705882352941 0.022875816993464054 0.02696078431372549
0 0.05228758169934641 0.2738970588235294 0.0196078431372549 0.023284313725490197
0 0.07516339869281045 0.25735294117647056 0.022875816993464054 0.024509803921568627
0 0.07107843137254902 0.2310049019607843 0.01797385620915033 0.025735294117647058
0 0.05310457516339869 0.2150735294117647 0.021241830065359478 0.023284313725490197
0 0.05473856209150327 0.2383578431372549 0.01797385620915033 0.025735294117647058
0 0.049836601307189546 0.2542892156862745 0.021241830065359478 0.020833333333333332
0 0.040032679738562095 0.23590686274509803 0.024509803921568627 0.023284313725490197
