0 0.4665032679738562 0.004901960784313725 0.01797385620915033 0.007352941176470588
0 0.5147058823529412 0.02696078431372549 0.026143790849673203 0.024509803921568627
0 0.5915032679738562 0.03799019607843137 0.026143790849673203 0.02696078431372549
0 0.613562091503268 0.058823529411764705 0.021241830065359478 0.02696078431372549
0 0.3937908496732026 0.1685049019607843 0.032679738562091505 0.023284313725490197
0 0.411764705882353 0.23284313725490197 0.022875816993464054 0.024509803921568627
0 0.25245098039215685 0.3713235294117647 0.03758169934640523 0.041666666666666664
0 0.22058823529411764 0.7886029411764706 0.026143790849673203 0.023284313725490197
0 0.3880718954248366 0.7267156862745098 0.024509803921568627 0.02696078431372549
0 0.2712418300653595 0.03431372549019608 0.03594771241830066 0.031862745098039214
0 0.7254901960784313 0.2493872549019608 0.022875816993464054 0.025735294117647058
0 0.5800653594771242 0.25245098039215685 0.026143790849673203 0.02696078431372549
0 0.5955882352941176 0.21752450980392157 0.024509803921568627 0.025735294117647058
0 0.6233660130718954 0.19669117647058823 0.021241830065359478 0.023284313725490197
0 0.6053921568627452 0.18137254901960784 0.021241830065359478 0.02696078431372549
0 0.5751633986928105 0.1685049019607843 0.026143790849673203 0.025735294117647058
0 0.5947712418300654 0.15931372549019607 0.016339869281045753 0.0196078431372549
0 0.6143790849673203 0.15318627450980393 0.016339869281045753 0.0196078431372549
0 0.9338235294117647 0.15808823529411764 0.024509803921568627 0.01715686274509804
