0 0.49101307189542487 0.07904411764705882 0.03104575163398693 0.028186274509803922
0 0.4575163398692811 0.02267156862745098 0.026143790849673203 0.03308823529411765
0 0.4877450980392157 0.010416666666666666 0.024509803921568627 0.01838235294117647
0 0.7622549019607844 0.0778186274509804 0.02777777777777778 0.028186274509803922
0 0.883169934640523 0.018995098039215685 0.03104575163398693 0.01838235294117647
0 0.8406862745098039 0.11580882352941177 0.02777777777777778 0.025735294117647058
0 0.8864379084967321 0.1482843137254902 0.03104575163398693 0.022058823529411763
0 0.8423202614379085 0.19730392156862744 0.03104575163398693 0.03431372549019608
0 0.8602941176470589 0.18443627450980393 0.01797385620915033 0.025735294117647058
0 0.8864379084967321 0.22242647058823528 0.024509803921568627 0.028186274509803922
0 0.8790849673202614 0.2493872549019608 0.022875816993464054 0.03308823529411765
0 0.8978758169934641 0.20465686274509803 0.01797385620915033 0.022058823529411763
0 0.875 0.1997549019607843 0.01797385620915033 0.024509803921568627
0 0.8815359477124183 0.3278186274509804 0.02777777777777778 0.030637254901960783
0 0.8733660130718954 0.4007352941176471 0.024509803921568627 0.02696078431372549
0 0.875 0.4221813725490196 0.021241830065359478 0.023284313725490197
0 0.883169934640523 0.5036764705882353 0.021241830065359478 0.02696078431372549
0 0.5767973856209151 0.5024509803921569 0.029411764705882353 0.02696078431372549
0 0.5702614379084967 0.5269607843137255 0.032679738562091505 0.02696078431372549
0 0.6405228758169935 0.5606617647058824 0.029411764705882353 0.025735294117647058
0 0.6495098039215687 0.5759803921568627 0.024509803921568627 0.022058823529411763
0 0.6642156862745098 0.585171568627451 0.024509803921568627 0.023284313725490197
0 0.6772875816993464 0.6004901960784313 0.03431372549019608 0.024509803921568627
0 0.6495098039215687 0.5974264705882353 0.02777777777777778 0.023284313725490197
0 0.3758169934640523 0.9166666666666666 0.029411764705882353 0.024509803921568627
0 0.7851307189542484 0.8535539215686274 0.024509803921568627 0.028186274509803922
0 0.7099673202614379 0.8939950980392156 0.024509803921568627 0.023284313725490197
0 0.7222222222222222 0.9178921568627451 0.022875816993464054 0.02696078431372549
0 0.698529411764706 0.9246323529411764 0.03104575163398693 0.03308823529411765
0 0.6446078431372549 0.9056372549019608 0.02777777777777778 0.02696078431372549
0 0.5751633986928105 0.8492647058823529 0.026143790849673203 0.022058823529411763
0 0.5302287581699346 0.8621323529411764 0.021241830065359478 0.020833333333333332
0 0.5334967320261438 0.8829656862745098 0.024509803921568627 0.020833333333333332
0 0.5645424836601307 0.8670343137254902 0.021241830065359478 0.025735294117647058
0 0.5277777777777778 0.9479166666666666 0.026143790849673203 0.028186274509803922
0 0.5506535947712419 0.9473039215686274 0.022875816993464054 0.031862745098039214
0 0.5326797385620915 0.9203431372549019 0.029411764705882353 0.031862745098039214
0 0.5514705882352942 0.9185049019607843 0.021241830065359478 0.023284313725490197
0 0.5718954248366013 0.923406862745098 0.029411764705882353 0.023284313725490197
0 0.565359477124183 0.9007352941176471 0.022875816993464054 0.0196078431372549
0 0.5531045751633987 0.8915441176470588 0.024509803921568627 0.023284313725490197
0 0.5841503267973857 0.9920343137254902 0.02777777777777778 0.015931372549019607
0 0.8594771241830066 0.21017156862745098 0.0196078431372549 0.025735294117647058
0 0.5367647058823529 0.8462009803921569 0.01797385620915033 0.011029411764705881
