0 0.9681372549019608 0.3995098039215686 0.02777777777777778 0.029411764705882353
0 0.6895424836601307 0.3829656862745098 0.032679738562091505 0.0428921568627451
0 0.36356209150326796 0.24142156862745098 0.04411764705882353 0.024509803921568627
0 0.16013071895424838 0.3161764705882353 0.04575163398692811 0.03676470588235294
0 0.7361111111111112 0.21997549019607843 0.01797385620915033 0.023284313725490197
0 0.6315359477124183 0.5674019607843137 0.02777777777777778 0.024509803921568627
0 0.7663398692810458 0.8118872549019608 0.0196078431372549 0.025735294117647058
0 0.755718954248366 0.9001225490196079 0.02777777777777778 0.03308823529411765
0 0.7933006535947713 0.9583333333333334 0.01797385620915033 0.02696078431372549
0 0.6102941176470589 0.9283088235294118 0.02777777777777778 0.030637254901960783
0 0.619281045751634 0.8412990196078431 0.0196078431372549 0.023284313725490197
0 0.4665032679738562 0.5968137254901961 0.01797385620915033 0.01715686274509804
0 0.3562091503267974 0.4797794117647059 0.026143790849673203 0.028186274509803922
0 0.21160130718954248 0.4417892156862745 0.02777777777777778 0.023284313725490197
0 0.09967320261437909 0.5140931372549019 0.032679738562091505 0.020833333333333332
0 0.26143790849673204 0.6182598039215687 0.029411764705882353 0.020833333333333332
0 0.08741830065359478 0.9160539215686274 0.021241830065359478 0.028186274509803922
0 0.883169934640523 0.00857843137254902 0.01797385620915033 0.014705882352941176
0 0.8962418300653595 0.6507352941176471 0.024509803921568627 0.014705882352941176
0 0.8815359477124183 0.8259803921568627 0.02777777777777778 0.031862745098039214
0 0.8962418300653595 0.8743872549019608 0.01797385620915033 0.015931372549019607
0 0.3741830065359477 0.9712009803921569 0.0196078431372549 0.011029411764705881
0 0.3186274509803922 0.9816176470588235 0.026143790849673203 0.014705882352941176
0 0.9526143790849674 0.875 0.022875816993464054 0.0196078431372549
0 0.6699346405228759 0.39215686274509803 0.013071895424836602 0.014705882352941176
0 0.7655228758169935 0.48223039215686275 0.01797385620915033 0.020833333333333332
