0 0.08660130718954248 0.2493872549019608 0.022875816993464054 0.020833333333333332
0 0.058823529411764705 0.2916666666666667 0.026143790849673203 0.0392156862745098
0 0.10457516339869281 0.29411764705882354 0.016339869281045753 0.0196078431372549
0 0.12173202614379085 0.29963235294117646 0.01797385620915033 0.023284313725490197
0 0.1323529411764706 0.31985294117647056 0.022875816993464054 0.02696078431372549
0 0.07352941176470588 0.30330882352941174 0.013071895424836602 0.015931372549019607
0 0.08823529411764706 0.30392156862745096 0.022875816993464054 0.02696078431372549
0 0.06290849673202614 0.32536764705882354 0.02777777777777778 0.023284313725490197
0 0.08006535947712419 0.32659313725490197 0.016339869281045753 0.01838235294117647
0 0.058823529411764705 0.3517156862745098 0.022875816993464054 0.024509803921568627
0 0.07761437908496732 0.36703431372549017 0.014705882352941176 0.01838235294117647
0 0.08251633986928104 0.35049019607843135 0.014705882352941176 0.01715686274509804
0 0.09313725490196079 0.3394607843137255 0.016339869281045753 0.01715686274509804
0 0.09640522875816994 0.3284313725490196 0.016339869281045753 0.01715686274509804
0 0.1119281045751634 0.3370098039215686 0.01797385620915033 0.0196078431372549
0 0.1323529411764706 0.3449754901960784 0.022875816993464054 0.030637254901960783
0 0.14869281045751634 0.33394607843137253 0.022875816993464054 0.01838235294117647
0 0.1715686274509804 0.3486519607843137 0.022875816993464054 0.025735294117647058
0 0.15114379084967322 0.3541666666666667 0.021241830065359478 0.01715686274509804
0 0.1593137254901961 0.3676470588235294 0.021241830065359478 0.022058823529411763
0 0.1388888888888889 0.375 0.0196078431372549 0.024509803921568627
0 0.10620915032679738 0.36887254901960786 0.042483660130718956 0.04656862745098039
0 0.2589869281045752 0.4810049019607843 0.03431372549019608 0.01838235294117647
0 0.15359477124183007 0.3903186274509804 0.022875816993464054 0.028186274509803922
0 0.17565359477124184 0.3946078431372549 0.03104575163398693 0.031862745098039214
0 0.1642156862745098 0.40808823529411764 0.01797385620915033 0.01715686274509804
0 0.17483660130718956 0.42034313725490197 0.03594771241830066 0.022058823529411763
0 0.12581699346405228 0.39767156862745096 0.022875816993464054 0.025735294117647058
0 0.06045751633986928 0.3762254901960784 0.026143790849673203 0.02696078431372549
0 0.04493464052287582 0.41237745098039214 0.01797385620915033 0.023284313725490197
0 0.06944444444444445 0.39705882352941174 0.04411764705882353 0.0392156862745098
0 0.06290849673202614 0.4252450980392157 0.014705882352941176 0.014705882352941176
0 0.06944444444444445 0.44362745098039214 0.04084967320261438 0.022058823529411763
0 0.09803921568627451 0.4307598039215686 0.022875816993464054 0.030637254901960783
0 0.12581699346405228 0.42953431372549017 0.032679738562091505 0.0428921568627451
0 0.14624183006535948 0.41605392156862747 0.024509803921568627 0.023284313725490197
0 0.15359477124183007 0.446078431372549 0.04575163398692811 0.03676470588235294
0 0.15114379084967322 0.4846813725490196 0.03104575163398693 0.04534313725490196
0 0.17238562091503268 0.4675245098039216 0.021241830065359478 0.020833333333333332
0 0.11356209150326797 0.4583333333333333 0.02777777777777778 0.031862745098039214
0 0.12990196078431374 0.47549019607843135 0.01797385620915033 0.022058823529411763
0 0.11683006535947713 0.4883578431372549 0.03431372549019608 0.03799019607843137
0 0.08660130718954248 0.4632352941176471 0.0392156862745098 0.03676470588235294
0 0.0857843137254902 0.49019607843137253 0.04084967320261438 0.022058823529411763
0 0.06127450980392157 0.5012254901960784 0.01797385620915033 0.024509803921568627
0 0.08496732026143791 0.5159313725490196 0.0392156862745098 0.03676470588235294
0 0.11846405228758171 0.5122549019607843 0.03431372549019608 0.024509803921568627
0 0.1454248366013072 0.5189950980392157 0.022875816993464054 0.028186274509803922
0 0.13643790849673204 0.5435049019607843 0.04084967320261438 0.01838235294117647
0 0.14379084967320263 0.5704656862745098 0.032679738562091505 0.03799019607843137
0 0.11111111111111112 0.5373774509803921 0.029411764705882353 0.020833333333333332
0 0.11519607843137256 0.5618872549019608 0.03104575163398693 0.04779411764705882
0 0.08251633986928104 0.5698529411764706 0.03431372549019608 0.044117647058823525
0 0.09150326797385622 0.5441176470588235 0.016339869281045753 0.024509803921568627
0 0.07434640522875817 0.5367647058823529 0.01797385620915033 0.024509803921568627
0 0.06045751633986928 0.5287990196078431 0.0196078431372549 0.023284313725490197
0 0.049836601307189546 0.517156862745098 0.01797385620915033 0.022058823529411763
0 0.06535947712418301 0.5496323529411765 0.013071895424836602 0.015931372549019607
0 0.056372549019607844 0.5563725490196079 0.021241830065359478 0.0196078431372549
0 0.05800653594771242 0.5741421568627451 0.024509803921568627 0.023284313725490197
0 0.06862745098039216 0.5943627450980392 0.022875816993464054 0.024509803921568627
0 0.09477124183006536 0.6102941176470588 0.029411764705882353 0.03431372549019608
0 0.119281045751634 0.6041666666666666 0.032679738562091505 0.031862745098039214
0 0.1323529411764706 0.625 0.022875816993464054 0.022058823529411763
0 0.12254901960784315 0.642156862745098 0.022875816993464054 0.024509803921568627
0 0.10294117647058824 0.6348039215686274 0.022875816993464054 0.022058823529411763
0 0.09967320261437909 0.6568627450980392 0.022875816993464054 0.022058823529411763
0 0.08333333333333334 0.6507352941176471 0.022875816993464054 0.014705882352941176
0 0.06944444444444445 0.6292892156862745 0.04084967320261438 0.04534313725490196
0 0.04166666666666667 0.6341911764705882 0.021241830065359478 0.01838235294117647
0 0.04330065359477124 0.6550245098039216 0.021241830065359478 0.020833333333333332
0 0.12173202614379085 0.7034313725490196 0.04084967320261438 0.0392156862745098
0 0.15114379084967322 0.7193627450980392 0.021241830065359478 0.029411764705882353
0 0.07026143790849673 0.7212009803921569 0.03594771241830066 0.03553921568627451
0 0.08169934640522876 0.7653186274509803 0.042483660130718956 0.03799019607843137
0 0.09885620915032681 0.9099264705882353 0.04411764705882353 0.030637254901960783
0 0.10620915032679738 0.9399509803921569 0.04575163398692811 0.044117647058823525
0 0.09967320261437909 0.9810049019607843 0.032679738562091505 0.020833333333333332
0 0.10784313725490197 0.9944852941176471 0.032679738562091505 0.011029411764705881
0 0.18218954248366015 0.5361519607843137 0.024509803921568627 0.020833333333333332
