0 0.6143790849673203 0.21568627450980393 0.022875816993464054 0.0196078431372549
0 0.6111111111111112 0.31556372549019607 0.042483660130718956 0.023284313725490197
0 0.8022875816993464 0.7408088235294118 0.026143790849673203 0.01838235294117647
0 0.29820261437908496 0.36213235294117646 0.04084967320261438 0.03799019607843137
0 0.06862745098039216 0.3480392156862745 0.0196078431372549 0.024509803921568627
0 0.0196078431372549 0.3125 0.016339869281045753 0.022058823529411763
0 0.0857843137254902 0.7261029411764706 0.03104575163398693 0.015931372549019607
0 0.1772875816993464 0.7775735294117647 0.02777777777777778 0.03799019607843137
0 0.05800653594771242 0.7647058823529411 0.024509803921568627 0.024509803921568627
0 0.07924836601307189 0.78125 0.01797385620915033 0.025735294117647058
0 0.12009803921568628 0.7935049019607843 0.024509803921568627 0.01838235294117647
0 0.14052287581699346 0.7861519607843137 0.016339869281045753 0.020833333333333332
0 0.16094771241830066 0.7953431372549019 0.01797385620915033 0.022058823529411763
0 0.16339869281045752 0.8155637254901961 0.04575163398692811 0.01838235294117647
0 0.1053921568627451 0.7837009803921569 0.03104575163398693 0.011029411764705881
0 0.09150326797385622 0.7990196078431372 0.029411764705882353 0.01715686274509804
0 0.08823529411764706 0.8167892156862745 0.03594771241830066 0.01838235294117647
0 0.11356209150326797 0.8137254901960784 0.021241830065359478 0.022058823529411763
0 0.13562091503267976 0.8284313725490196 0.029411764705882353 0.012254901960784314
0 0.1119281045751634 0.8327205882352942 0.02777777777777778 0.013480392156862746
0 0.15849673202614378 0.8333333333333334 0.016339869281045753 0.014705882352941176
0 0.14460784313725492 0.8425245098039216 0.021241830065359478 0.020833333333333332
0 0.125 0.84375 0.01797385620915033 0.020833333333333332
0 0.11274509803921569 0.8498774509803921 0.013071895424836602 0.020833333333333332
0 0.09722222222222222 0.8602941176470588 0.02777777777777778 0.01715686274509804
0 0.12336601307189543 0.8633578431372549 0.021241830065359478 0.01838235294117647
0 0.14215686274509803 0.8639705882352942 0.0196078431372549 0.0196078431372549
0 0.12990196078431374 0.875 0.021241830065359478 0.014705882352941176
0 0.14950980392156862 0.8786764705882353 0.02777777777777778 0.014705882352941176
0 0.12990196078431374 0.8897058823529411 0.02777777777777778 0.022058823529411763
0 0.10130718954248366 0.8768382352941176 0.029411764705882353 0.011029411764705881
0 0.18790849673202614 0.9111519607843137 0.029411764705882353 0.030637254901960783
0 0.19444444444444445 0.9381127450980392 0.026143790849673203 0.025735294117647058
0 0.2042483660130719 0.9681372549019608 0.032679738562091505 0.031862745098039214
0 0.1715686274509804 0.9350490196078431 0.029411764705882353 0.029411764705882353
0 0.1576797385620915 0.9025735294117647 0.03104575163398693 0.03308823529411765
0 0.14624183006535948 0.9307598039215687 0.021241830065359478 0.030637254901960783
0 0.12418300653594772 0.9313725490196079 0.029411764705882353 0.03431372549019608
0 0.13316993464052287 0.9087009803921569 0.01797385620915033 0.01838235294117647
0 0.07924836601307189 0.9099264705882353 0.01797385620915033 0.011029411764705881
0 0.09150326797385622 0.9160539215686274 0.022875816993464054 0.01838235294117647
0 0.0661764705882353 0.9332107843137255 0.021241830065359478 0.030637254901960783
0 0.10294117647058824 0.946078431372549 0.029411764705882353 0.014705882352941176
0 0.10947712418300654 0.9638480392156863 0.05555555555555556 0.025735294117647058
0 0.15114379084967322 0.9540441176470588 0.03104575163398693 0.023284313725490197
0 0.17647058823529413 0.9528186274509803 0.022875816993464054 0.01838235294117647
0 0.1568627450980392 0.9846813725490196 0.049019607843137254 0.028186274509803922
0 0.18382352941176472 0.9761029411764706 0.021241830065359478 0.020833333333333332
0 0.10620915032679738 0.9840686274509803 0.0392156862745098 0.014705882352941176
0 0.1919934640522876 0.991421568627451 0.03758169934640523 0.01715686274509804
0 0.12663398692810457 0.9944852941176471 0.03758169934640523 0.011029411764705881
0 0.25980392156862747 0.9356617647058824 0.0196078431372549 0.020833333333333332
0 0.5089869281045751 0.8155637254901961 0.02777777777777778 0.01838235294117647
0 0.25 0.6954656862745098 0.0196078431372549 0.01838235294117647
0 0.03104575163398693 0.38909313725490197 0.016339869281045753 0.015931372549019607
