0 0.008169934640522876 0.05392156862745098 0.013071895424836602 0.03676470588235294
0 0.04656862745098039 0.06740196078431372 0.024509803921568627 0.024509803921568627
0 0.18218954248366015 0.14767156862745098 0.03104575163398693 0.020833333333333332
0 0.004084967320261438 0.09436274509803921 0.004901960784313725 0.007352941176470588
0 0.010620915032679739 0.08026960784313725 0.01797385620915033 0.015931372549019607
0 0.00980392156862745 0.10416666666666667 0.016339869281045753 0.01715686274509804
0 0.03022875816993464 0.10232843137254902 0.01797385620915033 0.015931372549019607
0 0.04166666666666667 0.08884803921568628 0.021241830065359478 0.015931372549019607
0 0.05228758169934641 0.10049019607843138 0.026143790849673203 0.022058823529411763
0 0.05228758169934641 0.12193627450980392 0.029411764705882353 0.020833333333333332
0 0.024509803921568627 0.11764705882352941 0.029411764705882353 0.014705882352941176
0 0.012254901960784314 0.12745098039215685 0.021241830065359478 0.0196078431372549
0 0.05800653594771242 0.1488970588235294 0.01797385620915033 0.023284313725490197
0 0.02696078431372549 0.14522058823529413 0.021241830065359478 0.020833333333333332
0 0.012254901960784314 0.1568627450980392 0.021241830065359478 0.03676470588235294
0 0.03594771241830066 0.16666666666666666 0.0196078431372549 0.0196078431372549
0 0.06862745098039216 0.17524509803921567 0.032679738562091505 0.0196078431372549
0 0.08496732026143791 0.18933823529411764 0.016339869281045753 0.015931372549019607
0 0.008986928104575164 0.18321078431372548 0.014705882352941176 0.013480392156862746
0 0.016339869281045753 0.19669117647058823 0.022875816993464054 0.023284313725490197
0 0.040032679738562095 0.19117647058823528 0.021241830065359478 0.024509803921568627
0 0.06290849673202614 0.19730392156862744 0.024509803921568627 0.02696078431372549
0 0.026143790849673203 0.21262254901960784 0.0196078431372549 0.020833333333333332
0 0.01715686274509804 0.23223039215686275 0.02777777777777778 0.025735294117647058
0 0.042483660130718956 0.21997549019607843 0.0196078431372549 0.030637254901960783
0 0.06045751633986928 0.22549019607843138 0.0196078431372549 0.029411764705882353
0 0.08415032679738563 0.22549019607843138 0.03104575163398693 0.041666666666666664
0 0.11356209150326797 0.27205882352941174 0.01797385620915033 0.024509803921568627
0 0.20261437908496732 0.2708333333333333 0.022875816993464054 0.0196078431372549
0 0.05065359477124183 0.2493872549019608 0.013071895424836602 0.01838235294117647
0 0.03839869281045752 0.26409313725490197 0.02777777777777778 0.025735294117647058
0 0.028594771241830068 0.27941176470588236 0.014705882352941176 0.0196078431372549
0 0.03839869281045752 0.2935049019607843 0.01797385620915033 0.01838235294117647
0 0.06535947712418301 0.27267156862745096 0.03594771241830066 0.05024509803921569
0 0.03022875816993464 0.3112745098039216 0.014705882352941176 0.01715686274509804
0 0.007352941176470588 0.33026960784313725 0.011437908496732027 0.013480392156862746
0 0.004901960784313725 0.35110294117647056 0.006535947712418301 0.025735294117647058
0 0.0196078431372549 0.3241421568627451 0.0196078431372549 0.020833333333333332
0 0.01797385620915033 0.34191176470588236 0.016339869281045753 0.01715686274509804
0 0.040032679738562095 0.3443627450980392 0.024509803921568627 0.014705882352941176
0 0.028594771241830068 0.35355392156862747 0.02777777777777778 0.011029411764705881
0 0.04493464052287582 0.3278186274509804 0.02777777777777778 0.023284313725490197
0 0.07189542483660132 0.3241421568627451 0.032679738562091505 0.01838235294117647
0 0.03594771241830066 0.3676470588235294 0.016339869281045753 0.01715686274509804
0 0.014705882352941176 0.37254901960784315 0.016339869281045753 0.022058823529411763
0 0.03104575163398693 0.3860294117647059 0.016339869281045753 0.0196078431372549
0 0.01388888888888889 0.4007352941176471 0.024509803921568627 0.03431372549019608
0 0.056372549019607844 0.3799019607843137 0.01797385620915033 0.0196078431372549
0 0.05228758169934641 0.4117647058823529 0.029411764705882353 0.044117647058823525
0 0.03022875816993464 0.4270833333333333 0.021241830065359478 0.028186274509803922
0 0.004901960784313725 0.4221813725490196 0.006535947712418301 0.013480392156862746
0 0.011437908496732027 0.4338235294117647 0.0196078431372549 0.00980392156862745
0 0.01715686274509804 0.44485294117647056 0.03104575163398693 0.012254901960784314
0 0.07679738562091504 0.39828431372549017 0.016339869281045753 0.024509803921568627
0 0.09558823529411765 0.39338235294117646 0.021241830065359478 0.031862745098039214
0 0.02777777777777778 0.47855392156862747 0.013071895424836602 0.015931372549019607
0 0.010620915032679739 0.48223039215686275 0.01797385620915033 0.030637254901960783
0 0.005718954248366014 0.5140931372549019 0.008169934640522876 0.03308823529411765
0 0.026143790849673203 0.49754901960784315 0.022875816993464054 0.0196078431372549
0 0.01797385620915033 0.5214460784313726 0.0196078431372549 0.025735294117647058
0 0.08905228758169935 0.44485294117647056 0.03431372549019608 0.02696078431372549
0 0.1315359477124183 0.42401960784313725 0.03758169934640523 0.014705882352941176
0 0.1315359477124183 0.44056372549019607 0.021241830065359478 0.01838235294117647
0 0.13480392156862744 0.46691176470588236 0.01797385620915033 0.01715686274509804
0 0.1650326797385621 0.4583333333333333 0.026143790849673203 0.01715686274509804
0 0.18790849673202614 0.4522058823529412 0.0196078431372549 0.02696078431372549
0 0.21895424836601307 0.34375 0.029411764705882353 0.020833333333333332
0 0.2181372549019608 0.375 0.021241830065359478 0.024509803921568627
0 0.244281045751634 0.36580882352941174 0.021241830065359478 0.020833333333333332
0 0.28839869281045755 0.38909313725490197 0.02777777777777778 0.025735294117647058
0 0.2573529411764706 0.4013480392156863 0.02777777777777778 0.030637254901960783
0 0.28104575163398693 0.43504901960784315 0.042483660130718956 0.024509803921568627
0 0.28594771241830064 0.45526960784313725 0.0196078431372549 0.023284313725490197
0 0.2638888888888889 0.47181372549019607 0.014705882352941176 0.0196078431372549
0 0.2712418300653595 0.4877450980392157 0.0196078431372549 0.024509803921568627
0 0.3014705882352941 0.4852941176470588 0.024509803921568627 0.012254901960784314
0 0.3055555555555556 0.5024509803921569 0.016339869281045753 0.0196078431372549
0 0.07189542483660132 0.5594362745098039 0.0196078431372549 0.023284313725490197
0 0.01388888888888889 0.5667892156862745 0.014705882352941176 0.01838235294117647
0 0.03349673202614379 0.5802696078431372 0.02777777777777778 0.020833333333333332
0 0.056372549019607844 0.5876225490196079 0.024509803921568627 0.028186274509803922
0 0.0784313725490196 0.5949754901960784 0.0196078431372549 0.020833333333333332
0 0.004901960784313725 0.5870098039215687 0.006535947712418301 0.031862745098039214
0 0.026143790849673203 0.5949754901960784 0.032679738562091505 0.015931372549019607
0 0.040032679738562095 0.6176470588235294 0.02777777777777778 0.029411764705882353
0 0.06699346405228758 0.616421568627451 0.0196078431372549 0.024509803921568627
0 0.016339869281045753 0.6170343137254902 0.0196078431372549 0.030637254901960783
0 0.08333333333333334 0.6341911764705882 0.016339869281045753 0.023284313725490197
0 0.09558823529411765 0.6519607843137255 0.01797385620915033 0.024509803921568627
0 0.07598039215686275 0.6568627450980392 0.01797385620915033 0.022058823529411763
0 0.06699346405228758 0.6390931372549019 0.016339869281045753 0.023284313725490197
0 0.04820261437908497 0.647671568627451 0.011437908496732027 0.020833333333333332
0 0.057189542483660136 0.664828431372549 0.016339869281045753 0.023284313725490197
0 0.03022875816993464 0.6390931372549019 0.03104575163398693 0.013480392156862746
0 0.006535947712418301 0.6580882352941176 0.00980392156862745 0.0196078431372549
0 0.026143790849673203 0.6691176470588235 0.03594771241830066 0.041666666666666664
0 0.04820261437908497 0.7015931372549019 0.04084967320261438 0.030637254901960783
0 0.014705882352941176 0.7071078431372549 0.026143790849673203 0.03676470588235294
0 0.04084967320261438 0.7352941176470588 0.022875816993464054 0.03676470588235294
0 0.015522875816993464 0.7444852941176471 0.02777777777777778 0.03308823529411765
0 0.025326797385620915 0.7634803921568627 0.024509803921568627 0.014705882352941176
0 0.008986928104575164 0.7830882352941176 0.014705882352941176 0.022058823529411763
0 0.013071895424836602 0.8094362745098039 0.013071895424836602 0.01838235294117647
0 0.008986928104575164 0.8253676470588235 0.014705882352941176 0.013480392156862746
0 0.028594771241830068 0.8443627450980392 0.024509803921568627 0.024509803921568627
0 0.008986928104575164 0.8535539215686274 0.014705882352941176 0.03308823529411765
0 0.012254901960784314 0.8774509803921569 0.021241830065359478 0.012254901960784314
0 0.04493464052287582 0.8939950980392156 0.03104575163398693 0.013480392156862746
0 0.022875816993464054 0.9117647058823529 0.0196078431372549 0.0196078431372549
0 0.04493464052287582 0.9105392156862745 0.024509803921568627 0.0196078431372549
0 0.01715686274509804 0.9319852941176471 0.03104575163398693 0.028186274509803922
0 0.005718954248366014 0.954656862745098 0.008169934640522876 0.02696078431372549
0 0.059640522875817 0.9258578431372549 0.01797385620915033 0.020833333333333332
0 0.06127450980392157 0.9473039215686274 0.03431372549019608 0.01715686274509804
0 0.007352941176470588 0.9785539215686274 0.011437908496732027 0.013480392156862746
0 0.008986928104575164 0.9938725490196079 0.014705882352941176 0.012254901960784314
0 0.029411764705882353 0.9724264705882353 0.03594771241830066 0.04534313725490196
0 0.2434640522875817 0.9411764705882353 0.0196078431372549 0.0196078431372549
0 0.24754901960784315 0.9613970588235294 0.03104575163398693 0.03308823529411765
0 0.2107843137254902 0.8884803921568627 0.029411764705882353 0.022058823529411763
0 0.16666666666666669 0.8854166666666666 0.026143790849673203 0.013480392156862746
0 0.1527777777777778 0.8958333333333334 0.02777777777777778 0.012254901960784314
0 0.11437908496732027 0.9227941176470588 0.0196078431372549 0.0196078431372549
0 0.12336601307189543 0.9031862745098039 0.021241830065359478 0.024509803921568627
0 0.10049019607843138 0.9056372549019608 0.021241830065359478 0.024509803921568627
0 0.12009803921568628 0.8792892156862745 0.01797385620915033 0.020833333333333332
0 0.11111111111111112 0.8547794117647058 0.022875816993464054 0.023284313725490197
0 0.18627450980392157 0.8333333333333334 0.032679738562091505 0.014705882352941176
0 0.1380718954248366 0.8216911764705882 0.01797385620915033 0.01838235294117647
0 0.11683006535947713 0.8186274509803921 0.02777777777777778 0.022058823529411763
0 0.13480392156862744 0.798406862745098 0.01797385620915033 0.020833333333333332
0 0.15359477124183007 0.7873774509803921 0.026143790849673203 0.013480392156862746
0 0.18137254901960784 0.8002450980392157 0.04575163398692811 0.049019607843137254
0 0.16176470588235295 0.7665441176470588 0.022875816993464054 0.023284313725490197
0 0.19934640522875818 0.7659313725490196 0.04575163398692811 0.022058823529411763
0 0.1576797385620915 0.7383578431372549 0.024509803921568627 0.028186274509803922
0 0.17320261437908496 0.7230392156862745 0.026143790849673203 0.00980392156862745
0 0.1919934640522876 0.7395833333333334 0.04411764705882353 0.04779411764705882
0 0.14705882352941177 0.7077205882352942 0.016339869281045753 0.01838235294117647
0 0.16584967320261437 0.7089460784313726 0.024509803921568627 0.020833333333333332
0 0.18627450980392157 0.704656862745098 0.022875816993464054 0.0196078431372549
0 0.20915032679738563 0.7028186274509803 0.026143790849673203 0.030637254901960783
0 0.1527777777777778 0.6807598039215687 0.01797385620915033 0.020833333333333332
0 0.18300653594771243 0.6856617647058824 0.0392156862745098 0.01838235294117647
0 0.16911764705882354 0.6642156862745098 0.02777777777777778 0.03431372549019608
0 0.18627450980392157 0.6403186274509803 0.026143790849673203 0.025735294117647058
0 0.20179738562091504 0.6507352941176471 0.02777777777777778 0.024509803921568627
0 0.17238562091503268 0.6072303921568627 0.024509803921568627 0.023284313725490197
0 0.14297385620915032 0.6011029411764706 0.021241830065359478 0.025735294117647058
0 0.13480392156862744 0.5839460784313726 0.02777777777777778 0.01838235294117647
0 0.19771241830065361 0.5753676470588235 0.0196078431372549 0.023284313725490197
0 0.1985294117647059 0.5563725490196079 0.01797385620915033 0.01715686274509804
0 0.16830065359477125 0.5655637254901961 0.04575163398692811 0.05759803921568627
0 0.19281045751633988 0.5300245098039216 0.029411764705882353 0.025735294117647058
0 0.16993464052287582 0.5208333333333334 0.029411764705882353 0.02696078431372549
0 0.2361111111111111 0.5343137254901961 0.02777777777777778 0.024509803921568627
0 0.2508169934640523 0.5177696078431373 0.024509803921568627 0.025735294117647058
0 0.2834967320261438 0.5165441176470588 0.03431372549019608 0.023284313725490197
0 0.2687908496732026 0.5410539215686274 0.024509803921568627 0.025735294117647058
0 0.29820261437908496 0.5594362745098039 0.05392156862745098 0.03308823529411765
0 0.24836601307189543 0.5998774509803921 0.0196078431372549 0.023284313725490197
0 0.244281045751634 0.6237745098039216 0.024509803921568627 0.022058823529411763
0 0.24754901960784315 0.6470588235294118 0.02777777777777778 0.022058823529411763
0 0.27450980392156865 0.6372549019607843 0.029411764705882353 0.024509803921568627
0 0.2622549019607843 0.6102941176470588 0.021241830065359478 0.0196078431372549
0 0.28022875816993464 0.5925245098039216 0.03431372549019608 0.01838235294117647
0 0.28431372549019607 0.6133578431372549 0.0196078431372549 0.01838235294117647
0 0.3137254901960784 0.6341911764705882 0.029411764705882353 0.025735294117647058
0 0.3423202614379085 0.6213235294117647 0.04084967320261438 0.01715686274509804
0 0.309640522875817 0.5980392156862745 0.03104575163398693 0.041666666666666664
0 0.3284313725490196 0.5343137254901961 0.05555555555555556 0.049019607843137254
0 0.32679738562091504 0.5 0.026143790849673203 0.024509803921568627
0 0.33415032679738566 0.48284313725490197 0.02777777777777778 0.014705882352941176
0 0.3545751633986928 0.4926470588235294 0.022875816993464054 0.029411764705882353
0 0.3684640522875817 0.5147058823529411 0.02777777777777778 0.044117647058823525
0 0.34477124183006536 0.09865196078431372 0.049019607843137254 0.03553921568627451
0 0.4419934640522876 0.1482843137254902 0.014705882352941176 0.00980392156862745
0 0.542483660130719 0.15012254901960784 0.013071895424836602 0.013480392156862746
0 0.40522875816993464 0.3125 0.0196078431372549 0.02696078431372549
0 0.4354575163398693 0.3118872549019608 0.03104575163398693 0.01838235294117647
0 0.4795751633986928 0.3020833333333333 0.05065359477124183 0.04044117647058824
0 0.44526143790849676 0.32598039215686275 0.02777777777777778 0.0196078431372549
0 0.4215686274509804 0.33517156862745096 0.029411764705882353 0.028186274509803922
0 0.41258169934640526 0.3596813725490196 0.01797385620915033 0.01838235294117647
0 0.5882352941176471 0.4491421568627451 0.05228758169934641 0.03308823529411765
0 0.45996732026143794 0.33578431372549017 0.024509803921568627 0.0196078431372549
0 0.4411764705882353 0.35784313725490197 0.03594771241830066 0.03431372549019608
0 0.5187908496732027 0.3529411764705882 0.03431372549019608 0.022058823529411763
0 0.5130718954248367 0.37806372549019607 0.03594771241830066 0.025735294117647058
0 0.47875816993464054 0.4013480392156863 0.029411764705882353 0.03553921568627451
0 0.47875816993464054 0.4264705882352941 0.03594771241830066 0.01715686274509804
0 0.5155228758169935 0.43504901960784315 0.014705882352941176 0.022058823529411763
0 0.49183006535947715 0.4381127450980392 0.032679738562091505 0.015931372549019607
0 0.4542483660130719 0.4375 0.03594771241830066 0.0196078431372549
0 0.45996732026143794 0.4577205882352941 0.03431372549019608 0.020833333333333332
0 0.4861111111111111 0.47487745098039214 0.021241830065359478 0.020833333333333332
0 0.008169934640522876 0.003676470588235294 0.013071895424836602 0.004901960784313725
0 0.008169934640522876 0.018995098039215685 0.013071895424836602 0.020833333333333332
0 0.5514705882352942 0.9620098039215687 0.02777777777777778 0.0196078431372549
