0 0.7173202614379085 0.3363970588235294 0.0196078431372549 0.015931372549019607
0 0.9526143790849674 0.3915441176470588 0.03594771241830066 0.023284313725490197
0 0.888888888888889 0.4111519607843137 0.022875816993464054 0.025735294117647058
0 0.9207516339869282 0.41237745098039214 0.04084967320261438 0.025735294117647058
0 0.9493464052287582 0.4215686274509804 0.0196078431372549 0.00980392156862745
0 0.9558823529411765 0.43566176470588236 0.013071895424836602 0.020833333333333332
0 0.9714052287581699 0.4368872549019608 0.014705882352941176 0.01838235294117647
0 0.9011437908496732 0.44424019607843135 0.014705882352941176 0.023284313725490197
0 0.9166666666666667 0.44056372549019607 0.016339869281045753 0.028186274509803922
0 0.934640522875817 0.4466911764705882 0.022875816993464054 0.03553921568627451
0 0.9256535947712419 0.5042892156862745 0.024509803921568627 0.028186274509803922
0 0.9052287581699346 0.46691176470588236 0.026143790849673203 0.0196078431372549
0 0.9738562091503268 0.49019607843137253 0.03594771241830066 0.041666666666666664
0 0.9011437908496732 0.4803921568627451 0.011437908496732027 0.014705882352941176
0 0.8880718954248367 0.48284313725490197 0.014705882352941176 0.014705882352941176
0 0.8905228758169935 0.46629901960784315 0.0196078431372549 0.015931372549019607
0 0.8880718954248367 0.4963235294117647 0.03104575163398693 0.0196078431372549
0 0.9199346405228759 0.4767156862745098 0.022875816993464054 0.014705882352941176
0 0.9468954248366014 0.5128676470588235 0.021241830065359478 0.013480392156862746
0 0.9035947712418301 0.5392156862745098 0.029411764705882353 0.02696078431372549
0 0.9419934640522876 0.5300245098039216 0.014705882352941176 0.015931372549019607
0 0.9362745098039216 0.5447303921568627 0.013071895424836602 0.013480392156862746
0 0.9526143790849674 0.5435049019607843 0.0196078431372549 0.01838235294117647
0 0.9591503267973857 0.5551470588235294 0.016339869281045753 0.01715686274509804
0 0.9166666666666667 0.5870098039215687 0.03594771241830066 0.01715686274509804
0 0.9223856209150327 0.6017156862745098 0.04738562091503268 0.022058823529411763
0 0.9705882352941176 0.5980392156862745 0.029411764705882353 0.03676470588235294
0 0.9517973856209151 0.6231617647058824 0.014705882352941176 0.01838235294117647
0 0.9812091503267975 0.6139705882352942 0.03104575163398693 0.03431372549019608
0 0.9281045751633987 0.6262254901960784 0.029411764705882353 0.03676470588235294
0 0.9436274509803921 0.6470588235294118 0.021241830065359478 0.012254901960784314
0 0.9624183006535948 0.6384803921568627 0.026143790849673203 0.014705882352941176
0 0.9844771241830066 0.6384803921568627 0.021241830065359478 0.014705882352941176
0 0.9950980392156863 0.6464460784313726 0.00980392156862745 0.00857843137254902
0 0.9624183006535948 0.6507352941176471 0.029411764705882353 0.012254901960784314
0 0.8913398692810458 0.6703431372549019 0.05392156862745098 0.041666666666666664
0 0.9084967320261438 0.6997549019607843 0.0196078431372549 0.022058823529411763
0 0.9656862745098039 0.6685049019607843 0.016339869281045753 0.015931372549019607
0 0.9779411764705883 0.6593137254901961 0.014705882352941176 0.024509803921568627
0 0.9926470588235294 0.6617647058823529 0.011437908496732027 0.01715686274509804
0 0.9452614379084968 0.6715686274509803 0.03431372549019608 0.031862745098039214
0 0.9705882352941176 0.6856617647058824 0.05228758169934641 0.020833333333333332
0 0.9795751633986929 0.7150735294117647 0.04084967320261438 0.030637254901960783
0 0.9207516339869282 0.7567401960784313 0.03758169934640523 0.04044117647058824
0 0.9591503267973857 0.7647058823529411 0.0392156862745098 0.024509803921568627
0 0.9803921568627452 0.7444852941176471 0.0392156862745098 0.020833333333333332
0 0.9918300653594772 0.7653186274509803 0.016339869281045753 0.020833333333333332
0 0.988562091503268 0.7904411764705882 0.022875816993464054 0.024509803921568627
0 0.9133986928104575 0.8020833333333334 0.03594771241830066 0.025735294117647058
0 0.9468954248366014 0.8082107843137255 0.03758169934640523 0.020833333333333332
0 0.9493464052287582 0.8241421568627451 0.0392156862745098 0.011029411764705881
0 0.9436274509803921 0.8443627450980392 0.01797385620915033 0.022058823529411763
0 0.8978758169934641 0.821078431372549 0.03758169934640523 0.022058823529411763
0 0.8986928104575164 0.8327205882352942 0.029411764705882353 0.023284313725490197
0 0.9248366013071896 0.8345588235294118 0.0196078431372549 0.029411764705882353
0 0.9183006535947713 0.8486519607843137 0.016339869281045753 0.01838235294117647
0 0.9158496732026145 0.9037990196078431 0.024509803921568627 0.03553921568627451
0 0.9060457516339869 0.9209558823529411 0.01797385620915033 0.015931372549019607
