0 0.5759803921568628 0.4993872549019608 0.021241830065359478 0.020833333333333332
0 0.3088235294117647 0.6685049019607843 0.03594771241830066 0.020833333333333332
0 0.7091503267973857 0.6691176470588235 0.029411764705882353 0.029411764705882353
0 0.9199346405228759 0.5024509803921569 0.022875816993464054 0.022058823529411763
0 0.9379084967320261 0.49754901960784315 0.016339869281045753 0.0196078431372549
0 0.9248366013071896 0.5287990196078431 0.0392156862745098 0.028186274509803922
0 0.9150326797385622 0.5526960784313726 0.0196078431372549 0.022058823529411763
0 0.9436274509803921 0.5569852941176471 0.03104575163398693 0.028186274509803922
0 0.9011437908496732 0.5747549019607843 0.024509803921568627 0.03431372549019608
0 0.9248366013071896 0.5802696078431372 0.022875816993464054 0.030637254901960783
0 0.9101307189542484 0.6029411764705882 0.026143790849673203 0.029411764705882353
0 0.9060457516339869 0.6317401960784313 0.01797385620915033 0.025735294117647058
0 0.9256535947712419 0.625 0.021241830065359478 0.031862745098039214
0 0.6968954248366013 0.2647058823529412 0.014705882352941176 0.022058823529411763
0 0.8137254901960784 0.7401960784313726 0.026143790849673203 0.022058823529411763
0 0.988562091503268 0.6654411764705882 0.022875816993464054 0.044117647058823525
0 0.06454248366013073 0.05269607843137255 0.02777777777777778 0.024509803921568627
