0 0.05065359477124183 0.2506127450980392 0.022875816993464054 0.025735294117647058
0 0.0857843137254902 0.24080882352941177 0.01797385620915033 0.023284313725490197
0 0.09885620915032681 0.2536764705882353 0.021241830065359478 0.022058823529411763
0 0.07352941176470588 0.24877450980392157 0.0196078431372549 0.0196078431372549
0 0.059640522875817 0.5091911764705882 0.021241830065359478 0.023284313725490197
0 0.06944444444444445 0.5361519607843137 0.03104575163398693 0.03308823529411765
0 0.040032679738562095 0.5275735294117647 0.02777777777777778 0.03799019607843137
0 0.01797385620915033 0.53125 0.0196078431372549 0.028186274509803922
0 0.07924836601307189 0.5594362745098039 0.021241830065359478 0.015931372549019607
0 0.10049019607843138 0.5790441176470588 0.024509803921568627 0.030637254901960783
0 0.08496732026143791 0.5821078431372549 0.0196078431372549 0.022058823529411763
0 0.021241830065359478 0.5575980392156863 0.016339869281045753 0.024509803921568627
0 0.06372549019607843 0.5747549019607843 0.022875816993464054 0.024509803921568627
0 0.05555555555555556 0.5569852941176471 0.0196078431372549 0.025735294117647058
0 0.04656862745098039 0.5814950980392157 0.024509803921568627 0.028186274509803922
0 0.011437908496732027 0.5759803921568627 0.0196078431372549 0.024509803921568627
0 0.025326797385620915 0.5784313725490196 0.01797385620915033 0.022058823529411763
0 0.03022875816993464 0.5998774509803921 0.024509803921568627 0.028186274509803922
0 0.010620915032679739 0.6035539215686274 0.01797385620915033 0.023284313725490197
0 0.029411764705882353 0.6200980392156863 0.022875816993464054 0.022058823529411763
0 0.04411764705882353 0.6341911764705882 0.03594771241830066 0.015931372549019607
0 0.008986928104575164 0.6311274509803921 0.014705882352941176 0.03676470588235294
0 0.018790849673202614 0.6446078431372549 0.01797385620915033 0.024509803921568627
0 0.03349673202614379 0.6537990196078431 0.024509803921568627 0.028186274509803922
0 0.01388888888888889 0.6685049019607843 0.024509803921568627 0.030637254901960783
0 0.03022875816993464 0.6838235294117647 0.02777777777777778 0.024509803921568627
0 0.010620915032679739 0.7071078431372549 0.01797385620915033 0.02696078431372549
0 0.012254901960784314 0.7291666666666666 0.021241830065359478 0.02696078431372549
0 0.00980392156862745 0.7573529411764706 0.016339869281045753 0.029411764705882353
0 0.022058823529411766 0.7113970588235294 0.01797385620915033 0.025735294117647058
0 0.031862745098039214 0.7457107843137255 0.024509803921568627 0.025735294117647058
0 0.03676470588235294 0.767156862745098 0.024509803921568627 0.02696078431372549
0 0.02042483660130719 0.7720588235294118 0.01797385620915033 0.024509803921568627
0 0.03349673202614379 0.7922794117647058 0.02777777777777778 0.023284313725490197
0 0.040032679738562095 0.8082107843137255 0.024509803921568627 0.020833333333333332
0 0.024509803921568627 0.8100490196078431 0.0196078431372549 0.022058823529411763
0 0.00980392156862745 0.8094362745098039 0.016339869281045753 0.020833333333333332
0 0.00980392156862745 0.7873774509803921 0.016339869281045753 0.01838235294117647
0 0.9379084967320261 0.4638480392156863 0.042483660130718956 0.025735294117647058
0 0.7883986928104575 0.49693627450980393 0.03104575163398693 0.030637254901960783
0 0.5081699346405228 0.47855392156862747 0.032679738562091505 0.025735294117647058
0 0.47058823529411764 0.5116421568627451 0.029411764705882353 0.028186274509803922
0 0.4893790849673203 0.5214460784313726 0.024509803921568627 0.028186274509803922
0 0.5024509803921569 0.5459558823529411 0.024509803921568627 0.030637254901960783
0 0.4722222222222222 0.5343137254901961 0.029411764705882353 0.024509803921568627
0 0.43790849673202614 0.5392156862745098 0.029411764705882353 0.024509803921568627
0 0.477124183006536 0.5496323529411765 0.032679738562091505 0.015931372549019607
0 0.47794117647058826 0.5618872549019608 0.03431372549019608 0.01838235294117647
0 0.5040849673202614 0.5692401960784313 0.03104575163398693 0.01838235294117647
0 0.49264705882352944 0.5925245098039216 0.05065359477124183 0.04044117647058824
0 0.43218954248366015 0.5631127450980392 0.024509803921568627 0.030637254901960783
0 0.4076797385620915 0.5631127450980392 0.03104575163398693 0.028186274509803922
0 0.41339869281045755 0.5839460784313726 0.022875816993464054 0.025735294117647058
0 0.43300653594771243 0.5882352941176471 0.029411764705882353 0.029411764705882353
0 0.45669934640522875 0.5980392156862745 0.03104575163398693 0.02696078431372549
0 0.41339869281045755 0.6115196078431372 0.026143790849673203 0.02696078431372549
0 0.4338235294117647 0.6115196078431372 0.01797385620915033 0.022058823529411763
0 0.4493464052287582 0.6200980392156863 0.026143790849673203 0.029411764705882353
0 0.46977124183006536 0.6170343137254902 0.024509803921568627 0.01838235294117647
0 0.49101307189542487 0.6341911764705882 0.02777777777777778 0.01838235294117647
0 0.4607843137254902 0.6482843137254902 0.03594771241830066 0.044117647058823525
0 0.4812091503267974 0.6697303921568627 0.014705882352941176 0.020833333333333332
0 0.4419934640522876 0.6654411764705882 0.01797385620915033 0.022058823529411763
0 0.4624183006535948 0.6752450980392157 0.029411764705882353 0.022058823529411763
0 0.4542483660130719 0.6917892156862745 0.022875816993464054 0.030637254901960783
0 0.4722222222222222 0.6979166666666666 0.0196078431372549 0.023284313725490197
0 0.4934640522875817 0.6924019607843137 0.032679738562091505 0.0196078431372549
0 0.5016339869281046 0.6605392156862745 0.03594771241830066 0.04656862745098039
0 0.513888888888889 0.6868872549019608 0.024509803921568627 0.023284313725490197
0 0.5122549019607844 0.7083333333333334 0.02777777777777778 0.022058823529411763
0 0.48284313725490197 0.7248774509803921 0.03431372549019608 0.04044117647058824
0 0.5122549019607844 0.7365196078431372 0.03431372549019608 0.0392156862745098
0 0.42647058823529416 0.7022058823529411 0.026143790849673203 0.029411764705882353
0 0.41421568627450983 0.71875 0.024509803921568627 0.025735294117647058
0 0.37990196078431376 0.7702205882352942 0.04084967320261438 0.030637254901960783
0 0.46977124183006536 0.7910539215686274 0.04084967320261438 0.023284313725490197
0 0.5351307189542484 0.7493872549019608 0.01797385620915033 0.023284313725490197
0 0.5228758169934641 0.7628676470588235 0.026143790849673203 0.023284313725490197
0 0.5179738562091504 0.7910539215686274 0.026143790849673203 0.025735294117647058
0 0.5155228758169935 0.8094362745098039 0.03104575163398693 0.01838235294117647
0 0.5571895424836601 0.7107843137254902 0.042483660130718956 0.04656862745098039
0 0.6004901960784313 0.5189950980392157 0.024509803921568627 0.023284313725490197
0 0.6217320261437909 0.5275735294117647 0.021241830065359478 0.023284313725490197
0 0.6356209150326798 0.5410539215686274 0.022875816993464054 0.025735294117647058
0 0.6519607843137255 0.5649509803921569 0.032679738562091505 0.0392156862745098
0 0.5841503267973857 0.5355392156862745 0.057189542483660136 0.02696078431372549
0 0.5825163398692811 0.5582107843137255 0.024509803921568627 0.025735294117647058
0 0.6045751633986929 0.5551470588235294 0.026143790849673203 0.029411764705882353
0 0.5972222222222222 0.5790441176470588 0.02777777777777778 0.030637254901960783
0 0.6176470588235294 0.5943627450980392 0.029411764705882353 0.03431372549019608
0 0.6348039215686274 0.6213235294117647 0.02777777777777778 0.03431372549019608
0 0.5988562091503268 0.6066176470588235 0.024509803921568627 0.02696078431372549
0 0.6094771241830066 0.6317401960784313 0.03594771241830066 0.03799019607843137
0 0.5841503267973857 0.6299019607843137 0.024509803921568627 0.029411764705882353
0 0.5490196078431373 0.6537990196078431 0.05555555555555556 0.025735294117647058
0 0.5334967320261438 0.6740196078431372 0.01797385620915033 0.0196078431372549
0 0.5743464052287582 0.6819852941176471 0.03431372549019608 0.03308823529411765
0 0.5890522875816994 0.6703431372549019 0.021241830065359478 0.0196078431372549
0 0.6021241830065359 0.6623774509803921 0.02777777777777778 0.028186274509803922
0 0.6217320261437909 0.6587009803921569 0.024509803921568627 0.03308823529411765
0 0.6568627450980392 0.6488970588235294 0.026143790849673203 0.025735294117647058
0 0.6405228758169935 0.65625 0.016339869281045753 0.023284313725490197
0 0.6413398692810458 0.6709558823529411 0.02777777777777778 0.023284313725490197
0 0.6699346405228759 0.6948529411764706 0.0196078431372549 0.02696078431372549
0 0.6446078431372549 0.7009803921568627 0.04084967320261438 0.049019607843137254
0 0.6037581699346405 0.6893382352941176 0.03431372549019608 0.028186274509803922
0 0.6217320261437909 0.6917892156862745 0.02777777777777778 0.023284313725490197
0 0.6094771241830066 0.7126225490196079 0.026143790849673203 0.025735294117647058
0 0.5849673202614379 0.7169117647058824 0.029411764705882353 0.031862745098039214
0 0.573529411764706 0.7432598039215687 0.05555555555555556 0.028186274509803922
0 0.5996732026143791 0.7598039215686274 0.022875816993464054 0.022058823529411763
0 0.6258169934640523 0.758578431372549 0.026143790849673203 0.022058823529411763
0 0.6200980392156863 0.7708333333333334 0.021241830065359478 0.024509803921568627
0 0.6045751633986929 0.7849264705882353 0.032679738562091505 0.01838235294117647
0 0.5759803921568628 0.7763480392156863 0.03758169934640523 0.04044117647058824
0 0.548202614379085 0.7640931372549019 0.03104575163398693 0.025735294117647058
0 0.5457516339869282 0.7947303921568627 0.0392156862745098 0.04534313725490196
0 0.5661764705882353 0.7996323529411764 0.02777777777777778 0.020833333333333332
0 0.5767973856209151 0.8131127450980392 0.026143790849673203 0.023284313725490197
0 0.5947712418300654 0.8033088235294118 0.022875816993464054 0.025735294117647058
0 0.5089869281045751 0.8265931372549019 0.01797385620915033 0.020833333333333332
0 0.5269607843137255 0.8216911764705882 0.01797385620915033 0.020833333333333332
0 0.5473856209150327 0.8192401960784313 0.026143790849673203 0.015931372549019607
0 0.5776143790849674 0.8376225490196079 0.02777777777777778 0.023284313725490197
0 0.5874183006535948 0.8615196078431372 0.03104575163398693 0.022058823529411763
0 0.5522875816993464 0.8376225490196079 0.0196078431372549 0.020833333333333332
0 0.5678104575163399 0.8529411764705882 0.01797385620915033 0.022058823529411763
0 0.47385620915032683 0.8480392156862745 0.04575163398692811 0.044117647058823525
0 0.5228758169934641 0.8553921568627451 0.042483660130718956 0.049019607843137254
0 0.5506535947712419 0.8578431372549019 0.016339869281045753 0.0196078431372549
0 0.5661764705882353 0.8756127450980392 0.01797385620915033 0.023284313725490197
0 0.5392156862745098 0.8884803921568627 0.0392156862745098 0.04656862745098039
0 0.5604575163398693 0.9025735294117647 0.03594771241830066 0.030637254901960783
0 0.5890522875816994 0.9013480392156863 0.024509803921568627 0.028186274509803922
0 0.4795751633986928 0.8725490196078431 0.02777777777777778 0.01715686274509804
0 0.47875816993464054 0.8909313725490196 0.022875816993464054 0.029411764705882353
0 0.4959150326797386 0.9093137254901961 0.024509803921568627 0.03431372549019608
0 0.5147058823529412 0.8988970588235294 0.022875816993464054 0.030637254901960783
0 0.5334967320261438 0.9240196078431372 0.024509803921568627 0.02696078431372549
0 0.5547385620915033 0.9301470588235294 0.021241830065359478 0.031862745098039214
0 0.5727124183006536 0.9356617647058824 0.02777777777777778 0.023284313725490197
0 0.5849673202614379 0.9473039215686274 0.022875816993464054 0.024509803921568627
0 0.6021241830065359 0.9479166666666666 0.021241830065359478 0.028186274509803922
0 0.5890522875816994 0.9650735294117647 0.024509803921568627 0.020833333333333332
0 0.5678104575163399 0.9742647058823529 0.04738562091503268 0.051470588235294115
0 0.45915032679738566 0.923406862745098 0.0196078431372549 0.030637254901960783
0 0.4795751633986928 0.923406862745098 0.02777777777777778 0.030637254901960783
0 0.5032679738562091 0.9344362745098039 0.0196078431372549 0.023284313725490197
0 0.5228758169934641 0.9442401960784313 0.0196078431372549 0.025735294117647058
0 0.5416666666666666 0.9503676470588235 0.024509803921568627 0.013480392156862746
0 0.5318627450980392 0.9662990196078431 0.021241830065359478 0.028186274509803922
0 0.5114379084967321 0.9656862745098039 0.022875816993464054 0.029411764705882353
0 0.4991830065359477 0.9528186274509803 0.021241830065359478 0.023284313725490197
0 0.48284313725490197 0.9534313725490196 0.024509803921568627 0.031862745098039214
0 0.49836601307189543 0.9834558823529411 0.022875816993464054 0.030637254901960783
0 0.48284313725490197 0.9889705882352942 0.024509803921568627 0.022058823529411763
