0 0.8676470588235294 0.4932598039215686 0.022875816993464054 0.01838235294117647
0 0.8316993464052288 0.5165441176470588 0.022875816993464054 0.023284313725490197
0 0.7900326797385621 0.5140931372549019 0.02777777777777778 0.028186274509803922
0 0.7483660130718954 0.548406862745098 0.022875816993464054 0.01838235294117647
0 0.7279411764705882 0.5625 0.01797385620915033 0.01715686274509804
0 0.7352941176470589 0.585171568627451 0.022875816993464054 0.028186274509803922
0 0.7165032679738562 0.6158088235294118 0.024509803921568627 0.013480392156862746
0 0.7066993464052288 0.5520833333333334 0.01797385620915033 0.020833333333333332
0 0.7352941176470589 0.633578431372549 0.022875816993464054 0.024509803921568627
0 0.7418300653594772 0.6544117647058824 0.0392156862745098 0.01715686274509804
0 0.7630718954248367 0.6697303921568627 0.022875816993464054 0.028186274509803922
0 0.7712418300653595 0.7052696078431372 0.029411764705882353 0.015931372549019607
0 0.8031045751633987 0.6979166666666666 0.014705882352941176 0.020833333333333332
0 0.821078431372549 0.71875 0.021241830065359478 0.01838235294117647
0 0.8022875816993464 0.6776960784313726 0.016339869281045753 0.0196078431372549
0 0.7843137254901961 0.6660539215686274 0.016339869281045753 0.020833333333333332
0 0.7622549019607844 0.647671568627451 0.014705882352941176 0.011029411764705881
0 0.7581699346405228 0.6348039215686274 0.013071895424836602 0.014705882352941176
0 0.7728758169934641 0.6378676470588235 0.016339869281045753 0.01838235294117647
0 0.7834967320261438 0.616421568627451 0.02777777777777778 0.031862745098039214
0 0.7949346405228759 0.6458333333333334 0.024509803921568627 0.031862745098039214
0 0.8202614379084967 0.6305147058823529 0.026143790849673203 0.03799019607843137
0 0.8382352941176471 0.6513480392156863 0.0392156862745098 0.03308823529411765
0 0.8496732026143791 0.6776960784313726 0.029411764705882353 0.0196078431372549
0 0.8619281045751634 0.6936274509803921 0.03758169934640523 0.01715686274509804
0 0.8815359477124183 0.7120098039215687 0.01797385620915033 0.00980392156862745
0 0.8986928104575164 0.7181372549019608 0.016339869281045753 0.01715686274509804
0 0.8978758169934641 0.7389705882352942 0.03104575163398693 0.022058823529411763
0 0.9305555555555556 0.7383578431372549 0.01797385620915033 0.020833333333333332
0 0.9101307189542484 0.6985294117647058 0.013071895424836602 0.0196078431372549
0 0.9330065359477124 0.7040441176470588 0.026143790849673203 0.025735294117647058
0 0.8725490196078431 0.6458333333333334 0.0196078431372549 0.024509803921568627
0 0.8929738562091504 0.6593137254901961 0.024509803921568627 0.024509803921568627
0 0.8071895424836601 0.5912990196078431 0.022875816993464054 0.013480392156862746
0 0.8259803921568628 0.6029411764705882 0.014705882352941176 0.014705882352941176
0 0.8447712418300654 0.6145833333333334 0.022875816993464054 0.020833333333333332
0 0.8676470588235294 0.6213235294117647 0.0196078431372549 0.0196078431372549
0 0.8570261437908497 0.6299019607843137 0.01797385620915033 0.007352941176470588
0 0.9281045751633987 0.6323529411764706 0.0392156862745098 0.03431372549019608
0 0.9852941176470589 0.5949754901960784 0.026143790849673203 0.03308823529411765
0 0.7565359477124183 0.5949754901960784 0.0196078431372549 0.025735294117647058
0 0.7712418300653595 0.585171568627451 0.022875816993464054 0.025735294117647058
0 0.7875816993464052 0.5643382352941176 0.03594771241830066 0.01838235294117647
0 0.7933006535947713 0.5802696078431372 0.021241830065359478 0.020833333333333332
0 0.8145424836601307 0.5618872549019608 0.011437908496732027 0.013480392156862746
0 0.8316993464052288 0.5680147058823529 0.022875816993464054 0.015931372549019607
0 0.8406862745098039 0.5906862745098039 0.03104575163398693 0.022058823529411763
0 0.8129084967320261 0.5453431372549019 0.02777777777777778 0.0196078431372549
0 0.8529411764705883 0.5625 0.026143790849673203 0.024509803921568627
0 0.5866013071895425 0.8909313725490196 0.032679738562091505 0.024509803921568627
0 0.8194444444444444 0.991421568627451 0.03758169934640523 0.01715686274509804
0 0.8799019607843137 0.6997549019607843 0.021241830065359478 0.012254901960784314
