0 0.24591503267973858 0.08946078431372549 0.057189542483660136 0.044117647058823525
0 0.11519607843137256 0.10355392156862744 0.01797385620915033 0.01838235294117647
0 0.12908496732026145 0.13970588235294118 0.016339869281045753 0.01715686274509804
0 0.16584967320261437 0.14338235294117646 0.008169934640522876 0.012254901960784314
0 0.16830065359477125 0.17892156862745098 0.016339869281045753 0.024509803921568627
0 0.1576797385620915 0.20955882352941177 0.01797385620915033 0.022058823529411763
0 0.1576797385620915 0.19117647058823528 0.014705882352941176 0.014705882352941176
0 0.1593137254901961 0.2493872549019608 0.04084967320261438 0.0428921568627451
0 0.11519607843137256 0.2389705882352941 0.03104575163398693 0.0196078431372549
0 0.08496732026143791 0.2506127450980392 0.0196078431372549 0.025735294117647058
0 0.119281045751634 0.2659313725490196 0.029411764705882353 0.024509803921568627
0 0.13480392156862744 0.25674019607843135 0.01797385620915033 0.020833333333333332
0 0.14379084967320263 0.28308823529411764 0.026143790849673203 0.031862745098039214
0 0.12418300653594772 0.31556372549019607 0.0392156862745098 0.05024509803921569
0 0.1527777777777778 0.31985294117647056 0.014705882352941176 0.0196078431372549
0 0.16094771241830066 0.3492647058823529 0.021241830065359478 0.02696078431372549
0 0.1781045751633987 0.3627450980392157 0.016339869281045753 0.01715686274509804
0 0.14379084967320263 0.3596813725490196 0.032679738562091505 0.03799019607843137
0 0.12826797385620917 0.37193627450980393 0.011437908496732027 0.025735294117647058
0 0.13480392156862744 0.4007352941176471 0.014705882352941176 0.022058823529411763
0 0.14869281045751634 0.3909313725490196 0.016339869281045753 0.0196078431372549
0 0.119281045751634 0.4099264705882353 0.026143790849673203 0.023284313725490197
0 0.1388888888888889 0.42034313725490197 0.0196078431372549 0.022058823529411763
0 0.1576797385620915 0.41973039215686275 0.014705882352941176 0.015931372549019607
0 0.16258169934640523 0.4417892156862745 0.01797385620915033 0.025735294117647058
0 0.16993464052287582 0.4571078431372549 0.013071895424836602 0.01715686274509804
0 0.17973856209150327 0.4699754901960784 0.013071895424836602 0.01838235294117647
0 0.1854575163398693 0.48713235294117646 0.01797385620915033 0.023284313725490197
0 0.20016339869281047 0.5098039215686274 0.024509803921568627 0.022058823529411763
0 0.11846405228758171 0.4325980392156863 0.024509803921568627 0.0196078431372549
0 0.14133986928104575 0.4338235294117647 0.01797385620915033 0.012254901960784314
0 0.13071895424836602 0.4479166666666667 0.016339869281045753 0.01838235294117647
0 0.14705882352941177 0.45036764705882354 0.013071895424836602 0.011029411764705881
0 0.12173202614379085 0.4632352941176471 0.014705882352941176 0.0196078431372549
0 0.14624183006535948 0.48161764705882354 0.04084967320261438 0.04656862745098039
0 0.12173202614379085 0.5214460784313726 0.021241830065359478 0.025735294117647058
0 0.14869281045751634 0.5177696078431373 0.0196078431372549 0.020833333333333332
0 0.14379084967320263 0.5410539215686274 0.026143790849673203 0.023284313725490197
0 0.11846405228758171 0.5490196078431373 0.021241830065359478 0.02696078431372549
0 0.13562091503267976 0.5631127450980392 0.013071895424836602 0.015931372549019607
0 0.14379084967320263 0.5765931372549019 0.026143790849673203 0.013480392156862746
0 0.16176470588235295 0.5931372549019608 0.026143790849673203 0.029411764705882353
0 0.14297385620915032 0.5943627450980392 0.014705882352941176 0.0196078431372549
0 0.10947712418300654 0.5962009803921569 0.022875816993464054 0.013480392156862746
0 0.12745098039215685 0.5986519607843137 0.00980392156862745 0.013480392156862746
0 0.12336601307189543 0.6145833333333334 0.014705882352941176 0.01838235294117647
0 0.14052287581699346 0.616421568627451 0.016339869281045753 0.024509803921568627
0 0.16339869281045752 0.6145833333333334 0.016339869281045753 0.01838235294117647
0 0.19281045751633988 0.6102941176470588 0.03594771241830066 0.041666666666666664
0 0.20261437908496732 0.6348039215686274 0.016339869281045753 0.0196078431372549
0 0.2238562091503268 0.6280637254901961 0.016339869281045753 0.020833333333333332
0 0.1053921568627451 0.6170343137254902 0.021241830065359478 0.025735294117647058
0 0.10212418300653595 0.6446078431372549 0.02777777777777778 0.031862745098039214
0 0.12254901960784315 0.6354166666666666 0.016339869281045753 0.020833333333333332
0 0.1380718954248366 0.6390931372549019 0.01797385620915033 0.01838235294117647
0 0.1593137254901961 0.6372549019607843 0.021241830065359478 0.022058823529411763
0 0.16748366013071897 0.6311274509803921 0.01797385620915033 0.014705882352941176
0 0.184640522875817 0.6507352941176471 0.0196078431372549 0.02696078431372549
0 0.2042483660130719 0.6636029411764706 0.0196078431372549 0.020833333333333332
0 0.125 0.6519607843137255 0.014705882352941176 0.01715686274509804
0 0.10375816993464053 0.6746323529411765 0.02777777777777778 0.030637254901960783
0 0.13071895424836602 0.6844362745098039 0.0196078431372549 0.03308823529411765
0 0.14787581699346405 0.6556372549019608 0.024509803921568627 0.024509803921568627
0 0.1568627450980392 0.6721813725490196 0.022875816993464054 0.01838235294117647
0 0.16911764705882354 0.6776960784313726 0.01797385620915033 0.012254901960784314
0 0.18709150326797386 0.6795343137254902 0.01797385620915033 0.028186274509803922
0 0.21323529411764708 0.6862745098039216 0.03104575163398693 0.024509803921568627
0 0.1519607843137255 0.696078431372549 0.022875816993464054 0.031862745098039214
0 0.1715686274509804 0.6973039215686274 0.0196078431372549 0.02696078431372549
0 0.18872549019607843 0.7052696078431372 0.014705882352941176 0.025735294117647058
0 0.2099673202614379 0.7071078431372549 0.01797385620915033 0.024509803921568627
0 0.19771241830065361 0.71875 0.016339869281045753 0.015931372549019607
0 0.20833333333333334 0.7303921568627451 0.01797385620915033 0.022058823529411763
0 0.1919934640522876 0.741421568627451 0.021241830065359478 0.02696078431372549
0 0.09722222222222222 0.7009803921568627 0.01797385620915033 0.0196078431372549
0 0.11437908496732027 0.696078431372549 0.016339869281045753 0.022058823529411763
0 0.13316993464052287 0.7089460784313726 0.024509803921568627 0.013480392156862746
0 0.10947712418300654 0.7279411764705882 0.0196078431372549 0.024509803921568627
0 0.12581699346405228 0.7267156862745098 0.0196078431372549 0.0196078431372549
0 0.14705882352941177 0.7224264705882353 0.026143790849673203 0.013480392156862746
0 0.14787581699346405 0.7444852941176471 0.02777777777777778 0.03308823529411765
0 0.1642156862745098 0.7579656862745098 0.024509803921568627 0.013480392156862746
0 0.18627450980392157 0.767156862745098 0.0196078431372549 0.0196078431372549
0 0.20261437908496732 0.7855392156862745 0.022875816993464054 0.031862745098039214
0 0.22712418300653595 0.7873774509803921 0.032679738562091505 0.03553921568627451
0 0.23202614379084968 0.8149509803921569 0.029411764705882353 0.024509803921568627
0 0.10620915032679738 0.7481617647058824 0.029411764705882353 0.025735294117647058
0 0.125 0.7512254901960784 0.01797385620915033 0.029411764705882353
0 0.1593137254901961 0.7714460784313726 0.04084967320261438 0.020833333333333332
0 0.11519607843137256 0.7830882352941176 0.024509803921568627 0.03676470588235294
0 0.09967320261437909 0.7928921568627451 0.022875816993464054 0.03431372549019608
0 0.14052287581699346 0.7861519607843137 0.029411764705882353 0.030637254901960783
0 0.13398692810457516 0.8008578431372549 0.032679738562091505 0.011029411764705881
0 0.10049019607843138 0.8247549019607843 0.024509803921568627 0.02696078431372549
0 0.09640522875816994 0.8627450980392157 0.022875816993464054 0.03676470588235294
0 0.11356209150326797 0.8498774509803921 0.014705882352941176 0.028186274509803922
0 0.12908496732026145 0.8449754901960784 0.016339869281045753 0.023284313725490197
0 0.14460784313725492 0.8449754901960784 0.011437908496732027 0.01838235294117647
0 0.14787581699346405 0.8327205882352942 0.01797385620915033 0.015931372549019607
0 0.14379084967320263 0.8155637254901961 0.013071895424836602 0.015931372549019607
0 0.12745098039215685 0.8106617647058824 0.016339869281045753 0.011029411764705881
0 0.16830065359477125 0.8204656862745098 0.022875816993464054 0.04044117647058824
0 0.17973856209150327 0.7935049019607843 0.03594771241830066 0.023284313725490197
0 0.1985294117647059 0.8229166666666666 0.03104575163398693 0.0428921568627451
0 0.21650326797385622 0.8394607843137255 0.021241830065359478 0.024509803921568627
0 0.20506535947712418 0.8560049019607843 0.014705882352941176 0.01838235294117647
0 0.1650326797385621 0.8694852941176471 0.029411764705882353 0.028186274509803922
0 0.1895424836601307 0.8860294117647058 0.013071895424836602 0.014705882352941176
0 0.11601307189542484 0.8756127450980392 0.016339869281045753 0.023284313725490197
0 0.1323529411764706 0.8823529411764706 0.013071895424836602 0.022058823529411763
0 0.13725490196078433 0.8645833333333334 0.026143790849673203 0.013480392156862746
0 0.15522875816993464 0.8915441176470588 0.032679738562091505 0.025735294117647058
0 0.12745098039215685 0.9068627450980392 0.0196078431372549 0.02696078431372549
0 0.15441176470588236 0.9111519607843137 0.02777777777777778 0.015931372549019607
0 0.1454248366013072 0.9246323529411764 0.0196078431372549 0.020833333333333332
0 0.12990196078431374 0.9344362745098039 0.014705882352941176 0.023284313725490197
0 0.14215686274509803 0.9473039215686274 0.029411764705882353 0.022058823529411763
0 0.1715686274509804 0.9338235294117647 0.022875816993464054 0.02696078431372549
0 0.1650326797385621 0.5214460784313726 0.013071895424836602 0.015931372549019607
