0 0.5808823529411765 0.19117647058823528 0.06699346405228758 0.044117647058823525
0 0.6299019607843137 0.4742647058823529 0.07026143790849673 0.041666666666666664
0 0.38562091503267976 0.5882352941176471 0.058823529411764705 0.061274509803921566
0 0.5334967320261438 0.6636029411764706 0.04411764705882353 0.028186274509803922
0 0.49673202614379086 0.7647058823529411 0.03594771241830066 0.029411764705882353
0 0.41748366013071897 0.7591911764705882 0.04411764705882353 0.04044117647058824
0 0.4714052287581699 0.9626225490196079 0.04411764705882353 0.030637254901960783
0 0.7851307189542484 0.05943627450980392 0.03758169934640523 0.025735294117647058
0 0.4011437908496732 0.13051470588235295 0.04411764705882353 0.020833333333333332
0 0.32107843137254904 0.08639705882352941 0.04411764705882353 0.020833333333333332
0 0.23692810457516342 0.24387254901960784 0.032679738562091505 0.01715686274509804
0 0.2581699346405229 0.2622549019607843 0.029411764705882353 0.0196078431372549
0 0.23692810457516342 0.28431372549019607 0.032679738562091505 0.024509803921568627
0 0.08415032679738563 0.321078431372549 0.03758169934640523 0.0196078431372549
0 0.0196078431372549 0.22977941176470587 0.032679738562091505 0.020833333333333332
0 0.035130718954248366 0.12806372549019607 0.03104575163398693 0.028186274509803922
0 0.1568627450980392 0.07475490196078431 0.032679738562091505 0.01715686274509804
0 0.013071895424836602 0.09497549019607843 0.022875816993464054 0.023284313725490197
0 0.02042483660130719 0.07169117647058823 0.03104575163398693 0.020833333333333332
0 0.021241830065359478 0.39215686274509803 0.032679738562091505 0.03431372549019608
0 0.23447712418300654 0.48161764705882354 0.03758169934640523 0.022058823529411763
0 0.18872549019607843 0.4583333333333333 0.03104575163398693 0.024509803921568627
0 0.15604575163398693 0.4528186274509804 0.024509803921568627 0.028186274509803922
0 0.1707516339869281 0.4779411764705882 0.03104575163398693 0.0196078431372549
0 0.1576797385620915 0.4957107843137255 0.03431372549019608 0.023284313725490197
0 0.1315359477124183 0.47549019607843135 0.03431372549019608 0.014705882352941176
0 0.11519607843137256 0.49142156862745096 0.021241830065359478 0.022058823529411763
0 0.09558823529411765 0.5104166666666666 0.024509803921568627 0.025735294117647058
0 0.056372549019607844 0.5202205882352942 0.03758169934640523 0.0428921568627451
0 0.014705882352941176 0.539828431372549 0.026143790849673203 0.01838235294117647
0 0.01388888888888889 0.5588235294117647 0.024509803921568627 0.014705882352941176
0 0.013071895424836602 0.5729166666666666 0.022875816993464054 0.020833333333333332
0 0.06781045751633988 0.9846813725490196 0.03104575163398693 0.028186274509803922
0 0.015522875816993464 0.8014705882352942 0.02777777777777778 0.022058823529411763
0 0.013071895424836602 0.8247549019607843 0.022875816993464054 0.02696078431372549
0 0.01388888888888889 0.8474264705882353 0.024509803921568627 0.020833333333333332
0 0.012254901960784314 0.9197303921568627 0.021241830065359478 0.04534313725490196
0 0.008986928104575164 0.9577205882352942 0.014705882352941176 0.03553921568627451
0 0.1323529411764706 0.049019607843137254 0.042483660130718956 0.022058823529411763
0 0.04084967320261438 0.028186274509803922 0.022875816993464054 0.02696078431372549
0 0.022875816993464054 0.020833333333333332 0.0196078431372549 0.024509803921568627
0 0.028594771241830068 0.00857843137254902 0.024509803921568627 0.014705882352941176
0 0.011437908496732027 0.016544117647058824 0.0196078431372549 0.030637254901960783
0 0.015522875816993464 0.05024509803921569 0.02777777777777778 0.03676470588235294
0 0.21405228758169936 0.9926470588235294 0.029411764705882353 0.014705882352941176
0 0.1576797385620915 0.9950980392156863 0.021241830065359478 0.00980392156862745
0 0.004901960784313725 0.1868872549019608 0.006535947712418301 0.023284313725490197
