0 0.6413398692810458 0.037377450980392156 0.04084967320261438 0.020833333333333332
0 0.04084967320261438 0.10049019607843138 0.032679738562091505 0.0196078431372549
0 0.025326797385620915 0.1403186274509804 0.021241830065359478 0.030637254901960783
0 0.04575163398692811 0.13848039215686275 0.0196078431372549 0.014705882352941176
0 0.06372549019607843 0.13174019607843138 0.032679738562091505 0.015931372549019607
0 0.07434640522875817 0.15625 0.01797385620915033 0.023284313725490197
0 0.05392156862745098 0.14767156862745098 0.022875816993464054 0.013480392156862746
0 0.05392156862745098 0.16115196078431374 0.026143790849673203 0.015931372549019607
0 0.016339869281045753 0.16973039215686275 0.0196078431372549 0.015931372549019607
0 0.03758169934640523 0.17279411764705882 0.0196078431372549 0.0196078431372549
0 0.0196078431372549 0.1917892156862745 0.022875816993464054 0.028186274509803922
0 0.05310457516339869 0.19852941176470587 0.04411764705882353 0.03431372549019608
0 0.008986928104575164 0.20833333333333334 0.014705882352941176 0.00980392156862745
0 0.02369281045751634 0.21629901960784315 0.014705882352941176 0.01838235294117647
0 0.012254901960784314 0.22794117647058823 0.01797385620915033 0.01715686274509804
0 0.05473856209150327 0.2267156862745098 0.03104575163398693 0.01715686274509804
0 0.03758169934640523 0.24080882352941177 0.029411764705882353 0.028186274509803922
0 0.06045751633986928 0.24142156862745098 0.016339869281045753 0.014705882352941176
0 0.057189542483660136 0.2555147058823529 0.013071895424836602 0.013480392156862746
0 0.015522875816993464 0.24754901960784315 0.021241830065359478 0.012254901960784314
0 0.032679738562091505 0.25735294117647056 0.022875816993464054 0.014705882352941176
0 0.04330065359477124 0.26776960784313725 0.011437908496732027 0.013480392156862746
0 0.025326797385620915 0.2738970588235294 0.008169934640522876 0.015931372549019607
0 0.03594771241830066 0.2818627450980392 0.016339869281045753 0.012254901960784314
0 0.06535947712418301 0.2916666666666667 0.0196078431372549 0.024509803921568627
0 0.03022875816993464 0.29840686274509803 0.01797385620915033 0.015931372549019607
0 0.04820261437908497 0.30453431372549017 0.024509803921568627 0.01838235294117647
0 0.06045751633986928 0.3167892156862745 0.016339869281045753 0.015931372549019607
0 0.031862745098039214 0.33455882352941174 0.024509803921568627 0.024509803921568627
0 0.1854575163398693 0.21262254901960784 0.01797385620915033 0.025735294117647058
0 0.3978758169934641 0.3517156862745098 0.024509803921568627 0.02696078431372549
0 0.03431372549019608 0.3645833333333333 0.022875816993464054 0.028186274509803922
0 0.05310457516339869 0.35355392156862747 0.01797385620915033 0.015931372549019607
0 0.031862745098039214 0.38235294117647056 0.021241830065359478 0.012254901960784314
0 0.02696078431372549 0.39705882352941174 0.02777777777777778 0.014705882352941176
0 0.02369281045751634 0.4050245098039216 0.024509803921568627 0.00857843137254902
0 0.04656862745098039 0.3995098039215686 0.01797385620915033 0.029411764705882353
0 0.059640522875817 0.4111519607843137 0.014705882352941176 0.01838235294117647
0 0.0661764705882353 0.4301470588235294 0.01797385620915033 0.0196078431372549
0 0.012254901960784314 0.42463235294117646 0.01797385620915033 0.028186274509803922
0 0.031862745098039214 0.4307598039215686 0.021241830065359478 0.030637254901960783
0 0.04493464052287582 0.4430147058823529 0.01797385620915033 0.013480392156862746
0 0.018790849673202614 0.44730392156862747 0.014705882352941176 0.014705882352941176
0 0.026143790849673203 0.46629901960784315 0.0196078431372549 0.023284313725490197
0 0.04493464052287582 0.4632352941176471 0.01797385620915033 0.02696078431372549
0 0.059640522875817 0.4540441176470588 0.011437908496732027 0.015931372549019607
0 0.057189542483660136 0.4742647058823529 0.0196078431372549 0.022058823529411763
0 0.06944444444444445 0.48651960784313725 0.021241830065359478 0.029411764705882353
0 0.00980392156862745 0.47855392156862747 0.016339869281045753 0.025735294117647058
0 0.02777777777777778 0.49203431372549017 0.0196078431372549 0.023284313725490197
0 0.049836601307189546 0.49754901960784315 0.02777777777777778 0.024509803921568627
0 0.06535947712418301 0.5104166666666666 0.00980392156862745 0.015931372549019607
0 0.02777777777777778 0.5263480392156863 0.0196078431372549 0.01838235294117647
0 0.03839869281045752 0.5159313725490196 0.014705882352941176 0.01715686274509804
0 0.05800653594771242 0.53125 0.03104575163398693 0.01838235294117647
0 0.0392156862745098 0.5545343137254902 0.0196078431372549 0.025735294117647058
0 0.059640522875817 0.553921568627451 0.01797385620915033 0.024509803921568627
0 0.07516339869281045 0.5526960784313726 0.016339869281045753 0.024509803921568627
0 0.03758169934640523 0.5741421568627451 0.013071895424836602 0.011029411764705881
0 0.03022875816993464 0.5857843137254902 0.01797385620915033 0.022058823529411763
0 0.05065359477124183 0.5925245098039216 0.0196078431372549 0.030637254901960783
0 0.06372549019607843 0.5814950980392157 0.016339869281045753 0.015931372549019607
0 0.07352941176470588 0.5735294117647058 0.016339869281045753 0.01715686274509804
0 0.06862745098039216 0.6060049019607843 0.022875816993464054 0.030637254901960783
0 0.01388888888888889 0.6127450980392157 0.021241830065359478 0.02696078431372549
0 0.02777777777777778 0.616421568627451 0.0196078431372549 0.0196078431372549
0 0.04411764705882353 0.6200980392156863 0.016339869281045753 0.0196078431372549
0 0.059640522875817 0.6286764705882353 0.014705882352941176 0.01715686274509804
0 0.07679738562091504 0.6299019607843137 0.013071895424836602 0.012254901960784314
0 0.031862745098039214 0.6384803921568627 0.01797385620915033 0.024509803921568627
0 0.05147058823529412 0.6415441176470588 0.014705882352941176 0.01838235294117647
0 0.03676470588235294 0.6574754901960784 0.014705882352941176 0.01838235294117647
0 0.02042483660130719 0.6721813725490196 0.021241830065359478 0.013480392156862746
0 0.04575163398692811 0.6813725490196079 0.022875816993464054 0.014705882352941176
0 0.0727124183006536 0.6783088235294118 0.014705882352941176 0.020833333333333332
0 0.09885620915032681 0.6930147058823529 0.021241830065359478 0.020833333333333332
0 0.11846405228758171 0.6911764705882353 0.021241830065359478 0.022058823529411763
0 0.12336601307189543 0.7150735294117647 0.021241830065359478 0.023284313725490197
0 0.14460784313725492 0.7193627450980392 0.01797385620915033 0.022058823529411763
0 0.14624183006535948 0.741421568627451 0.01797385620915033 0.0196078431372549
0 0.01797385620915033 0.7003676470588235 0.026143790849673203 0.025735294117647058
0 0.03349673202614379 0.6936274509803921 0.01797385620915033 0.022058823529411763
0 0.013071895424836602 0.7218137254901961 0.016339869281045753 0.01715686274509804
0 0.024509803921568627 0.7316176470588235 0.016339869281045753 0.0196078431372549
0 0.04575163398692811 0.7107843137254902 0.022875816993464054 0.00980392156862745
0 0.06781045751633988 0.7064950980392157 0.021241830065359478 0.011029411764705881
0 0.08660130718954248 0.7107843137254902 0.016339869281045753 0.014705882352941176
0 0.08251633986928104 0.6973039215686274 0.011437908496732027 0.012254901960784314
0 0.10130718954248366 0.71875 0.016339869281045753 0.023284313725490197
0 0.00980392156862745 0.7665441176470588 0.00980392156862745 0.013480392156862746
0 0.025326797385620915 0.7610294117647058 0.014705882352941176 0.012254901960784314
0 0.06454248366013073 0.7242647058823529 0.021241830065359478 0.02696078431372549
0 0.06045751633986928 0.7463235294117647 0.022875816993464054 0.01715686274509804
0 0.0857843137254902 0.7591911764705882 0.03104575163398693 0.025735294117647058
0 0.06944444444444445 0.7628676470588235 0.02777777777777778 0.01838235294117647
0 0.04575163398692811 0.7696078431372549 0.026143790849673203 0.02696078431372549
0 0.007352941176470588 0.7941176470588235 0.011437908496732027 0.03431372549019608
0 0.08333333333333334 0.7855392156862745 0.026143790849673203 0.022058823529411763
0 0.04411764705882353 0.7971813725490196 0.026143790849673203 0.023284313725490197
0 0.005718954248366014 0.8290441176470588 0.008169934640522876 0.028186274509803922
0 0.01797385620915033 0.8431372549019608 0.013071895424836602 0.012254901960784314
0 0.031862745098039214 0.8192401960784313 0.011437908496732027 0.01838235294117647
0 0.04330065359477124 0.8229166666666666 0.014705882352941176 0.020833333333333332
0 0.05392156862745098 0.8302696078431372 0.016339869281045753 0.01838235294117647
0 0.06454248366013073 0.8400735294117647 0.021241830065359478 0.015931372549019607
0 0.07761437908496732 0.8474264705882353 0.014705882352941176 0.015931372549019607
0 0.07189542483660132 0.8596813725490196 0.0196078431372549 0.013480392156862746
0 0.09068627450980392 0.8578431372549019 0.01797385620915033 0.024509803921568627
0 0.08823529411764706 0.8333333333333334 0.0196078431372549 0.01715686274509804
0 0.10212418300653595 0.8112745098039216 0.03104575163398693 0.02696078431372549
0 0.11519607843137256 0.7971813725490196 0.011437908496732027 0.01838235294117647
0 0.12581699346405228 0.8063725490196079 0.013071895424836602 0.02696078431372549
0 0.13643790849673204 0.8235294117647058 0.024509803921568627 0.0196078431372549
0 0.17483660130718956 0.7634803921568627 0.016339869281045753 0.022058823529411763
0 0.17320261437908496 0.6966911764705882 0.026143790849673203 0.01838235294117647
0 0.19444444444444445 0.7573529411764706 0.0196078431372549 0.022058823529411763
0 0.20506535947712418 0.7696078431372549 0.021241830065359478 0.024509803921568627
0 0.21977124183006536 0.7806372549019608 0.01797385620915033 0.0196078431372549
0 0.18300653594771243 0.7855392156862745 0.022875816993464054 0.024509803921568627
0 0.18872549019607843 0.798406862745098 0.014705882352941176 0.020833333333333332
0 0.2042483660130719 0.8051470588235294 0.0196078431372549 0.01715686274509804
0 0.2181372549019608 0.798406862745098 0.021241830065359478 0.01838235294117647
0 0.23284313725490197 0.8143382352941176 0.021241830065359478 0.023284313725490197
0 0.1985294117647059 0.821078431372549 0.024509803921568627 0.0196078431372549
0 0.1772875816993464 0.8272058823529411 0.021241830065359478 0.024509803921568627
0 0.21160130718954248 0.8345588235294118 0.024509803921568627 0.01715686274509804
0 0.6552287581699346 0.5275735294117647 0.016339869281045753 0.015931372549019607
0 0.542483660130719 0.8707107843137255 0.032679738562091505 0.023284313725490197
0 0.6266339869281046 0.9356617647058824 0.04411764705882353 0.03553921568627451
0 0.45016339869281047 0.96875 0.04738562091503268 0.030637254901960783
0 0.19035947712418302 0.8412990196078431 0.014705882352941176 0.01838235294117647
0 0.13725490196078433 0.84375 0.0196078431372549 0.01838235294117647
0 0.119281045751634 0.8572303921568627 0.022875816993464054 0.015931372549019607
0 0.14215686274509803 0.8645833333333334 0.032679738562091505 0.030637254901960783
0 0.17320261437908496 0.8602941176470588 0.0196078431372549 0.024509803921568627
0 0.18709150326797386 0.8627450980392157 0.011437908496732027 0.0196078431372549
0 0.19771241830065361 0.8572303921568627 0.013071895424836602 0.023284313725490197
0 0.1642156862745098 0.8700980392156863 0.024509803921568627 0.014705882352941176
0 0.22058823529411764 0.8694852941176471 0.022875816993464054 0.01838235294117647
0 0.20751633986928106 0.8743872549019608 0.022875816993464054 0.015931372549019607
0 0.23447712418300654 0.8811274509803921 0.024509803921568627 0.014705882352941176
0 0.20669934640522877 0.8964460784313726 0.02777777777777778 0.030637254901960783
0 0.1519607843137255 0.8958333333333334 0.022875816993464054 0.029411764705882353
0 0.16993464052287582 0.8866421568627451 0.0196078431372549 0.015931372549019607
0 0.18627450980392157 0.8915441176470588 0.016339869281045753 0.028186274509803922
0 0.007352941176470588 0.8615196078431372 0.011437908496732027 0.022058823529411763
0 0.005718954248366014 0.8486519607843137 0.008169934640522876 0.006127450980392157
0 0.016339869281045753 0.8670343137254902 0.013071895424836602 0.01838235294117647
0 0.03758169934640523 0.866421568627451 0.029411764705882353 0.012254901960784314
0 0.04411764705882353 0.8854166666666666 0.026143790849673203 0.030637254901960783
0 0.07189542483660132 0.8909313725490196 0.016339869281045753 0.01715686274509804
0 0.09150326797385622 0.8897058823529411 0.03594771241830066 0.01715686274509804
0 0.08006535947712419 0.8743872549019608 0.013071895424836602 0.013480392156862746
0 0.11111111111111112 0.8817401960784313 0.016339869281045753 0.025735294117647058
0 0.12581699346405228 0.8823529411764706 0.013071895424836602 0.014705882352941176
0 0.12990196078431374 0.8958333333333334 0.021241830065359478 0.012254901960784314
0 0.010620915032679739 0.8970588235294118 0.01797385620915033 0.024509803921568627
0 0.028594771241830068 0.8995098039215687 0.014705882352941176 0.022058823529411763
0 0.04166666666666667 0.9087009803921569 0.021241830065359478 0.01838235294117647
0 0.16911764705882354 0.9068627450980392 0.014705882352941176 0.0196078431372549
0 0.17401960784313725 0.9221813725490196 0.021241830065359478 0.020833333333333332
0 0.15441176470588236 0.9197303921568627 0.021241830065359478 0.023284313725490197
0 0.007352941176470588 0.9185049019607843 0.011437908496732027 0.015931372549019607
0 0.022875816993464054 0.9221813725490196 0.0196078431372549 0.020833333333333332
0 0.05392156862745098 0.9093137254901961 0.0196078431372549 0.012254901960784314
0 0.05800653594771242 0.9209558823529411 0.03104575163398693 0.011029411764705881
0 0.04493464052287582 0.9276960784313726 0.021241830065359478 0.012254901960784314
0 0.08415032679738563 0.9056372549019608 0.024509803921568627 0.014705882352941176
0 0.09395424836601307 0.9172794117647058 0.014705882352941176 0.01838235294117647
0 0.11111111111111112 0.9037990196078431 0.0196078431372549 0.020833333333333332
0 0.11356209150326797 0.9283088235294118 0.024509803921568627 0.03308823529411765
0 0.00980392156862745 0.9362745098039216 0.016339869281045753 0.0196078431372549
0 0.02777777777777778 0.9399509803921569 0.0196078431372549 0.014705882352941176
0 0.04084967320261438 0.9356617647058824 0.013071895424836602 0.013480392156862746
0 0.05310457516339869 0.9424019607843137 0.014705882352941176 0.01715686274509804
0 0.12990196078431374 0.9215686274509803 0.014705882352941176 0.014705882352941176
0 0.14215686274509803 0.923406862745098 0.013071895424836602 0.01838235294117647
0 0.08006535947712419 0.9332107843137255 0.00980392156862745 0.01838235294117647
0 0.08905228758169935 0.9424019607843137 0.014705882352941176 0.022058823529411763
0 0.10620915032679738 0.9515931372549019 0.016339869281045753 0.020833333333333332
0 0.12745098039215685 0.9485294117647058 0.016339869281045753 0.024509803921568627
0 0.14869281045751634 0.9393382352941176 0.032679738562091505 0.013480392156862746
0 0.15114379084967322 0.9503676470588235 0.03104575163398693 0.01838235294117647
0 0.03676470588235294 0.954656862745098 0.01797385620915033 0.0196078431372549
0 0.004901960784313725 0.9491421568627451 0.006535947712418301 0.011029411764705881
0 0.01715686274509804 0.960171568627451 0.014705882352941176 0.015931372549019607
0 0.007352941176470588 0.9718137254901961 0.011437908496732027 0.01715686274509804
0 0.031862745098039214 0.9742647058823529 0.01797385620915033 0.0196078431372549
0 0.05310457516339869 0.9595588235294118 0.014705882352941176 0.0196078431372549
0 0.05147058823529412 0.991421568627451 0.014705882352941176 0.01715686274509804
0 0.05310457516339869 0.9761029411764706 0.01797385620915033 0.013480392156862746
0 0.0784313725490196 0.9846813725490196 0.029411764705882353 0.028186274509803922
0 0.08333333333333334 0.9613970588235294 0.016339869281045753 0.020833333333333332
0 0.10049019607843138 0.9712009803921569 0.01797385620915033 0.023284313725490197
0 0.12336601307189543 0.9693627450980392 0.021241830065359478 0.02696078431372549
0 0.11437908496732027 0.9865196078431372 0.016339869281045753 0.0196078431372549
0 0.14133986928104575 0.9724264705882353 0.01797385620915033 0.023284313725490197
0 0.1576797385620915 0.9797794117647058 0.01797385620915033 0.023284313725490197
0 0.008986928104575164 0.5055147058823529 0.014705882352941176 0.015931372549019607
0 0.05310457516339869 0.33026960784313725 0.014705882352941176 0.023284313725490197
0 0.042483660130718956 0.321078431372549 0.013071895424836602 0.012254901960784314
0 0.8864379084967321 0.3474264705882353 0.024509803921568627 0.013480392156862746
0 0.8995098039215687 0.36887254901960786 0.024509803921568627 0.022058823529411763
0 0.9240196078431373 0.3700980392156863 0.024509803921568627 0.029411764705882353
0 0.9501633986928105 0.35723039215686275 0.014705882352941176 0.01838235294117647
0 0.9901960784313726 0.3541666666666667 0.0196078431372549 0.014705882352941176
0 0.9632352941176471 0.3676470588235294 0.011437908496732027 0.014705882352941176
0 0.9436274509803921 0.3743872549019608 0.011437908496732027 0.013480392156862746
0 0.880718954248366 0.39644607843137253 0.032679738562091505 0.028186274509803922
0 0.9199346405228759 0.39215686274509803 0.026143790849673203 0.01715686274509804
0 0.9256535947712419 0.40379901960784315 0.01797385620915033 0.020833333333333332
0 0.9395424836601307 0.39705882352941174 0.013071895424836602 0.0196078431372549
0 0.9468954248366014 0.38848039215686275 0.01797385620915033 0.014705882352941176
0 0.863562091503268 0.4387254901960784 0.03104575163398693 0.014705882352941176
0 0.8700980392156863 0.4522058823529412 0.01797385620915033 0.0196078431372549
0 0.9844771241830066 0.3707107843137255 0.021241830065359478 0.015931372549019607
0 0.9910130718954249 0.38112745098039214 0.01797385620915033 0.014705882352941176
0 0.977124183006536 0.39705882352941174 0.029411764705882353 0.031862745098039214
0 0.9926470588235294 0.4111519607843137 0.014705882352941176 0.020833333333333332
0 0.9183006535947713 0.4185049019607843 0.026143790849673203 0.01838235294117647
0 0.9419934640522876 0.41605392156862747 0.014705882352941176 0.015931372549019607
0 0.9550653594771242 0.4074754901960784 0.014705882352941176 0.020833333333333332
0 0.9673202614379085 0.4215686274509804 0.029411764705882353 0.014705882352941176
0 0.9109477124183006 0.43504901960784315 0.03104575163398693 0.01715686274509804
0 0.8880718954248367 0.4362745098039216 0.014705882352941176 0.01715686274509804
0 0.9379084967320261 0.4362745098039216 0.026143790849673203 0.022058823529411763
0 0.9534313725490197 0.43933823529411764 0.021241830065359478 0.015931372549019607
0 0.9714052287581699 0.4430147058823529 0.021241830065359478 0.025735294117647058
0 0.9852941176470589 0.4332107843137255 0.013071895424836602 0.013480392156862746
0 0.8848039215686275 0.45894607843137253 0.01797385620915033 0.01838235294117647
0 0.9150326797385622 0.4534313725490196 0.032679738562091505 0.014705882352941176
0 0.9534313725490197 0.47058823529411764 0.024509803921568627 0.02696078431372549
0 0.9746732026143791 0.49203431372549017 0.03104575163398693 0.030637254901960783
0 0.8921568627450981 0.47058823529411764 0.016339869281045753 0.01715686274509804
0 0.9093137254901961 0.46629901960784315 0.02777777777777778 0.013480392156862746
0 0.9093137254901961 0.4803921568627451 0.01797385620915033 0.01715686274509804
0 0.9362745098039216 0.47610294117647056 0.029411764705882353 0.013480392156862746
0 0.8921568627450981 0.4877450980392157 0.026143790849673203 0.014705882352941176
0 0.8970588235294118 0.5042892156862745 0.0196078431372549 0.023284313725490197
0 0.9150326797385622 0.5030637254901961 0.0196078431372549 0.020833333333333332
0 0.9338235294117647 0.49693627450980393 0.03104575163398693 0.028186274509803922
0 0.9411764705882353 0.522671568627451 0.026143790849673203 0.023284313725490197
0 0.9297385620915033 0.5441176470588235 0.032679738562091505 0.014705882352941176
0 0.9215686274509804 0.5594362745098039 0.029411764705882353 0.013480392156862746
0 0.7336601307189543 0.6262254901960784 0.029411764705882353 0.014705882352941176
0 0.883169934640523 0.5741421568627451 0.024509803921568627 0.01838235294117647
0 0.9068627450980392 0.5931372549019608 0.022875816993464054 0.022058823529411763
0 0.9044117647058824 0.6311274509803921 0.02777777777777778 0.029411764705882353
0 0.8464052287581699 0.6599264705882353 0.029411764705882353 0.020833333333333332
0 0.8668300653594772 0.6887254901960784 0.021241830065359478 0.022058823529411763
0 0.8194444444444444 0.6899509803921569 0.02777777777777778 0.012254901960784314
0 0.7263071895424836 0.7610294117647058 0.04738562091503268 0.0392156862745098
0 0.7802287581699346 0.7383578431372549 0.021241830065359478 0.01838235294117647
0 0.7794117647058824 0.7653186274509803 0.016339869281045753 0.020833333333333332
0 0.7589869281045751 0.7837009803921569 0.021241830065359478 0.011029411764705881
0 0.7949346405228759 0.8020833333333334 0.03758169934640523 0.028186274509803922
0 0.7794117647058824 0.7849264705882353 0.016339869281045753 0.015931372549019607
0 0.8431372549019608 0.8020833333333334 0.049019607843137254 0.023284313725490197
0 0.8553921568627452 0.7849264705882353 0.024509803921568627 0.013480392156862746
0 0.8864379084967321 0.7787990196078431 0.03104575163398693 0.030637254901960783
0 0.8897058823529412 0.8069852941176471 0.03758169934640523 0.020833333333333332
0 0.9142156862745099 0.8247549019607843 0.01797385620915033 0.0196078431372549
0 0.8259803921568628 0.7487745098039216 0.01797385620915033 0.01715686274509804
0 0.7867647058823529 0.8198529411764706 0.021241830065359478 0.014705882352941176
0 0.8120915032679739 0.8241421568627451 0.0196078431372549 0.015931372549019607
0 0.8374183006535948 0.8198529411764706 0.024509803921568627 0.00980392156862745
0 0.8349673202614379 0.8302696078431372 0.022875816993464054 0.011029411764705881
0 0.8545751633986929 0.8186274509803921 0.013071895424836602 0.014705882352941176
0 0.8676470588235294 0.8388480392156863 0.03594771241830066 0.023284313725490197
0 0.9697712418300654 0.8302696078431372 0.02777777777777778 0.025735294117647058
0 0.7165032679738562 0.985906862745098 0.02777777777777778 0.020833333333333332
0 0.7205882352941176 0.8780637254901961 0.022875816993464054 0.028186274509803922
0 0.7361111111111112 0.8939950980392156 0.01797385620915033 0.025735294117647058
0 0.7516339869281046 0.9007352941176471 0.00980392156862745 0.01715686274509804
0 0.7769607843137255 0.8866421568627451 0.01797385620915033 0.01838235294117647
0 0.7867647058823529 0.9037990196078431 0.01797385620915033 0.020833333333333332
0 0.8014705882352942 0.9099264705882353 0.021241830065359478 0.023284313725490197
0 0.7859477124183006 0.8578431372549019 0.026143790849673203 0.024509803921568627
0 0.8161764705882353 0.8504901960784313 0.024509803921568627 0.014705882352941176
0 0.8129084967320261 0.8658088235294118 0.021241830065359478 0.013480392156862746
0 0.8447712418300654 0.8590686274509803 0.0392156862745098 0.0196078431372549
0 0.8872549019607844 0.8602941176470588 0.04575163398692811 0.024509803921568627
0 0.7990196078431373 0.8829656862745098 0.022875816993464054 0.020833333333333332
0 0.8169934640522876 0.8829656862745098 0.0196078431372549 0.023284313725490197
0 0.8366013071895425 0.8915441176470588 0.0196078431372549 0.020833333333333332
0 0.8406862745098039 0.8780637254901961 0.01797385620915033 0.013480392156862746
0 0.8668300653594772 0.8780637254901961 0.03104575163398693 0.028186274509803922
0 0.8602941176470589 0.8970588235294118 0.024509803921568627 0.024509803921568627
0 0.9191176470588236 0.8578431372549019 0.021241830065359478 0.01715686274509804
0 0.9305555555555556 0.8394607843137255 0.024509803921568627 0.012254901960784314
0 0.9444444444444444 0.8241421568627451 0.016339869281045753 0.011029411764705881
0 0.9011437908496732 0.8866421568627451 0.03758169934640523 0.015931372549019607
0 0.8929738562091504 0.9087009803921569 0.024509803921568627 0.020833333333333332
0 0.9142156862745099 0.9123774509803921 0.021241830065359478 0.020833333333333332
0 0.9362745098039216 0.9160539215686274 0.032679738562091505 0.025735294117647058
0 0.8856209150326798 0.9325980392156863 0.032679738562091505 0.01715686274509804
0 0.9183006535947713 0.9430147058823529 0.013071895424836602 0.01838235294117647
0 0.9133986928104575 0.9558823529411764 0.013071895424836602 0.01715686274509804
0 0.8880718954248367 0.9644607843137255 0.03104575163398693 0.03431372549019608
0 0.9313725490196079 0.9656862745098039 0.026143790849673203 0.022058823529411763
0 0.9411764705882353 0.9399509803921569 0.022875816993464054 0.024509803921568627
0 0.9738562091503268 0.041666666666666664 0.022875816993464054 0.022058823529411763
