0 0.9575163398692811 0.892156862745098 0.05555555555555556 0.058823529411764705
0 0.02696078431372549 0.6133578431372549 0.05065359477124183 0.05514705882352941
0 0.03022875816993464 0.04779411764705882 0.01797385620915033 0.01715686274509804
0 0.04738562091503268 0.03553921568627451 0.03594771241830066 0.049019607843137254
0 0.09150326797385622 0.031862745098039214 0.042483660130718956 0.024509803921568627
0 0.11601307189542484 0.010416666666666666 0.049019607843137254 0.01838235294117647
0 0.07189542483660132 0.013480392156862746 0.0392156862745098 0.022058823529411763
0 0.08169934640522876 0.8363970588235294 0.042483660130718956 0.0428921568627451
0 0.022875816993464054 0.8970588235294118 0.029411764705882353 0.02696078431372549
0 0.032679738562091505 0.9270833333333334 0.032679738562091505 0.03308823529411765
0 0.0661764705882353 0.9583333333333334 0.04084967320261438 0.041666666666666664
0 0.09150326797385622 0.9810049019607843 0.0392156862745098 0.03799019607843137
0 0.03349673202614379 0.9656862745098039 0.02777777777777778 0.022058823529411763
0 0.01388888888888889 0.9656862745098039 0.01797385620915033 0.022058823529411763
0 0.040032679738562095 0.9883578431372549 0.021241830065359478 0.023284313725490197
0 0.06209150326797386 0.9908088235294118 0.022875816993464054 0.01838235294117647
0 0.025326797385620915 0.9877450980392156 0.024509803921568627 0.024509803921568627
0 0.011437908496732027 0.9834558823529411 0.0196078431372549 0.03308823529411765
