0 0.7222222222222222 0.28431372549019607 0.0196078431372549 0.022058823529411763
0 0.7254901960784313 0.4050245098039216 0.022875816993464054 0.030637254901960783
0 0.7508169934640523 0.5949754901960784 0.02777777777777778 0.020833333333333332
0 0.75 0.6280637254901961 0.026143790849673203 0.03553921568627451
0 0.7361111111111112 0.6433823529411765 0.024509803921568627 0.02696078431372549
0 0.6895424836601307 0.6752450980392157 0.026143790849673203 0.022058823529411763
0 0.5032679738562091 0.34987745098039214 0.03594771241830066 0.028186274509803922
0 0.33496732026143794 0.21752450980392157 0.022875816993464054 0.023284313725490197
0 0.20751633986928106 0.32965686274509803 0.04575163398692811 0.031862745098039214
0 0.684640522875817 0.6930147058823529 0.022875816993464054 0.023284313725490197
0 0.6830065359477124 0.710171568627451 0.016339869281045753 0.015931372549019607
0 0.6862745098039216 0.7291666666666666 0.0196078431372549 0.0196078431372549
0 0.638888888888889 0.6764705882352942 0.026143790849673203 0.014705882352941176
0 0.6699346405228759 0.7334558823529411 0.016339869281045753 0.023284313725490197
0 0.6535947712418301 0.7150735294117647 0.016339869281045753 0.025735294117647058
0 0.6364379084967321 0.7040441176470588 0.01797385620915033 0.020833333333333332
0 0.6102941176470589 0.7126225490196079 0.021241830065359478 0.025735294117647058
0 0.7099673202614379 0.758578431372549 0.01797385620915033 0.022058823529411763
0 0.8415032679738562 0.7524509803921569 0.026143790849673203 0.0196078431372549
0 0.732843137254902 0.7738970588235294 0.014705882352941176 0.015931372549019607
0 0.738562091503268 0.8057598039215687 0.03594771241830066 0.04534313725490196
0 0.6715686274509804 0.7971813725490196 0.016339869281045753 0.020833333333333332
0 0.6919934640522876 0.8045343137254902 0.014705882352941176 0.01838235294117647
0 0.7132352941176471 0.8088235294117647 0.014705882352941176 0.014705882352941176
0 0.7181372549019608 0.8284313725490196 0.021241830065359478 0.022058823529411763
0 0.7279411764705882 0.8584558823529411 0.01797385620915033 0.020833333333333332
0 0.704248366013072 0.8694852941176471 0.03594771241830066 0.04534313725490196
0 0.6952614379084967 0.835171568627451 0.04084967320261438 0.03553921568627451
0 0.6658496732026143 0.8406862745098039 0.02777777777777778 0.029411764705882353
0 0.678921568627451 0.860906862745098 0.03104575163398693 0.013480392156862746
0 0.6535947712418301 0.866421568627451 0.026143790849673203 0.022058823529411763
0 0.7263071895424836 0.9381127450980392 0.03431372549019608 0.023284313725490197
0 0.6470588235294118 0.9705882352941176 0.0196078431372549 0.0196078431372549
0 0.625 0.8002450980392157 0.03431372549019608 0.03431372549019608
