0 0.238562091503268 0.00980392156862745 0.026143790849673203 0.01715686274509804
0 0.2696078431372549 0.012254901960784314 0.029411764705882353 0.012254901960784314
0 0.2908496732026144 0.012254901960784314 0.0196078431372549 0.0196078431372549
0 0.20833333333333334 0.011029411764705881 0.01797385620915033 0.0196078431372549
0 0.22303921568627452 0.02144607843137255 0.024509803921568627 0.028186274509803922
0 0.24019607843137256 0.027573529411764705 0.0196078431372549 0.023284313725490197
0 0.25571895424836605 0.02022058823529412 0.01797385620915033 0.01838235294117647
0 0.2508169934640523 0.03431372549019608 0.021241830065359478 0.01715686274509804
0 0.21241830065359477 0.0428921568627451 0.0196078431372549 0.014705882352941176
0 0.2303921568627451 0.05024509803921569 0.0196078431372549 0.022058823529411763
0 0.2238562091503268 0.07107843137254902 0.03594771241830066 0.024509803921568627
0 0.2361111111111111 0.09803921568627451 0.03431372549019608 0.031862745098039214
0 0.40604575163398693 0.13541666666666666 0.02777777777777778 0.0428921568627451
0 0.19444444444444445 0.34129901960784315 0.04575163398692811 0.03553921568627451
0 0.6593137254901961 0.1685049019607843 0.03431372549019608 0.03308823529411765
0 0.6535947712418301 0.06678921568627451 0.03594771241830066 0.020833333333333332
0 0.7279411764705882 0.24448529411764705 0.02777777777777778 0.01838235294117647
0 0.17647058823529413 0.5355392156862745 0.029411764705882353 0.031862745098039214
