0 0.19444444444444445 0.2824754901960784 0.032679738562091505 0.025735294117647058
0 0.20915032679738563 0.3118872549019608 0.0392156862745098 0.023284313725490197
0 0.2508169934640523 0.3382352941176471 0.03104575163398693 0.01715686274509804
0 0.18218954248366015 0.3118872549019608 0.024509803921568627 0.028186274509803922
0 0.1527777777777778 0.31924019607843135 0.03431372549019608 0.03308823529411765
0 0.02777777777777778 0.3002450980392157 0.0196078431372549 0.024509803921568627
0 0.06699346405228758 0.32965686274509803 0.0196078431372549 0.024509803921568627
0 0.04166666666666667 0.36887254901960786 0.02777777777777778 0.031862745098039214
0 0.16993464052287582 0.3596813725490196 0.0196078431372549 0.020833333333333332
0 0.1895424836601307 0.375 0.029411764705882353 0.01715686274509804
0 0.184640522875817 0.4007352941176471 0.042483660130718956 0.0392156862745098
0 0.22222222222222224 0.4264705882352941 0.04575163398692811 0.03431372549019608
0 0.20261437908496732 0.44362745098039214 0.026143790849673203 0.022058823529411763
0 0.19035947712418302 0.43137254901960786 0.021241830065359478 0.02696078431372549
0 0.37745098039215685 0.4730392156862745 0.03594771241830066 0.02696078431372549
0 0.3684640522875817 0.5214460784313726 0.02777777777777778 0.028186274509803922
0 0.40522875816993464 0.5079656862745098 0.0392156862745098 0.03553921568627451
0 0.12581699346405228 0.38909313725490197 0.0196078431372549 0.023284313725490197
0 0.10375816993464053 0.3988970588235294 0.03104575163398693 0.015931372549019607
0 0.11356209150326797 0.4221813725490196 0.03431372549019608 0.03308823529411765
0 0.09068627450980392 0.4185049019607843 0.01797385620915033 0.023284313725490197
0 0.07598039215686275 0.42340686274509803 0.03104575163398693 0.03308823529411765
0 0.0784313725490196 0.39767156862745096 0.0196078431372549 0.020833333333333332
0 0.059640522875817 0.4050245098039216 0.02777777777777778 0.015931372549019607
0 0.03839869281045752 0.4074754901960784 0.024509803921568627 0.020833333333333332
0 0.04330065359477124 0.4430147058823529 0.04738562091503268 0.03553921568627451
0 0.04330065359477124 0.4258578431372549 0.024509803921568627 0.01838235294117647
0 0.015522875816993464 0.4209558823529412 0.02777777777777778 0.04534313725490196
0 0.010620915032679739 0.4497549019607843 0.01797385620915033 0.024509803921568627
0 0.026143790849673203 0.4767156862745098 0.03594771241830066 0.03676470588235294
0 0.00980392156862745 0.4926470588235294 0.016339869281045753 0.022058823529411763
0 0.2704248366013072 0.6856617647058824 0.04738562091503268 0.04534313725490196
0 0.27532679738562094 0.7169117647058824 0.024509803921568627 0.024509803921568627
0 0.37336601307189543 0.7395833333333334 0.03758169934640523 0.03308823529411765
0 0.17320261437908496 0.6678921568627451 0.026143790849673203 0.031862745098039214
0 0.13725490196078433 0.7230392156862745 0.0392156862745098 0.0196078431372549
0 0.07189542483660132 0.6231617647058824 0.032679738562091505 0.020833333333333332
0 0.08006535947712419 0.6372549019607843 0.042483660130718956 0.0196078431372549
0 0.04575163398692811 0.6415441176470588 0.026143790849673203 0.028186274509803922
0 0.08006535947712419 0.6525735294117647 0.029411764705882353 0.013480392156862746
0 0.09803921568627451 0.6685049019607843 0.0196078431372549 0.01838235294117647
0 0.1053921568627451 0.6917892156862745 0.03104575163398693 0.03308823529411765
0 0.08006535947712419 0.6752450980392157 0.029411764705882353 0.03431372549019608
0 0.058823529411764705 0.6691176470588235 0.026143790849673203 0.0196078431372549
0 0.0392156862745098 0.6991421568627451 0.03594771241830066 0.03799019607843137
0 0.01715686274509804 0.7107843137254902 0.03104575163398693 0.044117647058823525
0 0.07598039215686275 0.7015931372549019 0.03104575163398693 0.025735294117647058
0 0.07189542483660132 0.7218137254901961 0.029411764705882353 0.0196078431372549
0 0.05392156862745098 0.7377450980392157 0.032679738562091505 0.0392156862745098
0 0.09803921568627451 0.7512254901960784 0.029411764705882353 0.0196078431372549
0 0.08251633986928104 0.7408088235294118 0.02777777777777778 0.01838235294117647
0 0.2630718954248366 0.860906862745098 0.042483660130718956 0.023284313725490197
0 0.024509803921568627 0.7420343137254902 0.016339869281045753 0.023284313725490197
0 0.011437908496732027 0.7426470588235294 0.0196078431372549 0.024509803921568627
0 0.013071895424836602 0.7708333333333334 0.022875816993464054 0.0392156862745098
0 0.049836601307189546 0.7818627450980392 0.05392156862745098 0.029411764705882353
0 0.09313725490196079 0.7886029411764706 0.03594771241830066 0.023284313725490197
0 0.11111111111111112 0.8658088235294118 0.032679738562091505 0.04534313725490196
0 0.08823529411764706 0.8547794117647058 0.026143790849673203 0.023284313725490197
0 0.0727124183006536 0.8026960784313726 0.03431372549019608 0.01715686274509804
0 0.05065359477124183 0.8180147058823529 0.026143790849673203 0.030637254901960783
0 0.01797385620915033 0.8014705882352942 0.022875816993464054 0.0196078431372549
0 0.013071895424836602 0.8235294117647058 0.022875816993464054 0.02696078431372549
0 0.03349673202614379 0.84375 0.04411764705882353 0.023284313725490197
0 0.09313725490196079 0.9417892156862745 0.05555555555555556 0.028186274509803922
0 0.10294117647058824 0.9117647058823529 0.06209150326797386 0.03676470588235294
0 0.025326797385620915 0.9515931372549019 0.024509803921568627 0.025735294117647058
0 0.08251633986928104 0.8817401960784313 0.03431372549019608 0.025735294117647058
0 0.06209150326797386 0.8756127450980392 0.0392156862745098 0.030637254901960783
0 0.08905228758169935 0.8541666666666666 0.02777777777777778 0.022058823529411763
0 0.0727124183006536 0.8216911764705882 0.03431372549019608 0.030637254901960783
0 0.09558823529411765 0.8302696078431372 0.021241830065359478 0.023284313725490197
0 0.09722222222222222 0.8088235294117647 0.03104575163398693 0.0196078431372549
0 0.12826797385620917 0.7996323529411764 0.04084967320261438 0.03799019607843137
0 0.12826797385620917 0.835171568627451 0.03431372549019608 0.023284313725490197
