0 0.16094771241830066 0.24325980392156862 0.04084967320261438 0.0428921568627451
0 0.309640522875817 0.1482843137254902 0.05065359477124183 0.02696078431372549
0 0.11356209150326797 0.29901960784313725 0.021241830065359478 0.024509803921568627
0 0.09558823529411765 0.2824754901960784 0.021241830065359478 0.020833333333333332
0 0.0923202614379085 0.30392156862745096 0.021241830065359478 0.024509803921568627
0 0.0727124183006536 0.3057598039215686 0.02777777777777778 0.03308823529411765
0 0.06862745098039216 0.258578431372549 0.0392156862745098 0.0392156862745098
0 0.08986928104575163 0.2512254901960784 0.022875816993464054 0.01715686274509804
0 0.042483660130718956 0.23590686274509803 0.0196078431372549 0.01838235294117647
0 0.07679738562091504 0.2346813725490196 0.03594771241830066 0.030637254901960783
0 0.08741830065359478 0.2193627450980392 0.03104575163398693 0.014705882352941176
0 0.09722222222222222 0.20036764705882354 0.021241830065359478 0.030637254901960783
0 0.08333333333333334 0.18995098039215685 0.0196078431372549 0.024509803921568627
0 0.05392156862745098 0.20955882352941177 0.032679738562091505 0.0392156862745098
0 0.03431372549019608 0.18627450980392157 0.03594771241830066 0.041666666666666664
0 0.05473856209150327 0.17034313725490197 0.03431372549019608 0.03676470588235294
0 0.05555555555555556 0.14767156862745098 0.022875816993464054 0.025735294117647058
0 0.07598039215686275 0.15747549019607843 0.024509803921568627 0.03308823529411765
0 0.10375816993464053 0.1795343137254902 0.024509803921568627 0.028186274509803922
0 0.11029411764705882 0.15870098039215685 0.024509803921568627 0.025735294117647058
0 0.11519607843137256 0.13725490196078433 0.024509803921568627 0.024509803921568627
0 0.09477124183006536 0.13848039215686275 0.022875816993464054 0.024509803921568627
0 0.07516339869281045 0.12071078431372549 0.042483660130718956 0.0428921568627451
0 0.13316993464052287 0.12254901960784313 0.03104575163398693 0.0196078431372549
0 0.12091503267973856 0.10784313725490197 0.029411764705882353 0.02696078431372549
0 0.14297385620915032 0.09865196078431372 0.03104575163398693 0.030637254901960783
0 0.12826797385620917 0.07904411764705882 0.04084967320261438 0.03308823529411765
0 0.06209150326797386 0.07291666666666667 0.03594771241830066 0.03799019607843137
0 0.05310457516339869 0.041666666666666664 0.024509803921568627 0.02696078431372549
0 0.06944444444444445 0.052083333333333336 0.021241830065359478 0.023284313725490197
0 0.07761437908496732 0.026348039215686275 0.03104575163398693 0.030637254901960783
0 0.08986928104575163 0.05514705882352941 0.03594771241830066 0.044117647058823525
0 0.12908496732026145 0.052083333333333336 0.0196078431372549 0.023284313725490197
0 0.11274509803921569 0.04963235294117647 0.0196078431372549 0.020833333333333332
0 0.11683006535947713 0.028799019607843136 0.021241830065359478 0.028186274509803922
0 0.14705882352941177 0.04105392156862745 0.0392156862745098 0.0428921568627451
0 0.12908496732026145 0.015931372549019607 0.022875816993464054 0.024509803921568627
0 0.10457516339869281 0.012867647058823529 0.03594771241830066 0.023284313725490197
0 0.024509803921568627 0.4154411764705882 0.0196078431372549 0.022058823529411763
