0 0.0784313725490196 0.0661764705882353 0.032679738562091505 0.03676470588235294
0 0.1519607843137255 0.3174019607843137 0.03594771241830066 0.03431372549019608
0 0.03676470588235294 0.35049019607843135 0.021241830065359478 0.024509803921568627
0 0.0196078431372549 0.38909313725490197 0.0196078431372549 0.023284313725490197
0 0.03594771241830066 0.3829656862745098 0.022875816993464054 0.028186274509803922
0 0.06045751633986928 0.4142156862745098 0.042483660130718956 0.03676470588235294
0 0.09068627450980392 0.41973039215686275 0.01797385620915033 0.01838235294117647
0 0.07026143790849673 0.446078431372549 0.026143790849673203 0.029411764705882353
0 0.09313725490196079 0.4479166666666667 0.0196078431372549 0.01838235294117647
0 0.09640522875816994 0.46568627450980393 0.032679738562091505 0.01715686274509804
0 0.04820261437908497 0.4613970588235294 0.03431372549019608 0.03553921568627451
0 0.07516339869281045 0.48590686274509803 0.026143790849673203 0.030637254901960783
0 0.06535947712418301 0.5042892156862745 0.022875816993464054 0.03308823529411765
0 0.042483660130718956 0.48590686274509803 0.013071895424836602 0.011029411764705881
0 0.0392156862745098 0.49693627450980393 0.016339869281045753 0.015931372549019607
0 0.04738562091503268 0.5159313725490196 0.013071895424836602 0.01715686274509804
0 0.03349673202614379 0.5134803921568627 0.01797385620915033 0.022058823529411763
0 0.03104575163398693 0.5337009803921569 0.00980392156862745 0.01838235294117647
0 0.042483660130718956 0.5471813725490196 0.026143790849673203 0.03308823529411765
0 0.03758169934640523 0.5735294117647058 0.026143790849673203 0.022058823529411763
0 0.06045751633986928 0.5876225490196079 0.0196078431372549 0.023284313725490197
0 0.04411764705882353 0.5912990196078431 0.016339869281045753 0.01838235294117647
0 0.05473856209150327 0.6151960784313726 0.021241830065359478 0.02696078431372549
0 0.06862745098039216 0.6415441176470588 0.0196078431372549 0.023284313725490197
0 0.08986928104575163 0.6495098039215687 0.022875816993464054 0.022058823529411763
0 0.0392156862745098 0.7022058823529411 0.026143790849673203 0.031862745098039214
0 0.056372549019607844 0.7438725490196079 0.057189542483660136 0.044117647058823525
0 0.08823529411764706 0.7310049019607843 0.0196078431372549 0.023284313725490197
0 0.15849673202614378 0.7536764705882353 0.022875816993464054 0.0196078431372549
0 0.035130718954248366 0.8302696078431372 0.02777777777777778 0.030637254901960783
0 0.05555555555555556 0.8345588235294118 0.0196078431372549 0.022058823529411763
0 0.08741830065359478 0.8419117647058824 0.03431372549019608 0.0196078431372549
0 0.06290849673202614 0.8566176470588235 0.01797385620915033 0.01715686274509804
0 0.08006535947712419 0.866421568627451 0.016339869281045753 0.014705882352941176
0 0.09722222222222222 0.8682598039215687 0.01797385620915033 0.015931372549019607
0 0.06944444444444445 0.8768382352941176 0.011437908496732027 0.015931372549019607
0 0.056372549019607844 0.8762254901960784 0.014705882352941176 0.014705882352941176
0 0.08169934640522876 0.9007352941176471 0.03594771241830066 0.041666666666666664
0 0.04820261437908497 0.90625 0.03431372549019608 0.04044117647058824
0 0.04166666666666667 0.9399509803921569 0.01797385620915033 0.024509803921568627
0 0.06535947712418301 0.9466911764705882 0.026143790849673203 0.03308823529411765
