0 0.01388888888888889 0.4491421568627451 0.024509803921568627 0.023284313725490197
0 0.34395424836601307 0.23651960784313725 0.024509803921568627 0.01715686274509804
0 0.5866013071895425 0.15870098039215685 0.032679738562091505 0.01838235294117647
0 0.42320261437908496 0.32536764705882354 0.058823529411764705 0.06004901960784314
0 0.005718954248366014 0.6678921568627451 0.008169934640522876 0.029411764705882353
0 0.0196078431372549 0.6776960784313726 0.0196078431372549 0.029411764705882353
0 0.008986928104575164 0.704656862745098 0.014705882352941176 0.029411764705882353
0 0.025326797385620915 0.7052696078431372 0.014705882352941176 0.025735294117647058
0 0.10702614379084968 0.7493872549019608 0.02777777777777778 0.025735294117647058
0 0.02369281045751634 0.7365196078431372 0.04084967320261438 0.03431372549019608
0 0.008986928104575164 0.7536764705882353 0.014705882352941176 0.031862745098039214
0 0.021241830065359478 0.7702205882352942 0.03594771241830066 0.015931372549019607
0 0.016339869281045753 0.7910539215686274 0.029411764705882353 0.028186274509803922
0 0.05065359477124183 0.7959558823529411 0.029411764705882353 0.028186274509803922
0 0.015522875816993464 0.8223039215686274 0.02777777777777778 0.03431372549019608
0 0.013071895424836602 0.8547794117647058 0.022875816993464054 0.03553921568627451
0 0.016339869281045753 0.8866421568627451 0.022875816993464054 0.023284313725490197
0 0.010620915032679739 0.9111519607843137 0.01797385620915033 0.03308823529411765
0 0.01715686274509804 0.9368872549019608 0.024509803921568627 0.030637254901960783
0 0.02777777777777778 0.9595588235294118 0.029411764705882353 0.024509803921568627
0 0.010620915032679739 0.9712009803921569 0.01797385620915033 0.030637254901960783
