0 0.12336601307189543 0.007352941176470588 0.01797385620915033 0.00980392156862745
0 0.10620915032679738 0.007965686274509803 0.0196078431372549 0.013480392156862746
0 0.14052287581699346 0.00857843137254902 0.013071895424836602 0.014705882352941176
0 0.1119281045751634 0.022058823529411763 0.01797385620915033 0.01715686274509804
0 0.1315359477124183 0.026348039215686275 0.021241830065359478 0.01838235294117647
0 0.16584967320261437 0.015318627450980392 0.04084967320261438 0.028186274509803922
0 0.15359477124183007 0.04840686274509804 0.03594771241830066 0.03553921568627451
0 0.09477124183006536 0.032475490196078434 0.016339869281045753 0.01838235294117647
0 0.10702614379084968 0.049019607843137254 0.01797385620915033 0.0196078431372549
0 0.09068627450980392 0.055759803921568624 0.011437908496732027 0.015931372549019607
0 0.07924836601307189 0.041666666666666664 0.021241830065359478 0.022058823529411763
0 0.06944444444444445 0.06311274509803921 0.024509803921568627 0.020833333333333332
0 0.04166666666666667 0.051470588235294115 0.014705882352941176 0.024509803921568627
0 0.05392156862745098 0.07659313725490197 0.016339869281045753 0.023284313725490197
0 0.0857843137254902 0.0784313725490196 0.021241830065359478 0.02696078431372549
0 0.10375816993464053 0.07169117647058823 0.021241830065359478 0.023284313725490197
0 0.12336601307189543 0.07169117647058823 0.021241830065359478 0.03553921568627451
0 0.15114379084967322 0.08272058823529412 0.03431372549019608 0.03308823529411765
0 0.125 0.09436274509803921 0.021241830065359478 0.012254901960784314
0 0.049836601307189546 0.09987745098039215 0.01797385620915033 0.020833333333333332
0 0.04575163398692811 0.12071078431372549 0.0196078431372549 0.01838235294117647
0 0.07107843137254902 0.10416666666666667 0.01797385620915033 0.022058823529411763
0 0.08415032679738563 0.1017156862745098 0.011437908496732027 0.01715686274509804
0 0.10049019607843138 0.1017156862745098 0.021241830065359478 0.03431372549019608
0 0.11274509803921569 0.11642156862745098 0.029411764705882353 0.029411764705882353
0 0.14052287581699346 0.11029411764705882 0.032679738562091505 0.03431372549019608
0 0.11764705882352941 0.1323529411764706 0.026143790849673203 0.012254901960784314
0 0.09313725490196079 0.13051470588235295 0.0196078431372549 0.020833333333333332
0 0.07598039215686275 0.13541666666666666 0.02777777777777778 0.03553921568627451
0 0.057189542483660136 0.1409313725490196 0.016339869281045753 0.0196078431372549
0 0.049019607843137254 0.15379901960784315 0.022875816993464054 0.028186274509803922
0 0.09558823529411765 0.15012254901960784 0.011437908496732027 0.01838235294117647
0 0.11846405228758171 0.1568627450980392 0.03431372549019608 0.031862745098039214
0 0.11683006535947713 0.18259803921568626 0.02777777777777778 0.01715686274509804
0 0.1315359477124183 0.1881127450980392 0.01797385620915033 0.01838235294117647
0 0.03839869281045752 0.17340686274509803 0.01797385620915033 0.025735294117647058
0 0.05065359477124183 0.1758578431372549 0.013071895424836602 0.020833333333333332
0 0.07189542483660132 0.18321078431372548 0.029411764705882353 0.03799019607843137
0 0.03022875816993464 0.19791666666666666 0.014705882352941176 0.023284313725490197
0 0.04411764705882353 0.1997549019607843 0.0196078431372549 0.024509803921568627
0 0.06290849673202614 0.22181372549019607 0.02777777777777778 0.0392156862745098
0 0.08741830065359478 0.21200980392156862 0.014705882352941176 0.014705882352941176
0 0.10130718954248366 0.20588235294117646 0.013071895424836602 0.022058823529411763
0 0.12091503267973856 0.20465686274509803 0.022875816993464054 0.024509803921568627
0 0.12826797385620917 0.22242647058823528 0.03431372549019608 0.013480392156862746
0 0.08169934640522876 0.25245098039215685 0.026143790849673203 0.03431372549019608
0 0.08741830065359478 0.22855392156862744 0.021241830065359478 0.015931372549019607
0 0.10294117647058824 0.24142156862745098 0.0196078431372549 0.03431372549019608
0 0.11764705882352941 0.24509803921568626 0.016339869281045753 0.02696078431372549
0 0.13725490196078433 0.24448529411764705 0.016339869281045753 0.020833333333333332
0 0.13316993464052287 0.26776960784313725 0.024509803921568627 0.023284313725490197
0 0.12009803921568628 0.27941176470588236 0.014705882352941176 0.022058823529411763
0 0.09803921568627451 0.2775735294117647 0.016339869281045753 0.023284313725490197
0 0.11846405228758171 0.3002450980392157 0.02777777777777778 0.022058823529411763
0 0.10702614379084968 0.3174019607843137 0.024509803921568627 0.02696078431372549
0 0.09967320261437909 0.34068627450980393 0.022875816993464054 0.024509803921568627
0 0.13398692810457516 0.3167892156862745 0.022875816993464054 0.01838235294117647
0 0.1388888888888889 0.34068627450980393 0.05555555555555556 0.024509803921568627
