0 0.00980392156862745 0.14767156862745098 0.016339869281045753 0.020833333333333332
0 0.040032679738562095 0.15073529411764705 0.01797385620915033 0.0196078431372549
0 0.059640522875817 0.16605392156862744 0.02777777777777778 0.023284313725490197
0 0.03022875816993464 0.15870098039215685 0.014705882352941176 0.01838235294117647
0 0.01715686274509804 0.16299019607843138 0.01797385620915033 0.01715686274509804
0 0.007352941176470588 0.18137254901960784 0.011437908496732027 0.031862745098039214
0 0.02369281045751634 0.18137254901960784 0.02777777777777778 0.02696078431372549
0 0.049836601307189546 0.17708333333333334 0.021241830065359478 0.020833333333333332
0 0.06699346405228758 0.1954656862745098 0.032679738562091505 0.025735294117647058
0 0.04084967320261438 0.19362745098039216 0.0196078431372549 0.0196078431372549
0 0.02777777777777778 0.20098039215686275 0.013071895424836602 0.014705882352941176
0 0.015522875816993464 0.20465686274509803 0.014705882352941176 0.01715686274509804
0 0.042483660130718956 0.21262254901960784 0.022875816993464054 0.020833333333333332
0 0.07189542483660132 0.22058823529411764 0.0196078431372549 0.0196078431372549
0 0.058823529411764705 0.22242647058823528 0.013071895424836602 0.01838235294117647
0 0.03594771241830066 0.22916666666666666 0.032679738562091505 0.02696078431372549
0 0.06372549019607843 0.23713235294117646 0.026143790849673203 0.015931372549019607
0 0.006535947712418301 0.23958333333333334 0.00980392156862745 0.020833333333333332
0 0.025326797385620915 0.24877450980392157 0.03104575163398693 0.029411764705882353
0 0.049019607843137254 0.24816176470588236 0.026143790849673203 0.013480392156862746
0 0.06699346405228758 0.2542892156862745 0.022875816993464054 0.013480392156862746
0 0.08823529411764706 0.27267156862745096 0.022875816993464054 0.015931372549019607
0 0.09722222222222222 0.2892156862745098 0.01797385620915033 0.01715686274509804
0 0.10294117647058824 0.31556372549019607 0.016339869281045753 0.01838235294117647
0 0.012254901960784314 0.26409313725490197 0.021241830065359478 0.03308823529411765
0 0.04493464052287582 0.2702205882352941 0.04738562091503268 0.023284313725490197
0 0.06781045751633988 0.27879901960784315 0.01797385620915033 0.011029411764705881
0 0.07026143790849673 0.30637254901960786 0.032679738562091505 0.03676470588235294
0 0.040032679738562095 0.29534313725490197 0.021241830065359478 0.022058823529411763
0 0.014705882352941176 0.28308823529411764 0.0196078431372549 0.012254901960784314
0 0.018790849673202614 0.29473039215686275 0.024509803921568627 0.013480392156862746
0 0.02042483660130719 0.3082107843137255 0.03431372549019608 0.01838235294117647
0 0.04575163398692811 0.3088235294117647 0.022875816993464054 0.01715686274509804
0 0.05473856209150327 0.3284313725490196 0.021241830065359478 0.024509803921568627
0 0.07516339869281045 0.34129901960784315 0.026143790849673203 0.030637254901960783
0 0.032679738562091505 0.3241421568627451 0.029411764705882353 0.01838235294117647
0 0.01797385620915033 0.3480392156862745 0.032679738562091505 0.031862745098039214
0 0.042483660130718956 0.3425245098039216 0.0196078431372549 0.025735294117647058
0 0.03022875816993464 0.3645833333333333 0.02777777777777778 0.015931372549019607
0 0.05392156862745098 0.36703431372549017 0.032679738562091505 0.028186274509803922
0 0.06372549019607843 0.3854166666666667 0.016339869281045753 0.023284313725490197
0 0.008986928104575164 0.3762254901960784 0.014705882352941176 0.029411764705882353
0 0.02369281045751634 0.3860294117647059 0.03104575163398693 0.031862745098039214
0 0.04493464052287582 0.3909313725490196 0.021241830065359478 0.014705882352941176
0 0.058823529411764705 0.41237745098039214 0.032679738562091505 0.03308823529411765
0 0.031862745098039214 0.4056372549019608 0.024509803921568627 0.01715686274509804
0 0.012254901960784314 0.40808823529411764 0.021241830065359478 0.02696078431372549
0 0.03104575163398693 0.4215686274509804 0.0196078431372549 0.01715686274509804
0 0.22058823529411764 0.37254901960784315 0.029411764705882353 0.03431372549019608
0 0.012254901960784314 0.4362745098039216 0.021241830065359478 0.029411764705882353
0 0.03022875816993464 0.44056372549019607 0.01797385620915033 0.01838235294117647
0 0.04493464052287582 0.43933823529411764 0.01797385620915033 0.020833333333333332
0 0.08169934640522876 0.4417892156862745 0.026143790849673203 0.011029411764705881
0 0.058823529411764705 0.4479166666666667 0.016339869281045753 0.01838235294117647
0 0.07434640522875817 0.4620098039215686 0.024509803921568627 0.024509803921568627
0 0.04575163398692811 0.45894607843137253 0.016339869281045753 0.01838235294117647
0 0.057189542483660136 0.4650735294117647 0.013071895424836602 0.015931372549019607
0 0.03431372549019608 0.4577205882352941 0.013071895424836602 0.01838235294117647
0 0.007352941176470588 0.46078431372549017 0.011437908496732027 0.024509803921568627
0 0.03104575163398693 0.4779411764705882 0.022875816993464054 0.024509803921568627
0 0.011437908496732027 0.4803921568627451 0.0196078431372549 0.022058823529411763
0 0.06862745098039216 0.4840686274509804 0.016339869281045753 0.014705882352941176
0 0.01715686274509804 0.4963235294117647 0.03104575163398693 0.022058823529411763
0 0.06045751633986928 0.5012254901960784 0.016339869281045753 0.01715686274509804
0 0.04820261437908497 0.508578431372549 0.01797385620915033 0.01715686274509804
0 0.010620915032679739 0.5183823529411765 0.01797385620915033 0.0196078431372549
0 0.02369281045751634 0.5214460784313726 0.014705882352941176 0.01838235294117647
0 0.03676470588235294 0.522671568627451 0.014705882352941176 0.01838235294117647
0 0.00980392156862745 0.5459558823529411 0.016339869281045753 0.030637254901960783
0 0.03022875816993464 0.5404411764705882 0.01797385620915033 0.0196078431372549
0 0.032679738562091505 0.5594362745098039 0.0196078431372549 0.020833333333333332
0 0.016339869281045753 0.5674019607843137 0.013071895424836602 0.0196078431372549
0 0.04493464052287582 0.5545343137254902 0.014705882352941176 0.01838235294117647
0 0.057189542483660136 0.5502450980392157 0.0196078431372549 0.01715686274509804
0 0.0727124183006536 0.5631127450980392 0.021241830065359478 0.023284313725490197
0 0.04493464052287582 0.5729166666666666 0.014705882352941176 0.020833333333333332
0 0.03022875816993464 0.5839460784313726 0.021241830065359478 0.01838235294117647
0 0.08169934640522876 0.5821078431372549 0.0196078431372549 0.0196078431372549
0 0.049836601307189546 0.5925245098039216 0.021241830065359478 0.023284313725490197
0 0.06045751633986928 0.6011029411764706 0.016339869281045753 0.015931372549019607
0 0.006535947712418301 0.571078431372549 0.00980392156862745 0.0196078431372549
0 0.016339869281045753 0.5974264705882353 0.0196078431372549 0.01838235294117647
0 0.012254901960784314 0.6145833333333334 0.021241830065359478 0.01838235294117647
0 0.02042483660130719 0.6213235294117647 0.021241830065359478 0.01715686274509804
0 0.06290849673202614 0.6200980392156863 0.014705882352941176 0.014705882352941176
0 0.026143790849673203 0.633578431372549 0.016339869281045753 0.012254901960784314
0 0.057189542483660136 0.6323529411764706 0.0196078431372549 0.014705882352941176
0 0.04493464052287582 0.6519607843137255 0.021241830065359478 0.01715686274509804
0 0.025326797385620915 0.6715686274509803 0.03431372549019608 0.03676470588235294
0 0.00980392156862745 0.6850490196078431 0.016339869281045753 0.022058823529411763
0 0.008169934640522876 0.7077205882352942 0.013071895424836602 0.028186274509803922
0 0.018790849673202614 0.727328431372549 0.021241830065359478 0.015931372549019607
0 0.05310457516339869 0.7009803921568627 0.02777777777777778 0.012254901960784314
0 0.05310457516339869 0.7224264705882353 0.024509803921568627 0.030637254901960783
0 0.03839869281045752 0.7334558823529411 0.01797385620915033 0.01838235294117647
0 0.01797385620915033 0.7469362745098039 0.032679738562091505 0.020833333333333332
0 0.022058823529411766 0.7628676470588235 0.021241830065359478 0.025735294117647058
0 0.1119281045751634 0.7573529411764706 0.03758169934640523 0.022058823529411763
0 0.03594771241830066 0.7763480392156863 0.026143790849673203 0.015931372549019607
0 0.00980392156862745 0.7659313725490196 0.016339869281045753 0.0196078431372549
0 0.02696078431372549 0.8388480392156863 0.01797385620915033 0.013480392156862746
0 0.03676470588235294 0.8541666666666666 0.021241830065359478 0.0196078431372549
0 0.018790849673202614 0.852328431372549 0.021241830065359478 0.020833333333333332
0 0.02369281045751634 0.8682598039215687 0.024509803921568627 0.013480392156862746
0 0.03594771241830066 0.8805147058823529 0.016339869281045753 0.01838235294117647
0 0.018790849673202614 0.8841911764705882 0.021241830065359478 0.011029411764705881
0 0.05310457516339869 0.9087009803921569 0.024509803921568627 0.011029411764705881
0 0.08006535947712419 0.9160539215686274 0.0196078431372549 0.011029411764705881
0 0.05392156862745098 0.772671568627451 0.0196078431372549 0.015931372549019607
0 0.022058823529411766 0.9368872549019608 0.021241830065359478 0.013480392156862746
0 0.03758169934640523 0.9503676470588235 0.022875816993464054 0.01838235294117647
0 0.01715686274509804 0.9681372549019608 0.024509803921568627 0.01715686274509804
0 0.007352941176470588 0.9797794117647058 0.011437908496732027 0.015931372549019607
0 0.022058823529411766 0.9810049019607843 0.024509803921568627 0.011029411764705881
