0 0.9191176470588235 0.8619281045751634 0.01715686274509804 0.024509803921568627
0 0.8700980392156863 0.5122549019607844 0.012254901960784314 0.024509803921568627
0 0.9105392156862745 0.8766339869281046 0.0196078431372549 0.021241830065359478
0 0.9816176470588235 0.9779411764705883 0.02696078431372549 0.03104575163398693
0 0.9558823529411764 0.9607843137254902 0.01715686274509804 0.026143790849673203
0 0.9375 0.9665032679738562 0.014705882352941176 0.03758169934640523
0 0.4258578431372549 0.9150326797385622 0.023284313725490197 0.0196078431372549
0 0.4491421568627451 0.917483660130719 0.01838235294117647 0.024509803921568627
0 0.47058823529411764 0.9379084967320261 0.031862745098039214 0.029411764705882353
0 0.4638480392156863 0.9705882352941176 0.030637254901960783 0.03594771241830066
0 0.42034313725490197 0.9362745098039216 0.014705882352941176 0.022875816993464054
0 0.4319852941176471 0.9428104575163399 0.023284313725490197 0.03594771241830066
0 0.43504901960784315 0.9697712418300654 0.03676470588235294 0.04084967320261438
0 0.40808823529411764 0.9517973856209151 0.031862745098039214 0.02777777777777778
0 0.39767156862745096 0.9779411764705883 0.03553921568627451 0.03104575163398693
0 0.44362745098039214 0.9918300653594772 0.03431372549019608 0.016339869281045753
0 0.4724264705882353 0.9893790849673203 0.028186274509803922 0.021241830065359478
0 0.5042892156862745 0.9722222222222222 0.020833333333333332 0.049019607843137254
0 0.5196078431372549 0.9648692810457516 0.01715686274509804 0.03104575163398693
0 0.5189950980392157 0.9877450980392157 0.020833333333333332 0.024509803921568627
0 0.5612745098039216 0.9836601307189543 0.03431372549019608 0.032679738562091505
0 0.548406862745098 0.9665032679738562 0.023284313725490197 0.01797385620915033
0 0.5784313725490196 0.9714052287581699 0.024509803921568627 0.024509803921568627
0 0.5514705882352942 0.9501633986928105 0.0196078431372549 0.01797385620915033
0 0.5355392156862745 0.9477124183006537 0.022058823529411763 0.022875816993464054
0 0.5490196078431373 0.9305555555555556 0.0196078431372549 0.024509803921568627
0 0.5618872549019608 0.9240196078431373 0.023284313725490197 0.01797385620915033
0 0.5674019607843137 0.9052287581699346 0.024509803921568627 0.0196078431372549
0 0.5772058823529411 0.8839869281045752 0.014705882352941176 0.0196078431372549
0 0.5716911764705882 0.9411764705882353 0.013480392156862746 0.026143790849673203
0 0.5900735294117647 0.9910130718954249 0.023284313725490197 0.01797385620915033
0 0.5986519607843137 0.9575163398692811 0.020833333333333332 0.0392156862745098
0 0.5876225490196079 0.9215686274509804 0.025735294117647058 0.029411764705882353
0 0.5900735294117647 0.9003267973856209 0.023284313725490197 0.026143790849673203
0 0.6115196078431372 0.8937908496732027 0.0196078431372549 0.016339869281045753
0 0.6158088235294118 0.9166666666666667 0.015931372549019607 0.029411764705882353
0 0.6078431372549019 0.9256535947712419 0.01715686274509804 0.02777777777777778
0 0.6151960784313726 0.9477124183006537 0.024509803921568627 0.029411764705882353
0 0.6390931372549019 0.9624183006535948 0.01838235294117647 0.032679738562091505
0 0.6397058823529411 0.9362745098039216 0.01715686274509804 0.016339869281045753
0 0.6537990196078431 0.9313725490196079 0.023284313725490197 0.016339869281045753
0 0.6770833333333334 0.940359477124183 0.025735294117647058 0.024509803921568627
0 0.6593137254901961 0.9681372549019608 0.02696078431372549 0.03431372549019608
0 0.6887254901960784 0.9812091503267975 0.029411764705882353 0.03758169934640523
0 0.6158088235294118 0.8790849673202614 0.01838235294117647 0.0196078431372549
0 0.633578431372549 0.8978758169934641 0.029411764705882353 0.03431372549019608
0 0.6341911764705882 0.9191176470588236 0.025735294117647058 0.024509803921568627
0 0.6519607843137255 0.9133986928104575 0.022058823529411763 0.022875816993464054
0 0.6464460784313726 0.875 0.01838235294117647 0.03431372549019608
0 0.6629901960784313 0.8978758169934641 0.029411764705882353 0.02777777777777778
0 0.6764705882352942 0.8619281045751634 0.029411764705882353 0.03104575163398693
0 0.6746323529411765 0.8864379084967321 0.01838235294117647 0.01797385620915033
0 0.6838235294117647 0.8986928104575164 0.01715686274509804 0.026143790849673203
0 0.6899509803921569 0.9183006535947713 0.022058823529411763 0.026143790849673203
0 0.673406862745098 0.917483660130719 0.01838235294117647 0.021241830065359478
0 0.7052696078431372 0.888888888888889 0.023284313725490197 0.032679738562091505
0 0.7077205882352942 0.9223856209150327 0.01838235294117647 0.02777777777777778
0 0.7028186274509803 0.9477124183006537 0.028186274509803922 0.029411764705882353
0 0.7218137254901961 0.9640522875816994 0.031862745098039214 0.029411764705882353
0 0.7291666666666666 0.9117647058823529 0.022058823529411763 0.042483660130718956
0 0.727328431372549 0.875 0.015931372549019607 0.02777777777777778
0 0.7487745098039216 0.8733660130718954 0.031862745098039214 0.02777777777777778
0 0.7493872549019608 0.8496732026143791 0.020833333333333332 0.0196078431372549
0 0.7677696078431372 0.8562091503267975 0.023284313725490197 0.022875816993464054
0 0.7732843137254902 0.875 0.024509803921568627 0.01797385620915033
0 0.7714460784313726 0.8978758169934641 0.030637254901960783 0.03431372549019608
0 0.7438725490196079 0.9183006535947713 0.024509803921568627 0.032679738562091505
0 0.7604166666666666 0.9215686274509804 0.023284313725490197 0.026143790849673203
0 0.7395833333333334 0.9468954248366014 0.025735294117647058 0.02777777777777778
0 0.7598039215686274 0.9468954248366014 0.022058823529411763 0.02777777777777778
0 0.7794117647058824 0.9379084967320261 0.0196078431372549 0.042483660130718956
0 0.7953431372549019 0.9305555555555556 0.024509803921568627 0.03758169934640523
0 0.8033088235294118 0.8978758169934641 0.025735294117647058 0.03104575163398693
0 0.798406862745098 0.875 0.020833333333333332 0.01797385620915033
0 0.7965686274509803 0.9624183006535948 0.024509803921568627 0.03594771241830066
0 0.8314950980392157 0.9558823529411765 0.020833333333333332 0.026143790849673203
0 0.8388480392156863 0.9787581699346406 0.023284313725490197 0.029411764705882353
0 0.8075980392156863 0.9714052287581699 0.01715686274509804 0.021241830065359478
0 0.8192401960784313 0.9779411764705883 0.015931372549019607 0.024509803921568627
0 0.8167892156862745 0.9387254901960784 0.020833333333333332 0.03104575163398693
0 0.8265931372549019 0.9297385620915033 0.015931372549019607 0.029411764705882353
0 0.8443627450980392 0.9166666666666667 0.0196078431372549 0.013071895424836602
0 0.8651960784313726 0.9068627450980392 0.02696078431372549 0.029411764705882353
0 0.8897058823529411 0.8995098039215687 0.02696078431372549 0.03104575163398693
0 0.9056372549019608 0.9052287581699346 0.014705882352941176 0.022875816993464054
0 0.9129901960784313 0.9166666666666667 0.0196078431372549 0.0196078431372549
0 0.9221813725490196 0.934640522875817 0.015931372549019607 0.0196078431372549
0 0.9031862745098039 0.9509803921568628 0.022058823529411763 0.026143790849673203
0 0.8229166666666666 0.8480392156862745 0.013480392156862746 0.026143790849673203
0 0.8462009803921569 0.8570261437908497 0.020833333333333332 0.02777777777777778
0 0.8229166666666666 0.8799019607843137 0.025735294117647058 0.02777777777777778
0 0.8443627450980392 0.883169934640523 0.022058823529411763 0.021241830065359478
0 0.8596813725490196 0.8872549019607844 0.020833333333333332 0.0196078431372549
0 0.8743872549019608 0.8815359477124183 0.01838235294117647 0.021241830065359478
0 0.8486519607843137 0.9338235294117647 0.01838235294117647 0.01797385620915033
0 0.8805147058823529 0.9240196078431373 0.025735294117647058 0.021241830065359478
0 0.8743872549019608 0.9444444444444444 0.028186274509803922 0.029411764705882353
0 0.8535539215686274 0.9599673202614379 0.023284313725490197 0.03758169934640523
0 0.8651960784313726 0.9730392156862745 0.0196078431372549 0.03431372549019608
0 0.8860294117647058 0.9705882352941176 0.02696078431372549 0.029411764705882353
0 0.9136029411764706 0.9640522875816994 0.01838235294117647 0.0196078431372549
0 0.9221813725490196 0.9803921568627452 0.015931372549019607 0.0196078431372549
0 0.852328431372549 0.9877450980392157 0.020833333333333332 0.024509803921568627
0 0.8756127450980392 0.4754901960784314 0.03799019607843137 0.03594771241830066
0 0.8964460784313726 0.4542483660130719 0.01838235294117647 0.0196078431372549
0 0.914828431372549 0.46405228758169936 0.015931372549019607 0.0196078431372549
0 0.625 0.9722222222222222 0.01715686274509804 0.022875816993464054
