0 0.2506127450980392 0.6086601307189543 0.01838235294117647 0.01797385620915033
0 0.28308823529411764 0.6290849673202614 0.022058823529411763 0.0196078431372549
0 0.2965686274509804 0.6339869281045751 0.01715686274509804 0.0196078431372549
0 0.25183823529411764 0.6282679738562091 0.01838235294117647 0.01797385620915033
0 0.26838235294117646 0.6454248366013072 0.031862745098039214 0.022875816993464054
0 0.010416666666666666 0.7058823529411765 0.015931372549019607 0.013071895424836602
0 0.02022058823529412 0.7189542483660131 0.025735294117647058 0.032679738562091505
0 0.00980392156862745 0.7450980392156863 0.01715686274509804 0.026143790849673203
0 0.03002450980392157 0.7410130718954249 0.030637254901960783 0.04084967320261438
0 0.032475490196078434 0.7720588235294118 0.020833333333333332 0.021241830065359478
0 0.007965686274509803 0.7687908496732027 0.013480392156862746 0.02777777777777778
0 0.011029411764705881 0.7916666666666667 0.0196078431372549 0.03104575163398693
0 0.029411764705882353 0.7900326797385621 0.0196078431372549 0.014705882352941176
0 0.023284313725490197 0.7990196078431373 0.01715686274509804 0.013071895424836602
0 0.044730392156862746 0.8014705882352942 0.020833333333333332 0.01797385620915033
0 0.04656862745098039 0.7867647058823529 0.0196078431372549 0.014705882352941176
0 0.05392156862745098 0.7761437908496732 0.022058823529411763 0.016339869281045753
0 0.06495098039215687 0.7875816993464052 0.01715686274509804 0.013071895424836602
0 0.07291666666666667 0.7704248366013072 0.028186274509803922 0.021241830065359478
0 0.04840686274509804 0.755718954248366 0.025735294117647058 0.024509803921568627
0 0.05698529411764706 0.732843137254902 0.025735294117647058 0.02777777777777778
0 0.052083333333333336 0.7132352941176471 0.020833333333333332 0.024509803921568627
0 0.03982843137254902 0.704248366013072 0.011029411764705881 0.029411764705882353
0 0.055759803921568624 0.6936274509803921 0.025735294117647058 0.01797385620915033
0 0.06556372549019608 0.6797385620915033 0.028186274509803922 0.022875816993464054
0 0.07536764705882353 0.7034313725490197 0.020833333333333332 0.021241830065359478
0 0.08517156862745098 0.6928104575163399 0.015931372549019607 0.016339869281045753
0 0.1017156862745098 0.6756535947712419 0.029411764705882353 0.021241830065359478
0 0.1017156862745098 0.696078431372549 0.0196078431372549 0.016339869281045753
0 0.0974264705882353 0.7156862745098039 0.013480392156862746 0.022875816993464054
0 0.11458333333333333 0.7230392156862745 0.03308823529411765 0.02777777777777778
0 0.11642156862745098 0.7426470588235294 0.024509803921568627 0.01797385620915033
0 0.07352941176470588 0.7434640522875817 0.02696078431372549 0.022875816993464054
0 0.09497549019607843 0.7508169934640523 0.01838235294117647 0.024509803921568627
0 0.11642156862745098 0.7573529411764706 0.0196078431372549 0.014705882352941176
0 0.08639705882352941 0.7859477124183006 0.028186274509803922 0.026143790849673203
0 0.1053921568627451 0.792483660130719 0.02696078431372549 0.022875816993464054
0 0.11887254901960784 0.7712418300653595 0.031862745098039214 0.026143790849673203
0 0.13725490196078433 0.7916666666666667 0.022058823529411763 0.01797385620915033
0 0.13909313725490197 0.7655228758169935 0.020833333333333332 0.021241830065359478
0 0.1482843137254902 0.7540849673202614 0.0196078431372549 0.01797385620915033
0 0.15808823529411764 0.7589869281045751 0.014705882352941176 0.01797385620915033
0 0.1838235294117647 0.7826797385620915 0.02696078431372549 0.026143790849673203
0 0.19301470588235295 0.7704248366013072 0.020833333333333332 0.03431372549019608
0 0.20833333333333334 0.7867647058823529 0.01715686274509804 0.014705882352941176
0 0.11948529411764705 0.6364379084967321 0.025735294117647058 0.024509803921568627
0 0.14154411764705882 0.6290849673202614 0.030637254901960783 0.042483660130718956
0 0.12009803921568628 0.6617647058823529 0.03676470588235294 0.029411764705882353
0 0.1446078431372549 0.6601307189542484 0.01715686274509804 0.0196078431372549
0 0.16115196078431374 0.6519607843137255 0.023284313725490197 0.0196078431372549
0 0.16176470588235295 0.6151960784313726 0.01715686274509804 0.01797385620915033
0 0.17830882352941177 0.6209150326797386 0.020833333333333332 0.016339869281045753
0 0.19056372549019607 0.625 0.015931372549019607 0.01797385620915033
0 0.17340686274509803 0.6356209150326798 0.020833333333333332 0.016339869281045753
0 0.19362745098039216 0.6495098039215687 0.02696078431372549 0.03431372549019608
0 0.21568627450980393 0.6429738562091504 0.024509803921568627 0.03431372549019608
0 0.23161764705882354 0.6241830065359477 0.01715686274509804 0.013071895424836602
0 0.22732843137254902 0.6552287581699346 0.023284313725490197 0.029411764705882353
0 0.24571078431372548 0.6413398692810458 0.015931372549019607 0.021241830065359478
0 0.12254901960784313 0.6854575163398693 0.014705882352941176 0.01797385620915033
0 0.12193627450980392 0.7058823529411765 0.03308823529411765 0.026143790849673203
0 0.13848039215686275 0.6887254901960784 0.022058823529411763 0.021241830065359478
0 0.15441176470588236 0.6699346405228759 0.0196078431372549 0.022875816993464054
0 0.1721813725490196 0.6617647058823529 0.01838235294117647 0.022875816993464054
0 0.16237745098039216 0.6862745098039216 0.028186274509803922 0.029411764705882353
0 0.15134803921568626 0.7165032679738562 0.025735294117647058 0.03431372549019608
0 0.18198529411764705 0.6952614379084967 0.030637254901960783 0.02777777777777778
0 0.19852941176470587 0.6772875816993464 0.02696078431372549 0.024509803921568627
0 0.21752450980392157 0.6781045751633987 0.020833333333333332 0.0196078431372549
0 0.23284313725490197 0.6748366013071896 0.014705882352941176 0.022875816993464054
0 0.2077205882352941 0.6977124183006537 0.030637254901960783 0.026143790849673203
0 0.18075980392156862 0.7230392156862745 0.03553921568627451 0.03431372549019608
0 0.1568627450980392 0.738562091503268 0.0196078431372549 0.016339869281045753
0 0.18075980392156862 0.7459150326797386 0.020833333333333332 0.014705882352941176
0 0.20036764705882354 0.7450980392156863 0.01838235294117647 0.026143790849673203
0 0.21752450980392157 0.7230392156862745 0.03553921568627451 0.03431372549019608
0 0.22120098039215685 0.7508169934640523 0.025735294117647058 0.021241830065359478
0 0.21017156862745098 0.763888888888889 0.023284313725490197 0.01797385620915033
0 0.23284313725490197 0.7671568627450981 0.014705882352941176 0.021241830065359478
0 0.23590686274509803 0.7834967320261438 0.01838235294117647 0.01797385620915033
0 0.4068627450980392 0.7287581699346406 0.024509803921568627 0.016339869281045753
0 0.39276960784313725 0.7573529411764706 0.025735294117647058 0.024509803921568627
0 0.38235294117647056 0.7459150326797386 0.024509803921568627 0.02777777777777778
0 0.3805147058823529 0.7156862745098039 0.023284313725490197 0.0196078431372549
0 0.3792892156862745 0.7009803921568628 0.015931372549019607 0.016339869281045753
0 0.37193627450980393 0.6830065359477124 0.020833333333333332 0.0196078431372549
0 0.3627450980392157 0.7001633986928105 0.022058823529411763 0.01797385620915033
0 0.36090686274509803 0.7312091503267975 0.028186274509803922 0.024509803921568627
0 0.3590686274509804 0.7598039215686275 0.014705882352941176 0.0196078431372549
0 0.36151960784313725 0.7769607843137255 0.0196078431372549 0.01797385620915033
0 0.3388480392156863 0.7753267973856209 0.01838235294117647 0.01797385620915033
0 0.3235294117647059 0.7777777777777778 0.014705882352941176 0.0196078431372549
0 0.34129901960784315 0.7606209150326798 0.020833333333333332 0.014705882352941176
0 0.3382352941176471 0.7483660130718954 0.0196078431372549 0.016339869281045753
0 0.33762254901960786 0.7361111111111112 0.020833333333333332 0.01797385620915033
0 0.33026960784313725 0.7197712418300654 0.023284313725490197 0.021241830065359478
0 0.35110294117647056 0.6764705882352942 0.01838235294117647 0.0196078431372549
0 0.35661764705882354 0.6576797385620915 0.014705882352941176 0.01797385620915033
0 0.34375 0.6478758169934641 0.020833333333333332 0.014705882352941176
0 0.3382352941176471 0.6658496732026143 0.0196078431372549 0.024509803921568627
0 0.33578431372549017 0.6870915032679739 0.01715686274509804 0.03104575163398693
0 0.3235294117647059 0.7017973856209151 0.012254901960784314 0.01797385620915033
0 0.3125 0.7549019607843137 0.03431372549019608 0.032679738562091505
0 0.3069852941176471 0.7336601307189543 0.03308823529411765 0.026143790849673203
0 0.30453431372549017 0.7075163398692811 0.030637254901960783 0.032679738562091505
0 0.31433823529411764 0.684640522875817 0.03553921568627451 0.029411764705882353
0 0.31433823529411764 0.6593137254901961 0.028186274509803922 0.021241830065359478
0 0.3002450980392157 0.6470588235294118 0.02696078431372549 0.022875816993464054
0 0.28860294117647056 0.6683006535947713 0.025735294117647058 0.022875816993464054
0 0.27450980392156865 0.6609477124183006 0.024509803921568627 0.021241830065359478
0 0.2536764705882353 0.6707516339869282 0.03676470588235294 0.03431372549019608
0 0.24571078431372548 0.6977124183006537 0.03553921568627451 0.032679738562091505
0 0.2738970588235294 0.6977124183006537 0.025735294117647058 0.042483660130718956
0 0.2769607843137255 0.7361111111111112 0.03431372549019608 0.03758169934640523
0 0.2542892156862745 0.7197712418300654 0.028186274509803922 0.02777777777777778
0 0.24019607843137256 0.732843137254902 0.01715686274509804 0.01797385620915033
0 0.24325980392156862 0.75 0.023284313725490197 0.022875816993464054
0 0.2616421568627451 0.7598039215686275 0.025735294117647058 0.026143790849673203
0 0.2512254901960784 0.7696078431372549 0.022058823529411763 0.022875816993464054
0 0.2738970588235294 0.7843137254901961 0.020833333333333332 0.013071895424836602
0 0.2867647058823529 0.7777777777777778 0.01715686274509804 0.00980392156862745
0 0.28308823529411764 0.763888888888889 0.0196078431372549 0.021241830065359478
0 0.29534313725490197 0.7679738562091504 0.014705882352941176 0.013071895424836602
0 0.1482843137254902 0.7794117647058824 0.0196078431372549 0.016339869281045753
0 0.41911764705882354 0.7598039215686275 0.014705882352941176 0.022875816993464054
0 0.44485294117647056 0.3880718954248366 0.01715686274509804 0.024509803921568627
0 0.2383578431372549 0.5743464052287582 0.013480392156862746 0.02777777777777778
0 0.3952205882352941 0.4223856209150327 0.015931372549019607 0.021241830065359478
0 0.43137254901960786 0.4084967320261438 0.0392156862745098 0.03594771241830066
0 0.45526960784313725 0.39950980392156865 0.01838235294117647 0.01797385620915033
0 0.46017156862745096 0.41830065359477125 0.03553921568627451 0.032679738562091505
0 0.4797794117647059 0.41013071895424835 0.013480392156862746 0.026143790849673203
0 0.4950980392156863 0.4223856209150327 0.014705882352941176 0.01797385620915033
0 0.5042892156862745 0.4354575163398693 0.023284313725490197 0.021241830065359478
0 0.47181372549019607 0.43137254901960786 0.024509803921568627 0.0196078431372549
0 0.47549019607843135 0.4485294117647059 0.03431372549019608 0.03104575163398693
0 0.48590686274509803 0.4607843137254902 0.023284313725490197 0.026143790849673203
0 0.5006127450980392 0.4542483660130719 0.01838235294117647 0.0196078431372549
0 0.4993872549019608 0.47058823529411764 0.023284313725490197 0.0196078431372549
0 0.4479166666666667 0.4411764705882353 0.020833333333333332 0.0196078431372549
0 0.4491421568627451 0.4607843137254902 0.030637254901960783 0.022875816993464054
0 0.4491421568627451 0.47303921568627455 0.023284313725490197 0.021241830065359478
0 0.4620098039215686 0.4763071895424837 0.024509803921568627 0.021241830065359478
0 0.4797794117647059 0.4795751633986928 0.025735294117647058 0.021241830065359478
0 0.47120098039215685 0.494281045751634 0.025735294117647058 0.021241830065359478
0 0.4332107843137255 0.4722222222222222 0.013480392156862746 0.0196078431372549
0 0.4479166666666667 0.494281045751634 0.025735294117647058 0.024509803921568627
0 0.43504901960784315 0.5040849673202614 0.022058823529411763 0.014705882352941176
0 0.4252450980392157 0.4869281045751634 0.029411764705882353 0.026143790849673203
0 0.8988970588235294 0.6617647058823529 0.030637254901960783 0.029411764705882353
0 0.9050245098039216 0.6813725490196079 0.028186274509803922 0.0392156862745098
0 0.9283088235294118 0.698529411764706 0.03308823529411765 0.024509803921568627
0 0.8639705882352942 0.6748366013071896 0.01715686274509804 0.03594771241830066
0 0.8823529411764706 0.6805555555555556 0.02696078431372549 0.03104575163398693
0 0.8774509803921569 0.7034313725490197 0.031862745098039214 0.02777777777777778
0 0.897671568627451 0.7107843137254902 0.020833333333333332 0.029411764705882353
0 0.8627450980392157 0.7132352941176471 0.01715686274509804 0.02777777777777778
0 0.8547794117647058 0.7214052287581699 0.025735294117647058 0.03104575163398693
0 0.8376225490196079 0.7279411764705882 0.020833333333333332 0.01797385620915033
0 0.8321078431372549 0.6952614379084967 0.014705882352941176 0.014705882352941176
0 0.8314950980392157 0.7132352941176471 0.025735294117647058 0.02777777777777778
0 0.8235294117647058 0.7426470588235294 0.0196078431372549 0.01797385620915033
0 0.8033088235294118 0.7189542483660131 0.03799019607843137 0.032679738562091505
0 0.7818627450980392 0.7263071895424836 0.01715686274509804 0.01797385620915033
0 0.789828431372549 0.738562091503268 0.020833333333333332 0.0196078431372549
0 0.9736519607843137 0.2540849673202614 0.028186274509803922 0.04738562091503268
