0 0.31290849673202614 0.7083333333333334 0.03431372549019608 0.044117647058823525
0 0.5277777777777778 0.2113970588235294 0.0196078431372549 0.023284313725490197
0 0.619281045751634 0.22426470588235295 0.05228758169934641 0.05392156862745098
0 0.5678104575163399 0.22487745098039216 0.021241830065359478 0.01838235294117647
0 0.5669934640522876 0.2389705882352941 0.03594771241830066 0.014705882352941176
0 0.5669934640522876 0.2555147058823529 0.0196078431372549 0.023284313725490197
0 0.8227124183006537 0.28431372549019607 0.03104575163398693 0.03431372549019608
0 0.8349673202614379 0.32659313725490197 0.022875816993464054 0.028186274509803922
0 0.8300653594771242 0.3529411764705882 0.022875816993464054 0.029411764705882353
0 0.8415032679738562 0.3786764705882353 0.0196078431372549 0.02696078431372549
0 0.7785947712418301 0.42034313725490197 0.02777777777777778 0.029411764705882353
0 0.8112745098039216 0.4362745098039216 0.021241830065359478 0.029411764705882353
0 0.7949346405228759 0.44362745098039214 0.021241830065359478 0.02696078431372549
0 0.7761437908496732 0.4454656862745098 0.026143790849673203 0.01838235294117647
0 0.7745098039215687 0.46875 0.022875816993464054 0.028186274509803922
0 0.803921568627451 0.4650735294117647 0.016339869281045753 0.020833333333333332
0 0.8194444444444444 0.4626225490196078 0.02777777777777778 0.023284313725490197
0 0.8349673202614379 0.48223039215686275 0.016339869281045753 0.025735294117647058
0 0.821078431372549 0.4852941176470588 0.021241830065359478 0.024509803921568627
0 0.7957516339869282 0.4810049019607843 0.022875816993464054 0.01838235294117647
0 0.803921568627451 0.5061274509803921 0.026143790849673203 0.031862745098039214
0 0.7745098039215687 0.4926470588235294 0.029411764705882353 0.0196078431372549
0 0.821078431372549 0.5183823529411765 0.024509803921568627 0.01715686274509804
0 0.8390522875816994 0.5263480392156863 0.021241830065359478 0.028186274509803922
0 0.7540849673202614 0.5134803921568627 0.02777777777777778 0.0196078431372549
0 0.7745098039215687 0.5110294117647058 0.013071895424836602 0.014705882352941176
0 0.7892156862745098 0.5128676470588235 0.016339869281045753 0.015931372549019607
0 0.7777777777777778 0.5367647058823529 0.032679738562091505 0.03431372549019608
0 0.8014705882352942 0.5379901960784313 0.024509803921568627 0.03431372549019608
0 0.8194444444444444 0.5435049019607843 0.024509803921568627 0.023284313725490197
0 0.8300653594771242 0.5563725490196079 0.032679738562091505 0.014705882352941176
0 0.7344771241830066 0.5416666666666666 0.021241830065359478 0.022058823529411763
0 0.7532679738562091 0.5306372549019608 0.022875816993464054 0.0196078431372549
0 0.7573529411764706 0.5508578431372549 0.014705882352941176 0.020833333333333332
0 0.7369281045751634 0.5594362745098039 0.016339869281045753 0.023284313725490197
0 0.7467320261437909 0.5704656862745098 0.0196078431372549 0.01838235294117647
0 0.7867647058823529 0.5637254901960784 0.014705882352941176 0.01715686274509804
0 0.7671568627450981 0.5802696078431372 0.03104575163398693 0.04044117647058824
0 0.8014705882352942 0.5772058823529411 0.03758169934640523 0.04656862745098039
0 0.7426470588235294 0.5888480392156863 0.01797385620915033 0.020833333333333332
0 0.7467320261437909 0.6078431372549019 0.0196078431372549 0.022058823529411763
0 0.744281045751634 0.6305147058823529 0.024509803921568627 0.023284313725490197
0 0.7883986928104575 0.6685049019607843 0.024509803921568627 0.023284313725490197
0 0.8006535947712419 0.6507352941176471 0.026143790849673203 0.014705882352941176
0 0.8145424836601307 0.6384803921568627 0.01797385620915033 0.022058823529411763
0 0.8006535947712419 0.6268382352941176 0.0196078431372549 0.023284313725490197
0 0.7655228758169935 0.6090686274509803 0.01797385620915033 0.0196078431372549
0 0.7785947712418301 0.6090686274509803 0.01797385620915033 0.022058823529411763
0 0.7965686274509804 0.6066176470588235 0.01797385620915033 0.022058823529411763
0 0.8104575163398693 0.6035539215686274 0.016339869281045753 0.023284313725490197
0 0.8088235294117647 0.7334558823529411 0.026143790849673203 0.025735294117647058
0 0.7818627450980392 0.7389705882352942 0.02777777777777778 0.029411764705882353
0 0.7941176470588236 0.7855392156862745 0.022875816993464054 0.02696078431372549
0 0.7745098039215687 0.8155637254901961 0.022875816993464054 0.030637254901960783
0 0.8104575163398693 0.8106617647058824 0.022875816993464054 0.01838235294117647
0 0.7908496732026145 0.8112745098039216 0.026143790849673203 0.024509803921568627
0 0.803921568627451 0.8321078431372549 0.0196078431372549 0.02696078431372549
0 0.7851307189542484 0.8376225490196079 0.021241830065359478 0.023284313725490197
0 0.7426470588235294 0.8474264705882353 0.021241830065359478 0.023284313725490197
0 0.7581699346405228 0.8651960784313726 0.022875816993464054 0.022058823529411763
0 0.7761437908496732 0.8584558823529411 0.022875816993464054 0.01838235294117647
0 0.7908496732026145 0.8688725490196079 0.0196078431372549 0.024509803921568627
0 0.8129084967320261 0.8627450980392157 0.021241830065359478 0.022058823529411763
0 0.8055555555555556 0.8743872549019608 0.016339869281045753 0.01838235294117647
0 0.823529411764706 0.8811274509803921 0.0196078431372549 0.02696078431372549
0 0.8366013071895425 0.8872549019607843 0.026143790849673203 0.0196078431372549
0 0.7696078431372549 0.8829656862745098 0.0196078431372549 0.01838235294117647
0 0.7818627450980392 0.9025735294117647 0.02777777777777778 0.020833333333333332
0 0.8088235294117647 0.9136029411764706 0.029411764705882353 0.0428921568627451
0 0.8316993464052288 0.9087009803921569 0.0196078431372549 0.028186274509803922
0 0.8300653594771242 0.9295343137254902 0.016339869281045753 0.015931372549019607
0 0.7908496732026145 0.9350490196078431 0.032679738562091505 0.041666666666666664
0 0.8218954248366014 0.9540441176470588 0.03594771241830066 0.04534313725490196
0 0.8055555555555556 0.9840686274509803 0.029411764705882353 0.031862745098039214
0 0.8357843137254902 0.9840686274509803 0.02777777777777778 0.014705882352941176
0 0.7810457516339869 0.9816176470588235 0.026143790849673203 0.02696078431372549
