0 0.09558823529411765 0.6372549019607843 0.04084967320261438 0.05392156862745098
0 0.3292483660130719 0.9276960784313726 0.03104575163398693 0.024509803921568627
0 0.8668300653594772 0.8841911764705882 0.03431372549019608 0.03308823529411765
0 0.9411764705882353 0.7549019607843137 0.049019607843137254 0.03676470588235294
0 0.9003267973856209 0.735906862745098 0.03594771241830066 0.030637254901960783
0 0.9060457516339869 0.7034313725490196 0.05392156862745098 0.03431372549019608
0 0.8660130718954249 0.6090686274509803 0.03594771241830066 0.031862745098039214
0 0.9142156862745099 0.5821078431372549 0.03104575163398693 0.024509803921568627
0 0.7679738562091504 0.5741421568627451 0.032679738562091505 0.03553921568627451
0 0.8464052287581699 0.5294117647058824 0.04575163398692811 0.041666666666666664
0 0.8660130718954249 0.5104166666666666 0.03594771241830066 0.023284313725490197
0 0.8660130718954249 0.47120098039215685 0.0392156862745098 0.03553921568627451
0 0.9370915032679739 0.42463235294117646 0.03104575163398693 0.04534313725490196
0 0.9027777777777778 0.42892156862745096 0.024509803921568627 0.02696078431372549
0 0.8619281045751634 0.38174019607843135 0.04084967320261438 0.028186274509803922
0 0.9019607843137255 0.3327205882352941 0.032679738562091505 0.028186274509803922
0 0.977124183006536 0.2775735294117647 0.04575163398692811 0.03308823529411765
0 0.8864379084967321 0.3633578431372549 0.024509803921568627 0.028186274509803922
