0 0.06781045751633988 0.5545343137254902 0.01797385620915033 0.013480392156862746
0 0.006535947712418301 0.4987745098039216 0.00980392156862745 0.024509803921568627
0 0.0196078431372549 0.5263480392156863 0.026143790849673203 0.0428921568627451
0 0.049836601307189546 0.5110294117647058 0.03758169934640523 0.041666666666666664
0 0.04820261437908497 0.5441176470588235 0.03431372549019608 0.024509803921568627
0 0.008986928104575164 0.548406862745098 0.014705882352941176 0.025735294117647058
0 0.004084967320261438 0.5735294117647058 0.004901960784313725 0.0196078431372549
0 0.016339869281045753 0.5833333333333334 0.016339869281045753 0.014705882352941176
0 0.03104575163398693 0.5698529411764706 0.032679738562091505 0.03431372549019608
0 0.040032679738562095 0.5906862745098039 0.011437908496732027 0.012254901960784314
0 0.05555555555555556 0.5814950980392157 0.0196078431372549 0.013480392156862746
0 0.056372549019607844 0.5980392156862745 0.02777777777777778 0.00980392156862745
0 0.02696078431372549 0.6041666666666666 0.024509803921568627 0.024509803921568627
0 0.007352941176470588 0.6004901960784313 0.011437908496732027 0.02696078431372549
0 0.018790849673202614 0.625 0.03431372549019608 0.01715686274509804
0 0.37826797385620914 0.6525735294117647 0.011437908496732027 0.025735294117647058
0 0.35375816993464054 0.6599264705882353 0.03104575163398693 0.04044117647058824
0 0.38071895424836605 0.696078431372549 0.032679738562091505 0.029411764705882353
0 0.3651960784313726 0.71875 0.03431372549019608 0.03553921568627451
0 0.06045751633986928 0.8216911764705882 0.029411764705882353 0.013480392156862746
0 0.04411764705882353 0.8431372549019608 0.022875816993464054 0.031862745098039214
0 0.06699346405228758 0.8486519607843137 0.029411764705882353 0.01838235294117647
0 0.04820261437908497 0.8651960784313726 0.03431372549019608 0.014705882352941176
0 0.3276143790849673 0.9448529411764706 0.02777777777777778 0.044117647058823525
