0 0.10947712418300654 0.006740196078431373 0.0196078431372549 0.011029411764705881
0 0.1380718954248366 0.014093137254901961 0.03104575163398693 0.023284313725490197
0 0.15849673202614378 0.00857843137254902 0.026143790849673203 0.014705882352941176
0 0.16748366013071897 0.05269607843137255 0.03104575163398693 0.031862745098039214
0 0.11846405228758171 0.05821078431372549 0.011437908496732027 0.013480392156862746
0 0.10457516339869281 0.06066176470588235 0.016339869281045753 0.015931372549019607
0 0.08823529411764706 0.044117647058823525 0.0196078431372549 0.024509803921568627
0 0.07434640522875817 0.07107843137254902 0.021241830065359478 0.014705882352941176
0 0.07434640522875817 0.05392156862745098 0.021241830065359478 0.0196078431372549
0 0.09477124183006536 0.0778186274509804 0.032679738562091505 0.03553921568627451
0 0.11437908496732027 0.032475490196078434 0.0392156862745098 0.03799019607843137
0 0.13480392156862744 0.04350490196078431 0.014705882352941176 0.015931372549019607
0 0.1315359477124183 0.07720588235294118 0.03758169934640523 0.04656862745098039
0 0.14215686274509803 0.10049019607843138 0.03594771241830066 0.0196078431372549
0 0.11519607843137256 0.1053921568627451 0.01797385620915033 0.024509803921568627
0 0.10947712418300654 0.1256127450980392 0.0196078431372549 0.020833333333333332
0 0.12908496732026145 0.1323529411764706 0.0196078431372549 0.041666666666666664
0 0.14950980392156862 0.1409313725490196 0.021241830065359478 0.00980392156862745
0 0.06127450980392157 0.17279411764705882 0.014705882352941176 0.022058823529411763
0 0.07352941176470588 0.1636029411764706 0.0196078431372549 0.030637254901960783
0 0.09803921568627451 0.15196078431372548 0.0392156862745098 0.03431372549019608
0 0.14460784313725492 0.1605392156862745 0.01797385620915033 0.024509803921568627
0 0.16666666666666669 0.17830882352941177 0.029411764705882353 0.015931372549019607
0 0.14787581699346405 0.1881127450980392 0.024509803921568627 0.028186274509803922
0 0.11683006535947713 0.18075980392156862 0.03431372549019608 0.03553921568627451
0 0.0661764705882353 0.1875 0.014705882352941176 0.014705882352941176
0 0.08741830065359478 0.19240196078431374 0.02777777777777778 0.03431372549019608
0 0.06944444444444445 0.20955882352941177 0.021241830065359478 0.02696078431372549
0 0.11764705882352941 0.20465686274509803 0.022875816993464054 0.00980392156862745
0 0.13643790849673204 0.2113970588235294 0.04411764705882353 0.015931372549019607
0 0.09885620915032681 0.22916666666666666 0.03431372549019608 0.041666666666666664
0 0.16176470588235295 0.22120098039215685 0.0196078431372549 0.00857843137254902
0 0.16258169934640523 0.23223039215686275 0.024509803921568627 0.01838235294117647
0 0.12990196078431374 0.23774509803921567 0.04411764705882353 0.03676470588235294
0 0.06699346405228758 0.23774509803921567 0.0196078431372549 0.02696078431372549
0 0.06372549019607843 0.2616421568627451 0.016339869281045753 0.01838235294117647
0 0.08169934640522876 0.25735294117647056 0.029411764705882353 0.03676470588235294
0 0.10947712418300654 0.2659313725490196 0.026143790849673203 0.03431372549019608
0 0.1388888888888889 0.25612745098039214 0.029411764705882353 0.02696078431372549
0 0.14950980392156862 0.27267156862745096 0.011437908496732027 0.015931372549019607
0 0.16911764705882354 0.2610294117647059 0.02777777777777778 0.03431372549019608
0 0.09722222222222222 0.28431372549019607 0.021241830065359478 0.012254901960784314
0 0.10130718954248366 0.2965686274509804 0.022875816993464054 0.01715686274509804
0 0.07352941176470588 0.2922794117647059 0.032679738562091505 0.03799019607843137
0 0.08251633986928104 0.3174019607843137 0.03758169934640523 0.041666666666666664
0 0.12663398692810457 0.2849264705882353 0.02777777777777778 0.025735294117647058
0 0.11846405228758171 0.3082107843137255 0.02777777777777778 0.023284313725490197
0 0.1503267973856209 0.29963235294117646 0.03594771241830066 0.03553921568627451
0 0.13970588235294118 0.3278186274509804 0.02777777777777778 0.01838235294117647
0 0.11274509803921569 0.3284313725490196 0.032679738562091505 0.014705882352941176
0 0.11274509803921569 0.3443627450980392 0.042483660130718956 0.0196078431372549
0 0.08496732026143791 0.3529411764705882 0.013071895424836602 0.024509803921568627
0 0.09967320261437909 0.3596813725490196 0.022875816993464054 0.013480392156862746
0 0.15604575163398693 0.9908088235294118 0.021241830065359478 0.013480392156862746
0 0.13562091503267976 0.977328431372549 0.049019607843137254 0.03553921568627451
0 0.16748366013071897 0.9736519607843137 0.014705882352941176 0.01838235294117647
