0 0.33415032679738566 0.13480392156862744 0.03104575163398693 0.0196078431372549
0 0.3145424836601307 0.16973039215686275 0.021241830065359478 0.020833333333333332
0 0.6560457516339869 0.3909313725490196 0.021241830065359478 0.024509803921568627
0 0.6854575163398693 0.36580882352941174 0.03431372549019608 0.03308823529411765
0 0.6887254901960784 0.4957107843137255 0.03758169934640523 0.04779411764705882
0 0.7410130718954249 0.7328431372549019 0.03758169934640523 0.03676470588235294
0 0.7532679738562091 0.7530637254901961 0.026143790849673203 0.025735294117647058
0 0.7361111111111112 0.7677696078431372 0.021241830065359478 0.023284313725490197
0 0.9003267973856209 0.5729166666666666 0.016339869281045753 0.025735294117647058
0 0.8995098039215687 0.5949754901960784 0.01797385620915033 0.01838235294117647
0 0.9044117647058824 0.6102941176470588 0.014705882352941176 0.012254901960784314
0 0.9150326797385622 0.6237745098039216 0.026143790849673203 0.00980392156862745
0 0.923202614379085 0.5704656862745098 0.029411764705882353 0.03553921568627451
0 0.9444444444444444 0.5741421568627451 0.016339869281045753 0.03799019607843137
0 0.934640522875817 0.6127450980392157 0.00980392156862745 0.00980392156862745
0 0.9428104575163399 0.602328431372549 0.016339869281045753 0.01838235294117647
0 0.9256535947712419 0.5968137254901961 0.02777777777777778 0.031862745098039214
