0 0.008986928104575164 0.4325980392156863 0.014705882352941176 0.01715686274509804
0 0.03676470588235294 0.4987745098039216 0.04084967320261438 0.022058823529411763
0 0.032679738562091505 0.5551470588235294 0.029411764705882353 0.01715686274509804
0 0.03758169934640523 0.6047794117647058 0.016339869281045753 0.015931372549019607
0 0.04738562091503268 0.6286764705882353 0.016339869281045753 0.014705882352941176
0 0.025326797385620915 0.6256127450980392 0.02777777777777778 0.020833333333333332
0 0.01388888888888889 0.6397058823529411 0.024509803921568627 0.044117647058823525
0 0.015522875816993464 0.6832107843137255 0.02777777777777778 0.03553921568627451
0 0.005718954248366014 0.7542892156862745 0.008169934640522876 0.025735294117647058
0 0.014705882352941176 0.7837009803921569 0.026143790849673203 0.025735294117647058
0 0.049019607843137254 0.8014705882352942 0.026143790849673203 0.022058823529411763
0 0.06290849673202614 0.8265931372549019 0.03431372549019608 0.01838235294117647
0 0.2246732026143791 0.9154411764705882 0.02777777777777778 0.029411764705882353
