0 0.008169934640522876 0.006740196078431373 0.013071895424836602 0.006127450980392157
0 0.006535947712418301 0.01715686274509804 0.00980392156862745 0.00980392156862745
0 0.03431372549019608 0.10600490196078431 0.05228758169934641 0.05024509803921569
0 0.22630718954248366 0.22855392156862744 0.03431372549019608 0.03308823529411765
0 0.5580065359477124 0.1556372549019608 0.02777777777777778 0.0196078431372549
0 0.5751633986928105 0.17034313725490197 0.022875816993464054 0.022058823529411763
0 0.5825163398692811 0.19424019607843138 0.024509803921568627 0.020833333333333332
0 0.6102941176470589 0.15502450980392157 0.03431372549019608 0.020833333333333332
0 0.6094771241830066 0.1795343137254902 0.0196078431372549 0.023284313725490197
0 0.6241830065359477 0.19362745098039216 0.032679738562091505 0.014705882352941176
0 0.6233660130718954 0.2077205882352941 0.02777777777777778 0.013480392156862746
0 0.6478758169934641 0.2181372549019608 0.021241830065359478 0.0196078431372549
0 0.6045751633986929 0.2346813725490196 0.05555555555555556 0.03308823529411765
0 0.5465686274509804 0.22855392156862744 0.03104575163398693 0.020833333333333332
0 0.6241830065359477 0.26715686274509803 0.0196078431372549 0.0196078431372549
0 0.6421568627450981 0.2855392156862745 0.0196078431372549 0.0196078431372549
0 0.6756535947712419 0.26348039215686275 0.04738562091503268 0.056372549019607844
0 0.6936274509803921 0.31066176470588236 0.021241830065359478 0.025735294117647058
0 0.7132352941176471 0.32536764705882354 0.024509803921568627 0.023284313725490197
0 0.5931372549019608 0.29901960784313725 0.029411764705882353 0.0392156862745098
0 0.6176470588235294 0.29901960784313725 0.0196078431372549 0.03431372549019608
0 0.012254901960784314 0.37745098039215685 0.021241830065359478 0.031862745098039214
0 0.007352941176470588 0.4068627450980392 0.011437908496732027 0.022058823529411763
0 0.02369281045751634 0.49816176470588236 0.021241830065359478 0.025735294117647058
0 0.008986928104575164 0.5116421568627451 0.014705882352941176 0.030637254901960783
0 0.004084967320261438 0.5508578431372549 0.004901960784313725 0.01838235294117647
0 0.02042483660130719 0.5453431372549019 0.014705882352941176 0.0196078431372549
0 0.015522875816993464 0.5612745098039216 0.01797385620915033 0.012254901960784314
0 0.0392156862745098 0.5588235294117647 0.0392156862745098 0.041666666666666664
0 0.01388888888888889 0.5765931372549019 0.024509803921568627 0.013480392156862746
0 0.018790849673202614 0.59375 0.03104575163398693 0.01838235294117647
0 0.025326797385620915 0.625 0.04738562091503268 0.0392156862745098
0 0.03594771241830066 0.65625 0.05228758169934641 0.020833333333333332
0 0.004901960784313725 0.6752450980392157 0.006535947712418301 0.024509803921568627
0 0.01388888888888889 0.6721813725490196 0.01797385620915033 0.025735294117647058
0 0.024509803921568627 0.7058823529411764 0.04575163398692811 0.05392156862745098
0 0.02042483660130719 0.7346813725490196 0.03758169934640523 0.023284313725490197
0 0.015522875816993464 0.7591911764705882 0.021241830065359478 0.025735294117647058
0 0.005718954248366014 0.7696078431372549 0.008169934640522876 0.022058823529411763
0 0.011437908496732027 0.8106617647058824 0.0196078431372549 0.030637254901960783
0 0.010620915032679739 0.8400735294117647 0.01797385620915033 0.023284313725490197
0 0.008169934640522876 0.8768382352941176 0.013071895424836602 0.030637254901960783
0 0.0196078431372549 0.9160539215686274 0.03594771241830066 0.0428921568627451
0 0.021241830065359478 0.960171568627451 0.029411764705882353 0.025735294117647058
0 0.010620915032679739 0.9816176470588235 0.01797385620915033 0.031862745098039214
0 0.029411764705882353 0.991421568627451 0.016339869281045753 0.01715686274509804
0 0.26715686274509803 0.9840686274509803 0.014705882352941176 0.024509803921568627
0 0.4616013071895425 0.9240196078431372 0.021241830065359478 0.024509803921568627
0 0.5024509803921569 0.8909313725490196 0.03431372549019608 0.05392156862745098
0 0.5326797385620915 0.9080882352941176 0.032679738562091505 0.041666666666666664
0 0.4754901960784314 0.991421568627451 0.026143790849673203 0.01715686274509804
0 0.6838235294117647 0.35784313725490197 0.05065359477124183 0.03431372549019608
0 0.6584967320261438 0.36642156862745096 0.0196078431372549 0.01715686274509804
0 0.6593137254901961 0.38112745098039214 0.021241830065359478 0.012254901960784314
0 0.6781045751633987 0.383578431372549 0.0196078431372549 0.01715686274509804
0 0.6977124183006537 0.3860294117647059 0.016339869281045753 0.01715686274509804
0 0.6944444444444444 0.40441176470588236 0.022875816993464054 0.0196078431372549
0 0.6633986928104575 0.4105392156862745 0.049019607843137254 0.0392156862745098
0 0.6397058823529412 0.4227941176470588 0.03104575163398693 0.024509803921568627
0 0.6209150326797386 0.39828431372549017 0.03594771241830066 0.0392156862745098
0 0.5898692810457516 0.42340686274509803 0.016339869281045753 0.020833333333333332
0 0.6151960784313726 0.4362745098039216 0.03104575163398693 0.03431372549019608
0 0.6405228758169935 0.45159313725490197 0.026143790849673203 0.030637254901960783
0 0.6723856209150327 0.4497549019607843 0.021241830065359478 0.024509803921568627
0 0.6535947712418301 0.4675245098039216 0.026143790849673203 0.020833333333333332
0 0.6772875816993464 0.47549019607843135 0.021241830065359478 0.024509803921568627
0 0.75 0.4626225490196078 0.029411764705882353 0.03799019607843137
0 0.7222222222222222 0.47610294117647056 0.032679738562091505 0.03799019607843137
0 0.6870915032679739 0.4883578431372549 0.04084967320261438 0.03799019607843137
0 0.6593137254901961 0.5042892156862745 0.021241830065359478 0.020833333333333332
0 0.6339869281045751 0.5196078431372549 0.029411764705882353 0.024509803921568627
0 0.684640522875817 0.5165441176470588 0.0196078431372549 0.01838235294117647
0 0.667483660130719 0.5281862745098039 0.03431372549019608 0.022058823529411763
0 0.6658496732026143 0.548406862745098 0.03758169934640523 0.01838235294117647
0 0.7091503267973857 0.5116421568627451 0.026143790849673203 0.03308823529411765
0 0.732843137254902 0.5098039215686274 0.01797385620915033 0.024509803921568627
0 0.7459150326797386 0.5134803921568627 0.014705882352941176 0.022058823529411763
0 0.7679738562091504 0.48713235294117646 0.022875816993464054 0.025735294117647058
0 0.8333333333333334 0.4926470588235294 0.029411764705882353 0.02696078431372549
0 0.8104575163398693 0.5055147058823529 0.029411764705882353 0.013480392156862746
0 0.7785947712418301 0.5165441176470588 0.014705882352941176 0.013480392156862746
0 0.7867647058823529 0.5067401960784313 0.01797385620915033 0.015931372549019607
0 0.7401960784313726 0.5435049019607843 0.026143790849673203 0.0428921568627451
0 0.7573529411764706 0.5514705882352942 0.011437908496732027 0.024509803921568627
0 0.7728758169934641 0.5545343137254902 0.013071895424836602 0.01838235294117647
0 0.7777777777777778 0.5686274509803921 0.022875816993464054 0.02696078431372549
0 0.8014705882352942 0.5667892156862745 0.021241830065359478 0.030637254901960783
0 0.809640522875817 0.5471813725490196 0.014705882352941176 0.020833333333333332
0 0.7769607843137255 0.5324754901960784 0.05065359477124183 0.03799019607843137
0 0.8031045751633987 0.5238970588235294 0.01797385620915033 0.023284313725490197
0 0.8202614379084967 0.5275735294117647 0.022875816993464054 0.030637254901960783
0 0.8439542483660131 0.5251225490196079 0.02777777777777778 0.028186274509803922
0 0.8357843137254902 0.5447303921568627 0.03104575163398693 0.015931372549019607
0 0.8431372549019608 0.579656862745098 0.029411764705882353 0.012254901960784314
0 0.8202614379084967 0.5888480392156863 0.032679738562091505 0.025735294117647058
0 0.6650326797385621 0.5765931372549019 0.022875816993464054 0.023284313725490197
0 0.6854575163398693 0.5802696078431372 0.01797385620915033 0.020833333333333332
0 0.6756535947712419 0.6035539215686274 0.01797385620915033 0.028186274509803922
0 0.704248366013072 0.6096813725490196 0.032679738562091505 0.05514705882352941
0 0.744281045751634 0.5986519607843137 0.04084967320261438 0.030637254901960783
0 0.763888888888889 0.5894607843137255 0.01797385620915033 0.029411764705882353
0 0.7818627450980392 0.6060049019607843 0.03104575163398693 0.0428921568627451
0 0.8055555555555556 0.6225490196078431 0.013071895424836602 0.02696078431372549
0 0.8259803921568628 0.6078431372549019 0.024509803921568627 0.024509803921568627
0 0.8251633986928105 0.6292892156862745 0.029411764705882353 0.01838235294117647
0 0.8480392156862745 0.6060049019607843 0.029411764705882353 0.03308823529411765
0 0.8513071895424836 0.6323529411764706 0.026143790849673203 0.022058823529411763
0 0.8472222222222222 0.664828431372549 0.03431372549019608 0.0428921568627451
0 0.8178104575163399 0.6574754901960784 0.03104575163398693 0.03799019607843137
0 0.7745098039215687 0.6464460784313726 0.06209150326797386 0.03308823529411765
0 0.7320261437908497 0.647671568627451 0.03594771241830066 0.04044117647058824
0 0.6887254901960784 0.647671568627451 0.03758169934640523 0.04779411764705882
0 0.6584967320261438 0.6348039215686274 0.026143790849673203 0.03431372549019608
0 0.6151960784313726 0.7224264705882353 0.03431372549019608 0.0428921568627451
0 0.5678104575163399 0.7647058823529411 0.03758169934640523 0.03676470588235294
0 0.6707516339869282 0.7310049019607843 0.03431372549019608 0.0428921568627451
0 0.6993464052287582 0.6856617647058824 0.049019607843137254 0.028186274509803922
0 0.7393790849673203 0.6868872549019608 0.03104575163398693 0.03799019607843137
0 0.7753267973856209 0.6697303921568627 0.04084967320261438 0.01838235294117647
0 0.7777777777777778 0.6924019607843137 0.058823529411764705 0.03676470588235294
0 0.8169934640522876 0.7034313725490196 0.032679738562091505 0.049019607843137254
0 0.7933006535947713 0.7193627450980392 0.021241830065359478 0.0196078431372549
0 0.7050653594771242 0.7120098039215687 0.03431372549019608 0.03676470588235294
0 0.7279411764705882 0.7236519607843137 0.03104575163398693 0.03308823529411765
0 0.7598039215686275 0.7291666666666666 0.049019607843137254 0.029411764705882353
0 0.8063725490196079 0.7401960784313726 0.03104575163398693 0.024509803921568627
0 0.815359477124183 0.7647058823529411 0.049019607843137254 0.024509803921568627
0 0.7254901960784313 0.7628676470588235 0.029411764705882353 0.04534313725490196
0 0.696078431372549 0.7732843137254902 0.03594771241830066 0.051470588235294115
0 0.6241830065359477 0.8002450980392157 0.058823529411764705 0.031862745098039214
0 0.6650326797385621 0.8106617647058824 0.032679738562091505 0.05269607843137255
0 0.6838235294117647 0.8253676470588235 0.01797385620915033 0.025735294117647058
0 0.638888888888889 0.8345588235294118 0.0196078431372549 0.03676470588235294
0 0.6111111111111112 0.8363970588235294 0.042483660130718956 0.04534313725490196
0 0.6021241830065359 0.8651960784313726 0.04084967320261438 0.022058823529411763
0 0.5816993464052288 0.8799019607843137 0.03594771241830066 0.03676470588235294
0 0.7165032679738562 0.8033088235294118 0.01797385620915033 0.028186274509803922
0 0.7630718954248367 0.767156862745098 0.0392156862745098 0.041666666666666664
0 0.755718954248366 0.7996323529411764 0.057189542483660136 0.020833333333333332
0 0.755718954248366 0.8223039215686274 0.03758169934640523 0.024509803921568627
0 0.8129084967320261 0.7990196078431372 0.057189542483660136 0.041666666666666664
0 0.8267973856209151 0.8229166666666666 0.05555555555555556 0.04534313725490196
0 0.8741830065359477 0.5416666666666666 0.058823529411764705 0.04656862745098039
0 0.880718954248366 0.642156862745098 0.03594771241830066 0.04656862745098039
0 0.8684640522875817 0.6911764705882353 0.02777777777777778 0.02696078431372549
0 0.8937908496732027 0.6875 0.029411764705882353 0.02696078431372549
0 0.8562091503267975 0.7218137254901961 0.06209150326797386 0.03431372549019608
0 0.7606209150326798 0.8590686274509803 0.04411764705882353 0.04656862745098039
0 0.7287581699346406 0.8731617647058824 0.032679738562091505 0.020833333333333332
0 0.7026143790849674 0.8596813725490196 0.04575163398692811 0.03553921568627451
0 0.7287581699346406 0.8897058823529411 0.029411764705882353 0.014705882352941176
0 0.696078431372549 0.8946078431372549 0.03594771241830066 0.03676470588235294
0 0.7647058823529412 0.9264705882352942 0.013071895424836602 0.0196078431372549
0 0.7410130718954249 0.9191176470588235 0.05392156862745098 0.041666666666666664
0 0.7075163398692811 0.9178921568627451 0.029411764705882353 0.031862745098039214
0 0.7107843137254902 0.9485294117647058 0.016339869281045753 0.01715686274509804
0 0.6821895424836601 0.9442401960784313 0.03758169934640523 0.05024509803921569
0 0.6666666666666667 0.8970588235294118 0.03594771241830066 0.05392156862745098
0 0.6511437908496732 0.9209558823529411 0.03104575163398693 0.028186274509803922
0 0.6519607843137255 0.9509803921568627 0.032679738562091505 0.03676470588235294
0 0.6282679738562091 0.8939950980392156 0.04411764705882353 0.030637254901960783
0 0.6282679738562091 0.9350490196078431 0.021241830065359478 0.02696078431372549
0 0.6102941176470589 0.9276960784313726 0.03104575163398693 0.03431372549019608
0 0.5833333333333334 0.9099264705882353 0.04575163398692811 0.023284313725490197
0 0.6821895424836601 0.9865196078431372 0.024509803921568627 0.022058823529411763
0 0.5555555555555556 0.9442401960784313 0.032679738562091505 0.05024509803921569
0 0.5261437908496732 0.9393382352941176 0.032679738562091505 0.028186274509803922
0 0.5008169934640523 0.9528186274509803 0.03431372549019608 0.028186274509803922
0 0.5285947712418301 0.9669117647058824 0.03104575163398693 0.029411764705882353
0 0.5661764705882353 0.9828431372549019 0.021241830065359478 0.029411764705882353
0 0.5571895424836601 0.9938725490196079 0.022875816993464054 0.012254901960784314
0 0.5277777777777778 0.9908088235294118 0.049019607843137254 0.01838235294117647
0 0.5931372549019608 0.9681372549019608 0.03594771241830066 0.049019607843137254
0 0.6274509803921569 0.9675245098039216 0.049019607843137254 0.04044117647058824
0 0.6568627450980392 0.9908088235294118 0.03594771241830066 0.01838235294117647
0 0.5637254901960784 0.6580882352941176 0.0392156862745098 0.014705882352941176
