0 0.035130718954248366 0.07720588235294118 0.01797385620915033 0.024509803921568627
0 0.14869281045751634 0.3737745098039216 0.022875816993464054 0.0196078431372549
0 0.1650326797385621 0.3713235294117647 0.016339869281045753 0.014705882352941176
0 0.16013071895424838 0.3829656862745098 0.0196078431372549 0.011029411764705881
0 0.18218954248366015 0.39338235294117646 0.03758169934640523 0.03431372549019608
0 0.1642156862745098 0.4074754901960784 0.024509803921568627 0.028186274509803922
0 0.21405228758169936 0.4215686274509804 0.022875816993464054 0.0196078431372549
0 0.32189542483660133 0.42830882352941174 0.0392156862745098 0.030637254901960783
0 0.3300653594771242 0.44424019607843135 0.0196078431372549 0.01838235294117647
0 0.22712418300653595 0.45036764705882354 0.0196078431372549 0.020833333333333332
0 0.22957516339869283 0.5006127450980392 0.03104575163398693 0.028186274509803922
0 0.22140522875816995 0.5159313725490196 0.03104575163398693 0.024509803921568627
0 0.20179738562091504 0.5257352941176471 0.021241830065359478 0.0196078431372549
0 0.21977124183006536 0.5379901960784313 0.02777777777777778 0.024509803921568627
0 0.19444444444444445 0.4172794117647059 0.016339869281045753 0.015931372549019607
0 0.18218954248366015 0.4172794117647059 0.01797385620915033 0.01838235294117647
0 0.24019607843137256 0.6323529411764706 0.016339869281045753 0.0196078431372549
0 0.20833333333333334 0.6256127450980392 0.01797385620915033 0.020833333333333332
0 0.19771241830065361 0.6348039215686274 0.022875816993464054 0.02696078431372549
0 0.1854575163398693 0.647671568627451 0.021241830065359478 0.020833333333333332
0 0.25163398692810457 0.647671568627451 0.022875816993464054 0.023284313725490197
0 0.22140522875816995 0.6439950980392157 0.03431372549019608 0.03799019607843137
0 0.238562091503268 0.6642156862745098 0.026143790849673203 0.02696078431372549
0 0.20098039215686275 0.6605392156862745 0.022875816993464054 0.0196078431372549
0 0.18300653594771243 0.6660539215686274 0.0196078431372549 0.015931372549019607
0 0.1968954248366013 0.6783088235294118 0.014705882352941176 0.01838235294117647
0 0.20915032679738563 0.6740196078431372 0.0196078431372549 0.0196078431372549
0 0.22630718954248366 0.6819852941176471 0.03104575163398693 0.015931372549019607
0 0.24918300653594772 0.6807598039215687 0.01797385620915033 0.015931372549019607
0 0.2679738562091503 0.6856617647058824 0.022875816993464054 0.020833333333333332
0 0.2099673202614379 0.6979166666666666 0.021241830065359478 0.020833333333333332
0 0.22794117647058823 0.7120098039215687 0.03104575163398693 0.031862745098039214
0 0.184640522875817 0.6862745098039216 0.0196078431372549 0.0196078431372549
0 0.1854575163398693 0.7028186274509803 0.03758169934640523 0.015931372549019607
0 0.1854575163398693 0.7322303921568627 0.03431372549019608 0.04044117647058824
0 0.2034313725490196 0.7156862745098039 0.01797385620915033 0.014705882352941176
0 0.20833333333333334 0.7389705882352942 0.02777777777777778 0.031862745098039214
0 0.41013071895424835 0.7322303921568627 0.029411764705882353 0.03308823529411765
0 0.3897058823529412 0.7432598039215687 0.03104575163398693 0.015931372549019607
0 0.3888888888888889 0.7610294117647058 0.0392156862745098 0.02696078431372549
0 0.4035947712418301 0.7867647058823529 0.0392156862745098 0.024509803921568627
0 0.41421568627450983 0.7591911764705882 0.021241830065359478 0.020833333333333332
0 0.8374183006535948 0.8020833333333334 0.021241830065359478 0.023284313725490197
0 0.8178104575163399 0.7996323529411764 0.024509803921568627 0.028186274509803922
0 0.8186274509803921 0.821078431372549 0.029411764705882353 0.0196078431372549
0 0.8112745098039216 0.8419117647058824 0.021241830065359478 0.024509803921568627
0 0.8276143790849674 0.8431372549019608 0.021241830065359478 0.022058823529411763
0 0.8194444444444444 0.8602941176470588 0.024509803921568627 0.014705882352941176
