0 0.03349673202614379 0.42340686274509803 0.06372549019607843 0.03799019607843137
0 0.34395424836601307 0.5435049019607843 0.04738562091503268 0.03799019607843137
0 0.46405228758169936 0.32230392156862747 0.032679738562091505 0.029411764705882353
0 0.667483660130719 0.3241421568627451 0.024509803921568627 0.020833333333333332
0 0.0727124183006536 0.6580882352941176 0.024509803921568627 0.0196078431372549
0 0.05555555555555556 0.6752450980392157 0.032679738562091505 0.01715686274509804
0 0.032679738562091505 0.6862745098039216 0.05228758169934641 0.049019607843137254
0 0.08741830065359478 0.696078431372549 0.01797385620915033 0.0196078431372549
0 0.15849673202614378 0.6599264705882353 0.022875816993464054 0.020833333333333332
0 0.18790849673202614 0.6623774509803921 0.029411764705882353 0.028186274509803922
0 0.2042483660130719 0.6825980392156863 0.0196078431372549 0.0196078431372549
0 0.21977124183006536 0.6966911764705882 0.02777777777777778 0.03799019607843137
0 0.7083333333333334 0.8161764705882353 0.04084967320261438 0.02696078431372549
0 0.1454248366013072 0.6758578431372549 0.022875816993464054 0.01838235294117647
0 0.12173202614379085 0.6825980392156863 0.021241830065359478 0.0196078431372549
0 0.10866013071895425 0.7132352941176471 0.03431372549019608 0.04656862745098039
0 0.13643790849673204 0.7089460784313726 0.03104575163398693 0.025735294117647058
0 0.17401960784313725 0.7009803921568627 0.06372549019607843 0.049019607843137254
0 0.16094771241830066 0.7218137254901961 0.02777777777777778 0.00980392156862745
0 0.17647058823529413 0.7346813725490196 0.016339869281045753 0.01838235294117647
0 0.1985294117647059 0.7352941176470588 0.02777777777777778 0.02696078431372549
0 0.2377450980392157 0.7224264705882353 0.024509803921568627 0.025735294117647058
0 0.3374183006535948 0.7775735294117647 0.04738562091503268 0.028186274509803922
0 0.12990196078431374 0.7261029411764706 0.01797385620915033 0.01838235294117647
0 0.05065359477124183 0.7205882352941176 0.049019607843137254 0.0196078431372549
0 0.08660130718954248 0.7212009803921569 0.016339869281045753 0.020833333333333332
0 0.19607843137254902 0.7616421568627451 0.029411764705882353 0.028186274509803922
0 0.025326797385620915 0.7377450980392157 0.02777777777777778 0.024509803921568627
0 0.34068627450980393 0.8180147058823529 0.06045751633986928 0.03799019607843137
0 0.30800653594771243 0.8327205882352942 0.04738562091503268 0.030637254901960783
0 0.4035947712418301 0.8774509803921569 0.05228758169934641 0.041666666666666664
0 0.04820261437908497 0.7389705882352942 0.024509803921568627 0.01715686274509804
0 0.08333333333333334 0.7420343137254902 0.04575163398692811 0.01838235294117647
0 0.03594771241830066 0.7542892156862745 0.022875816993464054 0.023284313725490197
0 0.06862745098039216 0.7591911764705882 0.03594771241830066 0.013480392156862746
0 0.10049019607843138 0.7591911764705882 0.024509803921568627 0.025735294117647058
0 0.12663398692810457 0.7665441176470588 0.03758169934640523 0.03308823529411765
0 0.035130718954248366 0.7800245098039216 0.03104575163398693 0.01838235294117647
0 0.07107843137254902 0.7824754901960784 0.03104575163398693 0.020833333333333332
0 0.09558823529411765 0.8002450980392157 0.04084967320261438 0.03676470588235294
0 0.031862745098039214 0.7996323529411764 0.06045751633986928 0.023284313725490197
0 0.0196078431372549 0.8186274509803921 0.03594771241830066 0.01715686274509804
0 0.01388888888888889 0.8278186274509803 0.024509803921568627 0.011029411764705881
0 0.012254901960784314 0.8511029411764706 0.021241830065359478 0.023284313725490197
0 0.032679738562091505 0.8547794117647058 0.029411764705882353 0.025735294117647058
0 0.04656862745098039 0.8535539215686274 0.021241830065359478 0.025735294117647058
0 0.08006535947712419 0.8480392156862745 0.058823529411764705 0.03676470588235294
0 0.0727124183006536 0.8223039215686274 0.03431372549019608 0.014705882352941176
0 0.10130718954248366 0.8259803921568627 0.0196078431372549 0.014705882352941176
0 0.11356209150326797 0.8167892156862745 0.01797385620915033 0.011029411764705881
0 0.12418300653594772 0.8008578431372549 0.0196078431372549 0.01838235294117647
0 0.14297385620915032 0.8026960784313726 0.014705882352941176 0.022058823529411763
0 0.15849673202614378 0.8082107843137255 0.013071895424836602 0.015931372549019607
0 0.18627450980392157 0.8094362745098039 0.03594771241830066 0.04044117647058824
0 0.17238562091503268 0.8290441176470588 0.024509803921568627 0.01838235294117647
0 0.14787581699346405 0.8339460784313726 0.05392156862745098 0.04044117647058824
0 0.10866013071895425 0.8449754901960784 0.024509803921568627 0.020833333333333332
0 0.04656862745098039 0.8774509803921569 0.04084967320261438 0.014705882352941176
0 0.08251633986928104 0.8860294117647058 0.04411764705882353 0.03431372549019608
0 0.11683006535947713 0.8970588235294118 0.021241830065359478 0.024509803921568627
0 0.16258169934640523 0.9093137254901961 0.04411764705882353 0.029411764705882353
0 0.1503267973856209 0.9246323529411764 0.04575163398692811 0.023284313725490197
0 0.16911764705882354 0.8890931372549019 0.021241830065359478 0.020833333333333332
0 0.1968954248366013 0.9013480392156863 0.02777777777777778 0.030637254901960783
0 0.21323529411764708 0.9197303921568627 0.021241830065359478 0.025735294117647058
0 0.23937908496732027 0.9221813725490196 0.02777777777777778 0.028186274509803922
0 0.25326797385620914 0.9356617647058824 0.029411764705882353 0.020833333333333332
0 0.1854575163398693 0.9417892156862745 0.024509803921568627 0.028186274509803922
0 0.15604575163398693 0.9405637254901961 0.03431372549019608 0.013480392156862746
0 0.19607843137254902 0.9270833333333334 0.0196078431372549 0.015931372549019607
0 0.21568627450980393 0.9424019607843137 0.026143790849673203 0.0196078431372549
0 0.20751633986928106 0.9620098039215687 0.022875816993464054 0.024509803921568627
0 0.24183006535947713 0.960171568627451 0.049019607843137254 0.028186274509803922
0 0.031862745098039214 0.9221813725490196 0.024509803921568627 0.020833333333333332
0 0.015522875816993464 0.9436274509803921 0.021241830065359478 0.024509803921568627
0 0.04820261437908497 0.9430147058823529 0.04411764705882353 0.025735294117647058
0 0.08905228758169935 0.9338235294117647 0.03104575163398693 0.0196078431372549
0 0.08251633986928104 0.9497549019607843 0.03431372549019608 0.0196078431372549
0 0.11274509803921569 0.9485294117647058 0.022875816993464054 0.024509803921568627
0 0.008169934640522876 0.9638480392156863 0.013071895424836602 0.03553921568627451
0 0.026143790849673203 0.9724264705882353 0.026143790849673203 0.03308823529411765
0 0.05147058823529412 0.9620098039215687 0.03104575163398693 0.0196078431372549
0 0.08251633986928104 0.9669117647058824 0.02777777777777778 0.012254901960784314
0 0.10457516339869281 0.9650735294117647 0.026143790849673203 0.015931372549019607
0 0.12990196078431374 0.9595588235294118 0.024509803921568627 0.031862745098039214
0 0.15604575163398693 0.960171568627451 0.03104575163398693 0.028186274509803922
0 0.1895424836601307 0.9699754901960784 0.022875816993464054 0.025735294117647058
0 0.04656862745098039 0.9871323529411764 0.04738562091503268 0.025735294117647058
0 0.08333333333333334 0.9834558823529411 0.032679738562091505 0.015931372549019607
0 0.07924836601307189 0.9938725490196079 0.021241830065359478 0.012254901960784314
0 0.10866013071895425 0.9840686274509803 0.01797385620915033 0.01715686274509804
0 0.13480392156862744 0.9883578431372549 0.03104575163398693 0.023284313725490197
0 0.1642156862745098 0.9883578431372549 0.02777777777777778 0.023284313725490197
0 0.1919934640522876 0.991421568627451 0.03104575163398693 0.01715686274509804
0 0.21486928104575165 0.9877450980392156 0.024509803921568627 0.0196078431372549
0 0.26552287581699346 0.9822303921568627 0.024509803921568627 0.01838235294117647
0 0.2696078431372549 0.9895833333333334 0.06535947712418301 0.020833333333333332
0 0.14624183006535948 0.9785539215686274 0.014705882352941176 0.01838235294117647
0 0.008169934640522876 0.9136029411764706 0.013071895424836602 0.023284313725490197
0 0.011437908496732027 0.9950980392156863 0.0196078431372549 0.00980392156862745
0 0.8398692810457516 0.18137254901960784 0.05228758169934641 0.0392156862745098
0 0.8284313725490197 0.26409313725490197 0.05228758169934641 0.04779411764705882
0 0.9697712418300654 0.28799019607843135 0.04084967320261438 0.0392156862745098
0 0.9893790849673203 0.19791666666666666 0.021241830065359478 0.030637254901960783
0 0.9207516339869282 0.31433823529411764 0.03431372549019608 0.028186274509803922
0 0.9861111111111112 0.4528186274509804 0.02777777777777778 0.025735294117647058
0 0.9183006535947713 0.7506127450980392 0.03594771241830066 0.020833333333333332
0 0.9076797385620915 0.7285539215686274 0.024509803921568627 0.01838235294117647
0 0.9395424836601307 0.71875 0.026143790849673203 0.03308823529411765
