0 0.15522875816993464 0.4779411764705882 0.029411764705882353 0.0196078431372549
0 0.09313725490196079 0.5716911764705882 0.0196078431372549 0.023284313725490197
0 0.08415032679738563 0.5563725490196079 0.01797385620915033 0.029411764705882353
0 0.07679738562091504 0.5294117647058824 0.022875816993464054 0.024509803921568627
0 0.09722222222222222 0.5379901960784313 0.01797385620915033 0.022058823529411763
0 0.11437908496732027 0.5502450980392157 0.0196078431372549 0.02696078431372549
0 0.14215686274509803 0.5404411764705882 0.0196078431372549 0.024509803921568627
0 0.1576797385620915 0.522671568627451 0.01797385620915033 0.020833333333333332
0 0.1388888888888889 0.5153186274509803 0.022875816993464054 0.028186274509803922
0 0.12418300653594772 0.5251225490196079 0.016339869281045753 0.023284313725490197
