0 0.7769607843137255 0.7922794117647058 0.03758169934640523 0.025735294117647058
0 0.8308823529411765 0.8247549019607843 0.03431372549019608 0.01715686274509804
0 0.7908496732026145 0.8553921568627451 0.022875816993464054 0.022058823529411763
0 0.8267973856209151 0.8627450980392157 0.022875816993464054 0.022058823529411763
0 0.8071895424836601 0.8713235294117647 0.032679738562091505 0.014705882352941176
0 0.8186274509803921 0.8811274509803921 0.029411764705882353 0.014705882352941176
0 0.7998366013071896 0.8878676470588235 0.03104575163398693 0.028186274509803922
0 0.7834967320261438 0.8933823529411764 0.01797385620915033 0.022058823529411763
0 0.7549019607843137 0.9080882352941176 0.0196078431372549 0.024509803921568627
0 0.8055555555555556 0.9252450980392156 0.05555555555555556 0.03676470588235294
0 0.7753267973856209 0.914828431372549 0.021241830065359478 0.025735294117647058
0 0.7671568627450981 0.9301470588235294 0.021241830065359478 0.022058823529411763
0 0.7540849673202614 0.9393382352941176 0.024509803921568627 0.023284313725490197
0 0.7230392156862745 0.9724264705882353 0.021241830065359478 0.023284313725490197
0 0.755718954248366 0.9871323529411764 0.024509803921568627 0.025735294117647058
0 0.7785947712418301 0.9877450980392156 0.03104575163398693 0.01715686274509804
0 0.8709150326797386 0.9828431372549019 0.0392156862745098 0.03431372549019608
0 0.8325163398692811 0.9675245098039216 0.024509803921568627 0.025735294117647058
0 0.8390522875816994 0.9522058823529411 0.03104575163398693 0.014705882352941176
0 0.823529411764706 0.9522058823529411 0.0196078431372549 0.0196078431372549
0 0.8529411764705883 0.9632352941176471 0.0196078431372549 0.014705882352941176
0 0.8504901960784313 0.9301470588235294 0.021241830065359478 0.0196078431372549
0 0.8529411764705883 0.9160539215686274 0.0196078431372549 0.01838235294117647
0 0.8504901960784313 0.8707107843137255 0.03104575163398693 0.015931372549019607
0 0.8725490196078431 0.8792892156862745 0.022875816993464054 0.028186274509803922
0 0.857843137254902 0.8866421568627451 0.0196078431372549 0.020833333333333332
0 0.8562091503267975 0.9013480392156863 0.029411764705882353 0.015931372549019607
0 0.8799019607843137 0.9129901960784313 0.024509803921568627 0.022058823529411763
0 0.9665032679738562 0.8082107843137255 0.024509803921568627 0.028186274509803922
0 0.9722222222222222 0.8468137254901961 0.029411764705882353 0.022058823529411763
0 0.9877450980392157 0.8627450980392157 0.024509803921568627 0.022058823529411763
0 0.9705882352941176 0.8658088235294118 0.022875816993464054 0.023284313725490197
0 0.948529411764706 0.8572303921568627 0.02777777777777778 0.020833333333333332
0 0.9509803921568628 0.84375 0.026143790849673203 0.020833333333333332
0 0.934640522875817 0.8731617647058824 0.032679738562091505 0.015931372549019607
0 0.9093137254901961 0.8823529411764706 0.03104575163398693 0.01715686274509804
0 0.8921568627450981 0.9019607843137255 0.029411764705882353 0.03431372549019608
0 0.9566993464052288 0.8884803921568627 0.04084967320261438 0.024509803921568627
0 0.9787581699346406 0.8915441176470588 0.0196078431372549 0.023284313725490197
0 0.9910130718954249 0.9019607843137255 0.01797385620915033 0.024509803921568627
0 0.9689542483660131 0.9393382352941176 0.026143790849673203 0.03308823529411765
0 0.9852941176470589 0.9742647058823529 0.022875816993464054 0.024509803921568627
0 0.9714052287581699 0.9785539215686274 0.01797385620915033 0.023284313725490197
0 0.9566993464052288 0.985906862745098 0.024509803921568627 0.025735294117647058
0 0.934640522875817 0.9908088235294118 0.022875816993464054 0.01838235294117647
0 0.8676470588235294 0.9356617647058824 0.026143790849673203 0.023284313725490197
0 0.8913398692810458 0.9332107843137255 0.01797385620915033 0.025735294117647058
0 0.9068627450980392 0.9276960784313726 0.0196078431372549 0.022058823529411763
0 0.9101307189542484 0.9479166666666666 0.022875816993464054 0.023284313725490197
0 0.8978758169934641 0.9589460784313726 0.03431372549019608 0.025735294117647058
0 0.8856209150326798 0.96875 0.022875816993464054 0.020833333333333332
0 0.8766339869281046 0.9479166666666666 0.024509803921568627 0.023284313725490197
0 0.9264705882352942 0.9712009803921569 0.022875816993464054 0.025735294117647058
0 0.988562091503268 0.9424019607843137 0.022875816993464054 0.014705882352941176
0 0.9460784313725491 0.9473039215686274 0.0196078431372549 0.0196078431372549
0 0.9362745098039216 0.960171568627451 0.026143790849673203 0.015931372549019607
0 0.9656862745098039 0.960171568627451 0.029411764705882353 0.013480392156862746
0 0.9477124183006537 0.9730392156862745 0.022875816993464054 0.022058823529411763
